280.0 6.110660793597697e-05
280.01 7.141987242284684e-05
280.02 8.327766501073113e-05
280.03 9.687574789399791e-05
280.03999999999996 0.00011242871390138961
280.04999999999995 0.00013017085155848606
280.05999999999995 0.00015035689603028955
280.06999999999994 0.00017326263590826808
280.0799999999999 0.00019918534361524777
280.0899999999999 0.00022844399532910646
280.0999999999999 0.0002613792448656469
280.1099999999999 0.0002983531150096645
280.1199999999999 0.0003397483694400702
280.1299999999999 0.00038596752875831505
280.1399999999999 0.0004374314952938449
280.14999999999986 0.0004945777534136454
280.15999999999985 0.0005578581150825268
280.16999999999985 0.0006277359844700791
280.17999999999984 0.0007046831205250475
280.1899999999998 0.0007891758826626905
280.1999999999998 0.000881690952035229
280.2099999999998 0.0009827005292513892
280.2199999999998 0.0010926670188192778
280.2299999999998 0.0012120372209153314
280.2399999999998 0.0013412360622045323
280.2499999999998 0.0014806599091922146
280.25999999999976 0.0016306695197798558
280.26999999999975 0.0017915827010976445
280.27999999999975 0.0019636667540364502
280.28999999999974 0.0021471307969159184
280.2999999999997 0.002342118072097445
280.3099999999997 0.002548698349759481
280.3199999999997 0.0027668605521692746
280.3299999999997 0.0029965057292818138
280.3399999999997 0.0032374405220554495
280.3499999999997 0.0034893712531960507
280.3599999999997 0.0037518987858587514
280.36999999999966 0.004024514288919024
280.37999999999965 0.004306596042592708
280.38999999999965 0.004597407410315511
280.39999999999964 0.0048960960918301025
280.4099999999996 0.00520169475838956
280.4199999999996 0.005513123153963201
280.4299999999996 0.005829191726499044
280.4399999999996 0.006148606830911516
280.4499999999996 0.006469977520858495
280.4599999999996 0.0067918239199592275
280.4699999999996 0.007112587135363268
280.47999999999956 0.007430640648051005
280.48999999999955 0.007744303085516391
280.49999999999955 0.008051852254177793
280.50999999999954 0.008351540281627387
280.5199999999995 0.008641609693313604
280.5299999999995 0.00892031022509057
280.5399999999995 0.00918591615286898
280.5499999999995 0.009436743903922459
280.5599999999995 0.009671169701734057
280.5699999999995 0.009887646988021625
280.5799999999995 0.010084723362076437
280.58999999999946 0.010261056778998266
280.59999999999945 0.010415430754911388
280.60999999999945 0.010546768338776586
280.61999999999944 0.010654144626831811
280.6299999999994 0.010736797616732973
280.6399999999994 0.010794137223746706
280.6499999999994 0.010825752310379837
280.6599999999994 0.010831415613031366
280.6699999999994 0.010811086483955267
280.6799999999994 0.010764911403294098
280.6899999999994 0.010693222253407061
280.69999999999936 0.010596532385366834
280.70999999999935 0.010475530544529302
280.71999999999935 0.010331072757696442
280.72999999999934 0.010164172317839766
280.7399999999993 0.009975988032932006
280.7499999999993 0.009767810932523352
280.7599999999993 0.009541049648762194
280.7699999999993 0.009297214707167267
280.7799999999993 0.009037901976289604
280.7899999999993 0.008764775534258279
280.7999999999993 0.008479550214004724
280.80999999999926 0.008183974087747549
280.81999999999925 0.007879811145251553
280.82999999999925 0.0075688244097176895
280.83999999999924 0.007252759720280331
280.8499999999992 0.006933330391436216
280.8599999999992 0.006612202937828139
280.8699999999992 0.006290984028233346
280.8799999999992 0.005971208805976725
280.8899999999992 0.0056543306849377705
280.8999999999992 0.005341712701485404
280.9099999999992 0.005034620473680805
280.91999999999916 0.004734216790529682
280.92999999999915 0.00444155782649399
280.93999999999915 0.004157590950385698
280.94999999999914 0.0038831540735940594
280.9599999999991 0.0036189764607041514
280.9699999999991 0.003365680906232395
280.9799999999991 0.0031237871646413178
280.9899999999991 0.002893716507129123
280.9999999999991 0.002675797267973431
281.0099999999991 0.0024702712354254326
281.0199999999991 0.002277300737219842
281.02999999999906 0.0020969762685498446
281.03999999999905 0.001929324510670769
281.04999999999905 0.0017743165909194284
281.05999999999904 0.0016318764396193567
281.069999999999 0.0015018891058189944
281.079999999999 0.0013842089018069707
281.089999999999 0.001278667255593446
281.099999999999 0.0011850801607768942
281.109999999999 0.0011032551241855774
281.119999999999 0.001032997523168828
281.129999999999 0.0009741162962178568
281.13999999999896 0.0009264289025511936
281.14999999999895 0.000889765498268414
281.15999999999894 0.0008639722885501445
281.16999999999894 0.000848914027083626
281.1799999999989 0.0008444756453684518
281.1899999999989 0.0008505630057755557
281.1999999999989 0.0008671027831806662
281.2099999999989 0.0008940414906700179
281.2199999999989 0.0009313436752265288
281.2299999999989 0.0009789893194553842
281.2399999999989 0.0010369704953009146
281.24999999999886 0.0011052873253342326
281.25999999999885 0.0011839433165315124
281.26999999999884 0.001272940140476687
281.27999999999884 0.0013722719425497208
281.2899999999988 0.0014819192708207208
281.2999999999988 0.0016018427229568043
281.3099999999988 0.0017319764163372974
281.3199999999988 0.0018722213926189364
281.3299999999988 0.0020224390730358777
281.3399999999988 0.0021824448845882255
281.3499999999988 0.002352002179790532
281.35999999999876 0.0025308165736426975
281.36999999999875 0.0027185308207821625
281.37999999999874 0.0029147203532263856
281.38999999999874 0.003118889594589521
281.3999999999987 0.0033304691600589548
281.4099999999987 0.0035488140426855473
281.4199999999987 0.0037732028756594037
281.4299999999987 0.004002838347243423
281.4399999999987 0.00423684883000503
281.4499999999987 0.004474291269063374
281.4599999999987 0.004714155355451494
281.46999999999866 0.004955368990632787
281.47999999999865 0.0051968050270120745
281.48999999999864 0.005437289247295367
281.49999999999864 0.005675609523170866
281.5099999999986 0.005910526071431242
281.5199999999986 0.006140782703781516
281.5299999999986 0.006365118945636789
281.5399999999986 0.006582282879669592
281.5499999999986 0.006791044552164954
281.5599999999986 0.006990209764805743
281.5699999999986 0.007178634061728015
281.57999999999856 0.007355236711894398
281.58999999999855 0.007519014480314028
281.59999999999854 0.007669054978602798
281.60999999999854 0.007804549385967745
281.6199999999985 0.007924804335973718
281.6299999999985 0.0080292527723875
281.6399999999985 0.008117463588890435
281.6499999999985 0.00818914988232068
281.6599999999985 0.008244175667090984
281.6699999999985 0.008282560919198325
281.6799999999985 0.008304484841408652
281.68999999999846 0.008310287266324679
281.69999999999845 0.008300468140650085
281.70999999999844 0.008275685061548068
281.71999999999844 0.008236748864042121
281.7299999999984 0.00818461728641036
281.7399999999984 0.008120386767984404
281.7499999999984 0.008045282460209377
281.7599999999984 0.007960646556820343
281.7699999999984 0.007867925072156404
281.7799999999984 0.0077686532176358
281.7899999999984 0.007664439544981613
281.79999999999836 0.0075569490407089174
281.80999999999835 0.007447885369515087
281.81999999999834 0.007338972474471614
281.82999999999834 0.007231935749273542
281.8399999999983 0.007128483002290184
281.8499999999983 0.007030285433853579
281.8599999999983 0.006938958847234296
281.8699999999983 0.006856045310232754
281.8799999999983 0.0067829954784261876
281.8899999999983 0.006721151783037548
281.8999999999983 0.006671732676319629
281.90999999999826 0.0066358181154606176
281.91999999999825 0.006614336452493825
281.92999999999824 0.00660805288270052
281.93999999999824 0.0066175595876824455
281.9499999999982 0.006643267691786275
281.9599999999982 0.006685401132007926
281.9699999999982 0.00674399252200047
281.9799999999982 0.006818881070456995
281.9899999999982 0.006909712593037687
281.9999999999982 0.007015941635259284
282.0099999999982 0.007136835701474635
282.01999999999816 0.007271481562364138
282.02999999999815 0.007418793590384394
282.03999999999814 0.0075775240495426464
282.04999999999814 0.0077462752428877815
282.0599999999981 0.007923513398461202
282.0699999999981 0.008107584152396576
282.0799999999981 0.008296729466689875
282.0899999999981 0.008489105799200855
282.0999999999981 0.008682803325036193
282.1099999999981 0.008875865991958746
282.1199999999981 0.0090663121782276
282.12999999999806 0.009252155709654701
282.13999999999805 0.009431426984003385
282.14999999999804 0.009602193945459858
282.15999999999804 0.009762582650046772
282.169999999998 0.009910797164730402
282.179999999998 0.01004513854874705
282.189999999998 0.010164022675413203
282.199999999998 0.01026599666637858
282.209999999998 0.010349753727835233
282.219999999998 0.010414146199422582
282.229999999998 0.010458196651190958
282.23999999999796 0.010481106891640425
282.24999999999795 0.01048226478009167
282.25999999999794 0.010461248768952804
282.26999999999794 0.010417830135239276
282.2799999999979 0.010351972895354866
282.2899999999979 0.010263831431988155
282.2999999999979 0.010153745896342225
282.3099999999979 0.010022235482118945
282.3199999999979 0.009869989699064396
282.3299999999979 0.00969785780282714
282.3399999999979 0.009506836563816951
282.34999999999786 0.00929805658017706
282.35999999999785 0.00907276735847812
282.36999999999784 0.00883232139997808
282.37999999999784 0.008578157540040892
282.3899999999978 0.008311783793444496
282.3999999999978 0.00803475995881823
282.4099999999978 0.007748680231420847
282.4199999999978 0.0074551560650935825
282.4299999999978 0.007155799511784187
282.4399999999978 0.006852207250908582
282.4499999999978 0.006545945501442131
282.45999999999776 0.006238535987517564
282.46999999999775 0.005931443104002602
282.47999999999774 0.005626062402618162
282.48999999999774 0.0053237104922330605
282.4999999999977 0.005025616419627136
282.5099999999977 0.004732914569828959
282.5199999999977 0.0044466390986539215
282.5299999999977 0.004167719884797632
282.5399999999977 0.003896979965228982
282.5499999999977 0.003635134396065934
282.5599999999977 0.0033827904619251224
282.56999999999766 0.003140449140161542
282.57999999999765 0.002908507712629851
282.58999999999764 0.0026872634067027262
282.59999999999764 0.0024769179393008688
282.6099999999976 0.0022775828325819363
282.6199999999976 0.0020892853675982303
282.6299999999976 0.0019119750425060922
282.6399999999976 0.00174553040458724
282.6499999999976 0.001589766130178899
282.6599999999976 0.0014444402333309118
282.6699999999976 0.0013092612923197326
282.67999999999756 0.0011838955927453518
282.68999999999755 0.0010679740965093573
282.69999999999754 0.0009610991572174727
282.70999999999754 0.0008628509141770314
282.7199999999975 0.0007727933088967176
282.7299999999975 0.0006904796795935129
282.7399999999975 0.0006154579004486635
282.7499999999975 0.0005472750430392285
282.7599999999975 0.0004854815473450189
282.7699999999975 0.0004296348988655303
282.7799999999975 0.00037930281658328844
282.78999999999746 0.00033406596371543307
282.79999999999745 0.0002935201993702886
282.80999999999744 0.0002572783943629765
282.81999999999744 0.0002249718385606739
282.8299999999974 0.00019625127026166712
282.8399999999974 0.00017078756031808383
282.8499999999974 0.00014827208505932056
282.8599999999974 0.00012841682264156596
282.8699999999974 0.00011095420732561368
282.8799999999974 9.563677546182918e-05
282.88999999999737 8.223663573062862e-05
282.89999999999736 7.054479454114439e-05
282.90999999999735 6.037036551877768e-05
282.91999999999734 5.153968979815865e-05
282.92999999999734 4.389539145947904e-05
282.9399999999973 3.729538997383358e-05
282.9499999999973 3.161188901974666e-05
282.9599999999973 2.673035855278087e-05
282.9699999999973 2.2548524598898316e-05
282.9799999999973 1.8975378937625e-05
282.9899999999973 1.5930218672630996e-05
282.99999999999727 1.3341723677160206e-05
283.00999999999726 1.1147078065022816e-05
283.01999999999725 9.291140183624118e-06
283.02999999999724 7.725664157335031e-06
283.03999999999724 6.408574726358357e-06
283.0499999999972 5.30329602318032e-06
283.0599999999972 4.37813399766173e-06
283.0699999999972 3.605711432348831e-06
283.0799999999972 2.9624538694367965e-06
283.0899999999972 2.428124286598821e-06
283.0999999999972 1.985403996549188e-06
283.10999999999717 1.619516990486498e-06
283.11999999999716 1.3178947843860436e-06
283.12999999999715 1.0698787458773864e-06
283.13999999999714 8.664568652723946e-07
283.14999999999714 7.000319752109769e-07
283.1599999999971 5.642185083923966e-07
283.1699999999971 4.536650020732433e-07
283.1799999999971 3.638997026716517e-07
283.1899999999971 2.911967862693704e-07
283.1999999999971 2.324608844809153e-07
283.2099999999971 1.8512778452439008e-07
283.21999999999707 1.4707935280439508e-07
283.22999999999706 1.1657090920620016e-07
283.23999999999705 9.216945169671706e-08
283.24999999999704 7.270129552849187e-08
283.25999999999704 5.720784675637505e-08
283.269999999997 4.49083748355083e-08
283.279999999997 3.516878314785734e-08
283.289999999997 2.74754991410405e-08
283.299999999997 2.1413717389946753e-08
283.309999999997 1.6649329571861984e-08
283.319999999997 1.2913965518363499e-08
283.32999999999697 9.992649738404091e-09
283.33999999999696 7.713648749742697e-09
283.34999999999695 5.940146915595315e-09
283.35999999999694 4.5634429899880555e-09
283.36999999999694 3.4974069608118053e-09
283.3799999999969 2.6739777607070205e-09
283.3899999999969 2.039517680919484e-09
283.3999999999969 1.5518695225985603e-09
283.4099999999969 1.1779882599519827e-09
283.4199999999969 8.92040828646703e-10
283.4299999999969 6.738860997424336e-10
283.43999999999687 5.078626135901232e-10
283.44999999999686 3.818246405116534e-10
283.45999999999685 2.8637797049040995e-10
283.46999999999684 2.1427583392267476e-10
283.47999999999683 1.5994280086163698e-10
283.4899999999968 1.1910064148184223e-10
283.4999999999968 8.847516674713625e-11
283.5099999999968 6.556718667780218e-11
283.5199999999968 4.8474078873442566e-11
283.5299999999968 3.5751183400453454e-11
283.5399999999968 2.6304442732136298e-11
283.54999999999677 1.93074803603208e-11
283.55999999999676 1.4137736937751227e-11
283.56999999999675 1.0327423241603573e-11
283.57999999999674 7.52595861872124e-12
283.58999999999673 5.471286207553532e-12
283.5999999999967 3.968028523413148e-12
283.6099999999967 2.8708986944695664e-12
283.6199999999967 2.072137966091088e-12
283.6299999999967 1.4920286863028838e-12
283.6399999999967 1.0717496994358107e-12
283.6499999999967 7.680106585124768e-13
283.65999999999667 5.490334329812282e-13
283.66999999999666 3.9155068697932436e-13
283.67999999999665 2.785703129594489e-13
283.68999999999664 1.9771485692345916e-13
283.69999999999663 1.3999141284174807e-13
283.7099999999966 9.888287747941538e-14
283.7199999999966 6.967843552854815e-14
283.7299999999966 4.898163421337341e-14
283.7399999999966 3.434991951657548e-14
283.7499999999966 2.4031215565218793e-14
283.7599999999966 1.6771940222436506e-14
283.76999999999657 1.1677460664534679e-14
283.77999999999656 8.110937410322226e-15
283.78999999999655 5.62019269932085e-15
283.79999999999654 3.884980754695494e-15
283.80999999999653 2.679069842512924e-15
283.8199999999965 1.8430481784877814e-15
283.8299999999965 1.2648726994723298e-15
283.8399999999965 8.659930738003661e-16
283.8499999999965 5.91479200141177e-16
283.8599999999965 4.0301571807471295e-16
283.8699999999965 2.7394408757983955e-16
283.87999999999647 1.8576303979493657e-16
283.88999999999646 1.2566493405363942e-16
283.89999999999645 8.480594892329968e-17
283.90999999999644 5.709471784813353e-17
283.91999999999643 3.834625341720111e-17
283.9299999999964 2.569255707839667e-17
283.9399999999964 1.7173115796293408e-17
283.9499999999964 1.145112708077248e-17
283.9599999999964 7.61736435973955e-18
283.9699999999964 5.0549699208902055e-18
283.9799999999964 3.346491793889043e-18
283.98999999999637 2.2101323806190848e-18
283.99999999999636 1.4561433690655767e-18
284.00999999999635 9.570779367249137e-19
284.01999999999634 6.275492038774687e-19
284.02999999999633 4.104928188572811e-19
284.0399999999963 2.67867879734498e-19
284.0499999999963 1.7437852657408206e-19
284.0599999999963 1.1324594167023574e-19
284.0699999999963 7.336848709400951e-20
284.0799999999963 4.7419147878289715e-20
284.0899999999963 3.057420585559005e-20
284.09999999999627 1.9665902258604438e-20
284.10999999999626 1.261914153646023e-20
284.11999999999625 8.077983908056121e-21
284.12999999999624 5.158618203002399e-21
284.13999999999623 3.2864044688806494e-21
284.1499999999962 2.088650891064921e-21
284.1599999999962 1.3242436805584287e-21
284.1699999999962 8.375816738721775e-22
284.1799999999962 5.284983324771638e-22
284.1899999999962 3.3267277996560137e-22
284.1999999999962 2.0890464580109956e-22
284.20999999999617 1.3086879632674374e-22
284.21999999999616 8.17864373068145e-23
284.22999999999615 5.0989838842182466e-23
284.23999999999614 3.171342510302261e-23
284.24999999999613 1.9677042050365e-23
284.2599999999961 1.2179616881132384e-23
284.2699999999961 7.520809436542845e-24
284.2799999999961 4.632897368718629e-24
284.2899999999961 2.8470684364341787e-24
284.2999999999961 1.745421255666678e-24
284.3099999999961 1.0674799722040802e-24
284.31999999999607 6.512928744949259e-25
284.32999999999606 3.9641495358016635e-25
284.33999999999605 2.4070263018753245e-25
284.34999999999604 1.4580376663739688e-25
284.35999999999603 8.810767606490149e-26
284.369999999996 5.311483534860556e-26
284.379999999996 3.194294972710964e-26
284.389999999996 1.916422569338554e-26
284.399999999996 1.147003151740052e-26
284.409999999996 6.848493005365853e-27
284.419999999996 4.0792703424808725e-27
284.42999999999597 2.4239687739650223e-27
284.43999999999596 1.4369068352987434e-27
284.44999999999595 8.497423294784886e-28
284.45999999999594 5.01306046793779e-28
284.46999999999593 2.9503645209130504e-28
284.4799999999959 1.7322295774164893e-28
284.4899999999959 1.01459392510245e-28
284.4999999999959 5.928380855724001e-29
284.5099999999959 3.455707385466074e-29
284.5199999999959 2.0095316400233218e-29
284.5299999999959 1.1657616230268882e-29
284.53999999999587 6.746548925045992e-30
284.54999999999586 3.8950281829022165e-30
284.55999999999585 2.24334744307757e-30
284.56999999999584 1.2889601187638662e-30
284.57999999999583 7.388213179704306e-31
284.5899999999958 4.22470463234125e-31
284.5999999999958 2.4099624452065948e-31
284.6099999999958 1.3714538138575235e-31
284.6199999999958 7.785904672282398e-32
284.6299999999958 4.409546817046897e-32
284.6399999999958 2.4913561180854356e-32
284.64999999999577 1.404218326443179e-32
284.65999999999576 7.895696252318288e-33
284.66999999999575 4.4289746559934044e-33
284.67999999999574 2.478408676084198e-33
284.68999999999573 1.3835651244376725e-33
284.6999999999957 7.705188153773899e-34
284.7099999999957 4.280789213816369e-34
284.7199999999957 2.3725828635368925e-34
284.7299999999957 1.3118249358885916e-34
284.7399999999957 7.235812733249598e-35
284.7499999999957 3.981582290416288e-35
284.75999999999567 2.1856519837281728e-35
284.76999999999566 1.1969148676985934e-35
284.77999999999565 6.538866095962151e-36
284.78999999999564 3.5636788137813905e-36
284.79999999999563 1.9375440841279728e-36
284.8099999999956 1.0509003905106797e-36
284.8199999999956 5.686282535827205e-37
284.8299999999956 3.0693911316646375e-37
284.8399999999956 1.6528481204777244e-37
284.8499999999956 8.879133279098743e-38
284.8599999999956 4.758445629850765e-38
284.86999999999557 2.5439967667342337e-38
284.87999999999556 1.3568283309091287e-38
284.88999999999555 7.219217948343488e-39
284.89999999999554 3.831883554947476e-39
284.90999999999553 2.029043462408333e-39
284.9199999999955 1.0718334120148103e-39
284.9299999999955 5.6483308112675124e-40
284.9399999999955 2.969407818924687e-40
284.9499999999955 1.5573149701778952e-40
284.9599999999955 8.147792384999951e-41
284.9699999999955 4.2526567727282296e-41
284.97999999999547 2.2143057702644322e-41
284.98999999999546 1.1501956722019503e-41
284.99999999999545 5.960226205873552e-42
285.00999999999544 3.0811343096158814e-42
285.01999999999543 1.588968871213094e-42
285.0299999999954 8.174797774821671e-43
285.0399999999954 4.195613889174367e-43
285.0499999999954 2.148181025955889e-43
285.0599999999954 1.0972437143813395e-43
285.0699999999954 5.591034709850283e-44
285.0799999999954 2.842092016346486e-44
285.08999999999537 1.4412553697822489e-44
285.09999999999536 7.291226634168118e-45
285.10999999999535 3.679739804133058e-45
285.11999999999534 1.852637605787335e-45
285.12999999999533 9.30509239798029e-46
285.1399999999953 4.6623809182301936e-46
285.1499999999953 2.3305137070680416e-46
285.1599999999953 1.162123852224588e-46
285.1699999999953 5.78109373581319e-47
285.1799999999953 2.8689597031368746e-47
285.1899999999953 1.4203511414327462e-47
285.19999999999527 7.014938025067459e-48
285.20999999999526 3.4562789655051264e-48
285.21999999999525 1.6988325449512777e-48
285.22999999999524 8.330080318176544e-49
285.23999999999523 4.074784415122175e-49
285.2499999999952 1.988460248554055e-49
285.2599999999952 9.680237623371703e-50
285.2699999999952 4.701234875414117e-50
285.2799999999952 2.277690471919054e-50
285.2899999999952 1.1008655570540085e-50
285.2999999999952 5.3079971975767074e-51
285.30999999999517 2.553194533924153e-51
285.31999999999516 1.2251632067739755e-51
285.32999999999515 5.864902588750799e-52
285.33999999999514 2.800815341083462e-52
285.34999999999513 1.3343352661415974e-52
285.3599999999951 6.341649945487856e-53
285.3699999999951 3.006743485010485e-53
285.3799999999951 1.4221562103969208e-53
285.3899999999951 6.710502382503113e-54
285.3999999999951 3.158781425148964e-54
285.4099999999951 1.483340733103554e-54
285.41999999999507 6.948948217160377e-55
285.42999999999506 3.247536433602004e-55
285.43999999999505 1.514069432495652e-55
285.44999999999504 7.041972953839882e-56
285.45999999999503 3.2673805113150383e-56
285.469999999995 1.5123833068392997e-56
285.479999999995 6.98362376175042e-57
285.489999999995 3.2170409547713207e-57
285.499999999995 1.478390425524427e-57
285.509999999995 6.777639847239972e-58
285.519999999995 3.099735428166302e-58
285.52999999999497 1.4142544668920169e-58
285.53999999999496 6.437055928322551e-59
285.54999999999495 2.9228316141706997e-59
285.55999999999494 1.3239668127514747e-59
285.56999999999493 5.982837263828942e-60
285.5799999999949 2.697081487526053e-60
285.5899999999949 1.2129355703987773e-60
285.5999999999949 5.441744934023855e-61
285.6099999999949 2.4355408326850184e-61
285.6199999999949 1.0874503356155364e-61
285.6299999999949 4.843733387818006e-62
285.63999999999487 2.15232480254745e-62
285.64999999999486 9.540962098224119e-63
285.65999999999485 4.219231066558778e-63
285.66999999999484 1.861363649133562e-63
285.67999999999483 8.191924175850399e-64
285.6899999999948 3.59664352871526e-64
285.6999999999948 1.575308600465977e-64
285.7099999999948 6.883204410056811e-65
285.7199999999948 3.0003537613316325e-65
285.7299999999948 1.304701116506839e-65
285.7399999999948 5.659868962941446e-66
285.74999999999477 2.4493931027463116e-66
285.75999999999476 1.0574683439779665e-66
285.76999999999475 4.554419497661986e-67
285.77999999999474 1.956840615586568e-67
285.78999999999473 8.387540805907935e-68
285.7999999999947 3.586498105939448e-68
285.8099999999947 1.529901013749003e-68
285.8199999999947 6.510477241082756e-69
285.8299999999947 2.76387936231628e-69
285.8399999999947 1.1705288053260124e-69
285.8499999999947 4.945405324654166e-70
285.85999999999467 2.0843874120533512e-70
285.86999999999466 8.764189388609964e-71
285.87999999999465 3.676222829230173e-71
285.88999999999464 1.5383269999223051e-71
285.89999999999463 6.421733196254667e-72
285.9099999999946 2.6743153251766484e-72
285.9199999999946 1.1110400829259738e-72
285.9299999999946 4.604723951979112e-73
285.9399999999946 1.90385658411049e-73
285.9499999999946 7.852747221354336e-74
285.9599999999946 3.2312142980208576e-74
285.96999999999457 1.326376021223973e-74
285.97999999999456 5.431556696920149e-75
285.98999999999455 2.21890509453145e-75
285.99999999999454 9.042945041921917e-76
286.00999999999453 3.676527418260958e-76
286.0199999999945 1.491153938001125e-76
286.0299999999945 6.033424782287004e-77
286.0399999999945 2.4353538825199593e-77
286.0499999999945 9.80656708985208e-78
286.0599999999945 3.939387301937302e-78
286.0699999999945 1.5786909078190577e-78
286.07999999999447 6.311350283524939e-79
286.08999999999446 2.5171216800240638e-79
286.09999999999445 1.0014813928836269e-79
286.10999999999444 3.9750107474173255e-80
286.11999999999443 1.5739483525053392e-80
286.1299999999944 6.21726522523256e-81
286.1399999999944 2.449994211846085e-81
286.1499999999944 9.63135671940677e-82
286.1599999999944 3.7771708013054075e-82
286.1699999999944 1.4777552961592416e-82
286.1799999999944 5.767600487907286e-83
286.18999999999437 2.2456628758760644e-83
286.19999999999436 8.722695117213853e-84
286.20999999999435 3.37997563525485e-84
286.21999999999434 1.3065715255461474e-84
286.22999999999433 5.0385961596921354e-85
286.2399999999943 1.9383966715360454e-85
286.2499999999943 7.439307339536045e-86
286.2599999999943 2.848256439184176e-86
286.2699999999943 1.0878835642054529e-86
286.2799999999943 4.1451713079203805e-87
286.2899999999943 1.5756483218771037e-87
286.29999999999427 5.974930234439774e-88
286.30999999999426 2.2602845955967075e-88
286.31999999999425 8.530021985478728e-89
286.32999999999424 3.211396385437565e-89
286.33999999999423 1.2061308224138013e-89
286.3499999999942 4.519096915586007e-90
286.3599999999942 1.6891399430106083e-90
286.3699999999942 6.298488565271216e-91
286.3799999999942 2.342954179144785e-91
286.3899999999942 8.694567458995558e-92
286.3999999999942 3.2187622810040575e-92
286.40999999999417 1.1887391359926774e-92
286.41999999999416 4.379665614033962e-93
286.42999999999415 1.6097264530180314e-93
286.43999999999414 5.902281829548421e-94
286.44999999999413 2.158959716251038e-94
286.4599999999941 7.878179447660484e-95
286.4699999999941 2.867899526524725e-95
286.4799999999941 1.041498692014585e-95
286.4899999999941 3.773203758343509e-96
286.4999999999941 1.3636989949123391e-96
286.5099999999941 4.916811002515925e-97
286.51999999999407 1.7685007204076484e-97
286.52999999999406 6.3457608216351e-98
286.53999999999405 2.2715321525738146e-98
286.54999999999404 8.111679985496836e-99
286.55999999999403 2.889744596076355e-99
286.569999999994 1.0269867539642153e-99
286.579999999994 3.6410526108066556e-100
286.589999999994 1.287792218017469e-100
286.599999999994 4.5438226096415554e-101
286.609999999994 1.5993873971305765e-101
286.619999999994 5.616201744203654e-102
286.62999999999397 1.9673809394736054e-102
286.63999999999396 6.875288831817711e-103
286.64999999999395 2.3969013733369313e-103
286.65999999999394 8.336161292771633e-104
286.66999999999393 2.892269659255147e-104
286.6799999999939 1.0010786105233193e-104
286.6899999999939 3.4566412636916013e-105
286.6999999999939 1.1906857749027026e-105
286.7099999999939 4.09163370305482e-106
286.7199999999939 1.4026620795050696e-106
286.7299999999939 4.796959939251838e-107
286.73999999999387 1.6365747762195008e-107
286.74999999999386 5.5700916507489444e-108
286.75999999999385 1.8912352541349267e-108
286.76999999999384 6.405978758549294e-109
286.77999999999383 2.164622453811495e-109
286.7899999999938 7.29685219373196e-110
286.7999999999938 2.4538367382850614e-110
286.8099999999938 8.232135387245106e-111
286.8199999999938 2.7550917665870702e-111
286.8299999999938 9.198486132456832e-112
286.8399999999938 3.0637503314159626e-112
286.84999999999377 1.0179984308485603e-112
286.85999999999376 3.3744078271692183e-113
286.86999999999375 1.1158472684763296e-113
286.87999999999374 3.681024118409336e-114
286.88999999999373 1.2114048125411495e-114
286.8999999999937 3.9771012676626744e-115
286.9099999999937 1.3025689670632718e-115
286.9199999999937 4.2559011050307695e-116
286.9299999999937 1.3871999060792143e-116
286.9399999999937 4.510693274516399e-117
286.9499999999937 1.4632019255708476e-117
286.95999999999367 4.735021484007817e-118
286.96999999999366 1.5286088358637124e-118
286.97999999999365 4.9229735130344804e-119
286.98999999999364 1.5816680951834644e-119
286.99999999999363 5.069439341484925e-120
287.0099999999936 1.620918685514474e-120
287.0199999999936 5.170341721481058e-121
287.0299999999936 1.6452579108170294e-121
287.0399999999936 5.222824689688043e-122
287.0499999999936 1.6539928581039975e-122
287.0599999999936 5.2253878601029596e-123
287.06999999999357 1.6468731702095675e-123
287.07999999999356 5.177957685152146e-124
287.08999999999355 1.6241029670735186e-124
287.09999999999354 5.08189096175687e-125
287.10999999999353 1.5863311233483798e-125
287.1199999999935 4.9399103491214484e-126
287.1299999999935 1.53462054858632e-126
287.1399999999935 4.755976174976896e-127
287.1499999999935 1.4703984996620492e-127
287.1599999999935 4.5351029534461605e-128
287.1699999999935 1.3953911666136072e-128
287.17999999999347 4.2831324748270713e-129
287.18999999999346 1.3115467136717978e-129
287.19999999999345 4.006477782394242e-130
287.20999999999344 1.220951555397205e-130
287.21999999999343 3.711853649911952e-131
287.2299999999934 1.1257448662209765e-131
287.2399999999934 3.406009255653399e-132
287.2499999999934 1.0280361596321798e-132
287.2599999999934 3.0954776691659062e-133
287.2699999999934 9.298302651722983e-134
287.2799999999934 2.7863546842796206e-134
287.28999999999337 8.329632413690168e-135
287.29999999999336 2.484116686016017e-135
287.30999999999335 7.390517761526985e-136
287.31999999999334 2.1934839220943984e-136
287.32999999999333 6.494575397893232e-137
287.3399999999933 1.9183320724464796e-137
287.3499999999933 5.652668662763405e-138
287.3599999999933 1.6616516696656307e-138
287.3699999999933 4.872851358207164e-139
287.3799999999933 1.4255519750297861e-139
287.3899999999933 4.16044384993833e-140
287.39999999999327 1.2113035515323515e-140
287.40999999999326 3.518220319375579e-141
287.41999999999325 1.0194121156962483e-141
287.42999999999324 2.946681968049036e-142
287.43999999999323 8.497153353116587e-143
287.4499999999932 2.4443892393460156e-143
287.4599999999932 7.014940409615596e-144
287.4699999999932 2.0083265285433184e-144
287.4799999999932 5.735897471120187e-145
287.4899999999932 1.6342750489369244e-145
287.4999999999932 4.645213038811986e-146
287.50999999999317 1.3171730558618493e-146
287.51999999999316 3.7259477081826145e-147
287.52999999999315 1.051447004942879e-147
287.53999999999314 2.9600206196033612e-148
287.54999999999313 8.313019510790542e-149
287.5599999999931 2.3290541099553256e-149
287.5699999999931 6.509641507866402e-150
287.5799999999931 1.8150612332825885e-150
287.5899999999931 5.048730687568032e-151
287.5999999999931 1.4009732522116581e-151
287.6099999999931 3.878235677665297e-152
287.61999999999307 1.071014290708077e-152
287.62999999999306 2.9506184171119095e-153
287.63999999999305 8.109378039301509e-154
287.64999999999304 2.2234059267546933e-154
287.65999999999303 6.081443634474753e-155
287.669999999993 1.6594009224764734e-155
287.679999999993 4.5170269623114433e-156
287.689999999993 1.2266220091378648e-156
287.699999999993 3.3229632418671385e-157
287.709999999993 8.980428008235738e-158
287.719999999993 2.4211698006609777e-158
287.72999999999297 6.511936770502138e-159
287.73999999999296 1.7472369912922287e-159
287.74999999999295 4.6768147785487025e-160
287.75999999999294 1.2488355093107716e-160
287.76999999999293 3.326725915006924e-161
287.7799999999929 8.840676875901608e-162
287.7899999999929 2.3437469906644128e-162
287.7999999999929 6.198586285399493e-163
287.8099999999929 1.6354274700031624e-163
287.8199999999929 4.304538921300377e-164
287.8299999999929 1.1302608983030064e-164
287.83999999999287 2.960652807047918e-165
287.84999999999286 7.736650393265375e-166
287.85999999999285 2.016857324950296e-166
287.86999999999284 5.245103888565224e-167
287.87999999999283 1.3607856651821349e-167
287.8899999999928 3.52194094839785e-168
287.8999999999928 9.093501178826131e-169
287.9099999999928 2.3422696874608037e-169
287.9199999999928 6.018654059634546e-170
287.9299999999928 1.542831787887424e-170
287.9399999999928 3.9454313212842567e-171
287.94999999999277 1.0065308964518802e-171
287.95999999999276 2.561630266746578e-172
287.96999999999275 6.503729863627579e-173
287.97999999999274 1.6472717683598947e-173
287.98999999999273 4.162217100804922e-174
287.9999999999927 1.0491580464774689e-174
288.0099999999927 2.638237049832882e-175
288.0199999999927 6.618253940309723e-176
288.0299999999927 1.6562647210083303e-176
288.0399999999927 4.134974049674273e-177
288.0499999999927 1.029846596053619e-177
288.05999999999267 2.5587567412030875e-178
288.06999999999266 6.342232726001786e-179
288.07999999999265 1.568238317899353e-179
288.08999999999264 3.868464896017252e-180
288.09999999999263 9.51967170852483e-181
288.1099999999926 2.337017667023007e-181
288.1199999999926 5.723461048513959e-182
288.1299999999926 1.3983380642533414e-182
288.1399999999926 3.408178560784271e-183
288.1499999999926 8.286844942927475e-184
288.1599999999926 2.010077477380296e-184
288.16999999999257 4.8639947122056824e-185
288.17999999999256 1.1741676287340162e-185
288.18999999999255 2.8276380929343948e-186
288.19999999999254 6.793197739996649e-187
288.20999999999253 1.628101217817707e-187
288.2199999999925 3.8926491129124415e-188
288.2299999999925 9.284656185157636e-189
288.2399999999925 2.2092410618799635e-189
288.2499999999925 5.244174069587261e-190
288.2599999999925 1.2418461714005075e-190
288.2699999999925 2.933696741286484e-191
288.27999999999247 6.913840334309553e-192
288.28999999999246 1.6254745907251387e-192
288.29999999999245 3.812393635495288e-193
288.30999999999244 8.920146731092595e-194
288.31999999999243 2.082106655555882e-194
288.3299999999924 4.8483130960015015e-195
288.3399999999924 1.1262506517742352e-195
288.3499999999924 2.6099738983317414e-196
288.3599999999924 6.033842703990392e-197
288.3699999999924 1.39158108231965e-197
288.3799999999924 3.201693537416273e-198
288.38999999999237 7.348652549365825e-199
288.39999999999236 1.6826445381062534e-199
288.40999999999235 3.843560819121973e-200
288.41999999999234 8.758542595040381e-201
288.42999999999233 1.991070539956767e-201
288.4399999999923 4.515420059915202e-202
288.4499999999923 1.0215658837336204e-202
288.4599999999923 2.3056390273677126e-203
288.4699999999923 5.191262143954239e-204
288.4799999999923 1.16603427519722e-204
288.4899999999923 2.6128013046123225e-205
288.49999999999227 5.840609400369387e-206
288.50999999999226 1.302466773673882e-206
288.51999999999225 2.897556107524126e-207
288.52999999999224 6.430633617486894e-208
288.53999999999223 1.4237455835565224e-208
288.5499999999922 3.1446167569272627e-209
288.5599999999922 6.928827827921886e-210
288.5699999999922 1.5230302398068467e-210
288.5799999999922 3.339750271908957e-211
288.5899999999922 7.305941197038012e-212
288.5999999999922 1.594391835957221e-212
288.60999999999217 3.471128267853704e-213
288.61999999999216 7.538813051429705e-214
288.62999999999215 1.6333979118899922e-214
288.63999999999214 3.5305123031607963e-215
288.64999999999213 7.612725554208507e-216
288.6599999999921 1.637567944196101e-216
288.6699999999921 3.514108723924982e-217
288.6799999999921 7.522942991177361e-218
288.6899999999921 1.6066343877754135e-218
288.6999999999921 3.422969712945206e-219
288.7099999999921 7.275213880524307e-220
288.71999999999207 1.5425710809300722e-220
288.72999999999206 3.2628816069450656e-221
288.73999999999205 6.88516190292101e-222
288.74999999999204 1.4493848218700496e-222
288.75999999999203 3.0437569604507755e-223
288.769999999992 6.3766553573811505e-224
288.779999999992 1.3327007100322629e-224
288.789999999992 2.778619145422297e-225
288.799999999992 5.7793916896154226e-226
288.809999999992 1.1992008980653338e-226
288.819999999992 2.4823240310335845e-227
288.82999999999197 5.126036671754399e-228
288.83999999999196 1.0559945007686668e-228
288.84999999999195 2.170192782893875e-229
288.85999999999194 4.449299939841988e-230
288.86999999999193 9.100007770510662e-231
288.8799999999919 1.8567291387746104e-231
288.8899999999919 3.779305970465043e-232
288.8999999999919 7.674185001856334e-233
288.9099999999919 1.5545660751851823e-233
288.9199999999919 3.1415416213931907e-234
288.9299999999919 6.333345205439904e-235
288.93999999999187 1.2737383158291358e-235
288.94999999999186 2.5555476111252404e-236
288.95999999999185 5.114986010067185e-237
288.96999999999184 1.0213195244885538e-237
288.97999999999183 2.0343961669939077e-238
288.9899999999918 4.042649913978599e-239
288.9999999999918 8.014075862070152e-240
289.0099999999918 1.584883977498042e-240
289.0199999999918 3.126786375830081e-241
289.0299999999918 6.1539740045317154e-242
289.0399999999918 1.2082861965473749e-242
289.04999999999177 2.366686215146517e-243
289.05999999999176 4.6245370013731e-244
289.06999999999175 9.014726318423757e-245
289.07999999999174 1.7530469373211727e-245
289.08999999999173 3.4008795656384193e-246
289.0999999999917 6.581815002309886e-247
289.1099999999917 1.2707402907123056e-247
289.1199999999917 2.4475109258795288e-248
289.1299999999917 4.702720724929672e-249
289.1399999999917 9.014267634366402e-250
289.1499999999917 1.7237267366398948e-250
289.15999999999167 3.2882368958296356e-251
289.16999999999166 6.2576963905528315e-252
289.17999999999165 1.1880168182095469e-252
289.18999999999164 2.2500252895423664e-253
289.19999999999163 4.251174385419626e-254
289.2099999999916 8.012852555395995e-255
289.2199999999916 1.506683709239333e-255
289.2299999999916 2.8262706201430364e-256
289.2399999999916 5.2888604185496685e-257
289.2499999999916 9.873410121701606e-258
289.2599999999916 1.8387765600721047e-258
289.26999999999157 3.4162327427442057e-259
289.27999999999156 6.3317338732193895e-260
289.28999999999155 1.1707241173414438e-260
289.29999999999154 2.1594501716378914e-261
289.30999999999153 3.973640008738836e-262
289.3199999999915 7.294416583132038e-263
289.3299999999915 1.3358242239531847e-263
289.3399999999915 2.4404211342397846e-264
289.3499999999915 4.447714992296869e-265
289.3599999999915 8.086597604633616e-266
289.3699999999915 1.466734223780649e-266
289.37999999999147 2.653956061661238e-267
289.38999999999146 4.7906312310213704e-268
289.39999999999145 8.62677486604505e-269
289.40999999999144 1.5497473318914454e-269
289.41999999999143 2.7773463393865776e-270
289.4299999999914 4.965418904170197e-271
289.4399999999914 8.85601730208862e-272
289.4499999999914 1.5757152180131108e-272
289.4599999999914 2.7968792208875367e-273
289.4699999999914 4.952521908718216e-274
289.4799999999914 8.748544564442099e-275
289.48999999999137 1.5417072737693923e-275
289.49999999999136 2.7103460521893834e-276
289.50999999999135 4.753399074593126e-277
289.51999999999134 8.316498627392053e-278
289.52999999999133 1.4515549229615296e-278
289.5399999999913 2.5274532766159536e-279
289.5499999999913 4.3902525978907454e-280
289.5599999999913 7.607686210811754e-281
289.5699999999913 1.3151412016617361e-281
289.5799999999913 2.268030478311389e-282
289.5899999999913 3.901953583794029e-283
289.59999999999127 6.696872356263334e-284
289.60999999999126 1.1466177317246489e-284
289.61999999999125 1.9584928744477394e-285
289.62999999999124 3.3371985631441964e-286
289.63999999999123 5.672817471629826e-287
289.6499999999912 9.619938195428265e-288
289.6599999999912 1.6274305477312687e-288
289.6699999999912 2.7465616728937965e-289
289.6799999999912 4.624161110546019e-290
289.6899999999912 7.76664166732318e-291
289.6999999999912 1.3013385334924928e-291
289.70999999999117 2.1752241732428827e-292
289.71999999999116 3.6272247150588697e-293
289.72999999999115 6.033948691125737e-294
289.73999999999114 1.0013490120240581e-294
289.74999999999113 1.6577767493793639e-295
289.7599999999911 2.737936205446736e-296
289.7699999999911 4.511046616582254e-297
289.7799999999911 7.41460492329384e-298
289.7899999999911 1.2157812048430962e-298
289.7999999999911 1.9887470342960237e-299
289.8099999999911 3.245341285425529e-300
289.81999999999107 5.283210492863247e-301
289.82999999999106 8.580096323033848e-302
289.83999999999105 1.3900906509854388e-302
289.84999999999104 2.2467295191922186e-303
289.85999999999103 3.6225565198620454e-304
289.869999999991 5.826882474652811e-305
289.879999999991 9.350052663248744e-306
289.889999999991 1.4967475816932828e-306
289.899999999991 2.3902304957622616e-307
289.909999999991 3.807919079109977e-308
289.919999999991 6.051908430831797e-309
289.92999999999097 9.59519257741906e-310
289.93999999999096 1.51765044156253e-310
289.94999999999095 2.394674664628e-311
289.95999999999094 3.769450078837e-312
289.96999999999093 5.91924318007e-313
289.9799999999909 9.2728039665e-314
289.9899999999909 1.449147809e-314
289.9999999999909 2.2592849e-315
290.0099999999909 3.51387274e-316
290.0199999999909 5.4520243e-317
290.0299999999909 8.43891e-318
290.03999999999087 1.303083e-318
290.04999999999086 2.0073e-319
290.05999999999085 3.0845e-320
290.06999999999084 4.73e-321
290.07999999999083 7.2e-322
290.0899999999908 1.1e-322
290.0999999999908 1.5e-323
290.1099999999908 5e-324
290.1199999999908 0.0
290.1299999999908 0.0
290.1399999999908 0.0
290.14999999999077 0.0
290.15999999999076 0.0
290.16999999999075 0.0
290.17999999999074 0.0
290.18999999999073 0.0
290.1999999999907 0.0
290.2099999999907 0.0
290.2199999999907 0.0
290.2299999999907 0.0
290.2399999999907 0.0
290.2499999999907 0.0
290.25999999999067 0.0
290.26999999999066 0.0
290.27999999999065 0.0
290.28999999999064 0.0
290.29999999999063 0.0
290.3099999999906 0.0
290.3199999999906 0.0
290.3299999999906 0.0
290.3399999999906 0.0
290.3499999999906 0.0
290.3599999999906 0.0
290.36999999999057 0.0
290.37999999999056 0.0
290.38999999999055 0.0
290.39999999999054 0.0
290.40999999999053 0.0
290.4199999999905 0.0
290.4299999999905 0.0
290.4399999999905 0.0
290.4499999999905 0.0
290.4599999999905 0.0
290.4699999999905 0.0
290.47999999999047 0.0
290.48999999999046 0.0
290.49999999999045 0.0
290.50999999999044 0.0
290.51999999999043 0.0
290.5299999999904 0.0
290.5399999999904 0.0
290.5499999999904 0.0
290.5599999999904 0.0
290.5699999999904 0.0
290.5799999999904 0.0
290.58999999999037 0.0
290.59999999999036 0.0
290.60999999999035 0.0
290.61999999999034 0.0
290.62999999999033 0.0
290.6399999999903 0.0
290.6499999999903 0.0
290.6599999999903 0.0
290.6699999999903 0.0
290.6799999999903 0.0
290.6899999999903 0.0
290.69999999999027 0.0
290.70999999999026 0.0
290.71999999999025 0.0
290.72999999999024 0.0
290.73999999999023 0.0
290.7499999999902 0.0
290.7599999999902 0.0
290.7699999999902 0.0
290.7799999999902 0.0
290.7899999999902 0.0
290.7999999999902 0.0
290.80999999999017 0.0
290.81999999999016 0.0
290.82999999999015 0.0
290.83999999999014 0.0
290.84999999999013 0.0
290.8599999999901 0.0
290.8699999999901 0.0
290.8799999999901 0.0
290.8899999999901 0.0
290.8999999999901 0.0
290.9099999999901 0.0
290.91999999999007 0.0
290.92999999999006 0.0
290.93999999999005 0.0
290.94999999999004 0.0
290.95999999999003 0.0
290.96999999999 0.0
290.97999999999 0.0
290.98999999999 0.0
290.99999999999 0.0
291.00999999999 0.0
291.01999999999 0.0
291.02999999998997 0.0
291.03999999998996 0.0
291.04999999998995 0.0
291.05999999998994 0.0
291.06999999998993 0.0
291.0799999999899 0.0
291.0899999999899 0.0
291.0999999999899 0.0
291.1099999999899 0.0
291.1199999999899 0.0
291.1299999999899 0.0
291.13999999998987 0.0
291.14999999998986 0.0
291.15999999998985 0.0
291.16999999998984 0.0
291.17999999998983 0.0
291.1899999999898 0.0
291.1999999999898 0.0
291.2099999999898 0.0
291.2199999999898 0.0
291.2299999999898 0.0
291.2399999999898 0.0
291.24999999998977 0.0
291.25999999998976 0.0
291.26999999998975 0.0
291.27999999998974 0.0
291.28999999998973 0.0
291.2999999999897 0.0
291.3099999999897 0.0
291.3199999999897 0.0
291.3299999999897 0.0
291.3399999999897 0.0
291.3499999999897 0.0
291.35999999998967 0.0
291.36999999998966 0.0
291.37999999998965 0.0
291.38999999998964 0.0
291.39999999998963 0.0
291.4099999999896 0.0
291.4199999999896 0.0
291.4299999999896 0.0
291.4399999999896 0.0
291.4499999999896 0.0
291.4599999999896 0.0
291.46999999998957 0.0
291.47999999998956 0.0
291.48999999998955 0.0
291.49999999998954 0.0
291.50999999998953 0.0
291.5199999999895 0.0
291.5299999999895 0.0
291.5399999999895 0.0
291.5499999999895 0.0
291.5599999999895 0.0
291.5699999999895 0.0
291.57999999998947 0.0
291.58999999998946 0.0
291.59999999998945 0.0
291.60999999998944 0.0
291.61999999998943 0.0
291.6299999999894 0.0
291.6399999999894 0.0
291.6499999999894 0.0
291.6599999999894 0.0
291.6699999999894 0.0
291.6799999999894 0.0
291.68999999998937 0.0
291.69999999998936 0.0
291.70999999998935 0.0
291.71999999998934 0.0
291.72999999998933 0.0
291.7399999999893 0.0
291.7499999999893 0.0
291.7599999999893 0.0
291.7699999999893 0.0
291.7799999999893 0.0
291.7899999999893 0.0
291.79999999998927 0.0
291.80999999998926 0.0
291.81999999998925 0.0
291.82999999998924 0.0
291.83999999998923 0.0
291.8499999999892 0.0
291.8599999999892 0.0
291.8699999999892 0.0
291.8799999999892 0.0
291.8899999999892 0.0
291.8999999999892 0.0
291.90999999998917 0.0
291.91999999998916 0.0
291.92999999998915 0.0
291.93999999998914 0.0
291.94999999998913 0.0
291.9599999999891 0.0
291.9699999999891 0.0
291.9799999999891 0.0
291.9899999999891 0.0
291.9999999999891 0.0
292.0099999999891 0.0
292.01999999998907 0.0
292.02999999998906 0.0
292.03999999998905 0.0
292.04999999998904 0.0
292.05999999998903 0.0
292.069999999989 0.0
292.079999999989 0.0
292.089999999989 0.0
292.099999999989 0.0
292.109999999989 0.0
292.119999999989 0.0
292.12999999998897 0.0
292.13999999998896 0.0
292.14999999998895 0.0
292.15999999998894 0.0
292.16999999998893 0.0
292.1799999999889 0.0
292.1899999999889 0.0
292.1999999999889 0.0
292.2099999999889 0.0
292.2199999999889 0.0
292.2299999999889 0.0
292.23999999998887 0.0
292.24999999998886 0.0
292.25999999998885 0.0
292.26999999998884 0.0
292.27999999998883 0.0
292.2899999999888 0.0
292.2999999999888 0.0
292.3099999999888 0.0
292.3199999999888 0.0
292.3299999999888 0.0
292.3399999999888 0.0
292.34999999998877 0.0
292.35999999998876 0.0
292.36999999998875 0.0
292.37999999998874 0.0
292.38999999998873 0.0
292.3999999999887 0.0
292.4099999999887 0.0
292.4199999999887 0.0
292.4299999999887 0.0
292.4399999999887 0.0
292.4499999999887 0.0
292.45999999998867 0.0
292.46999999998866 0.0
292.47999999998865 0.0
292.48999999998864 0.0
292.49999999998863 0.0
292.5099999999886 0.0
292.5199999999886 0.0
292.5299999999886 0.0
292.5399999999886 0.0
292.5499999999886 0.0
292.5599999999886 0.0
292.56999999998857 0.0
292.57999999998856 0.0
292.58999999998855 0.0
292.59999999998854 0.0
292.60999999998853 0.0
292.6199999999885 0.0
292.6299999999885 0.0
292.6399999999885 0.0
292.6499999999885 0.0
292.6599999999885 0.0
292.6699999999885 0.0
292.67999999998847 0.0
292.68999999998846 0.0
292.69999999998845 0.0
292.70999999998844 0.0
292.71999999998843 0.0
292.7299999999884 0.0
292.7399999999884 0.0
292.7499999999884 0.0
292.7599999999884 0.0
292.7699999999884 0.0
292.7799999999884 0.0
292.78999999998837 0.0
292.79999999998836 0.0
292.80999999998835 0.0
292.81999999998834 0.0
292.82999999998833 0.0
292.8399999999883 0.0
292.8499999999883 0.0
292.8599999999883 0.0
292.8699999999883 0.0
292.8799999999883 0.0
292.8899999999883 0.0
292.89999999998827 0.0
292.90999999998826 0.0
292.91999999998825 0.0
292.92999999998824 0.0
292.93999999998823 0.0
292.9499999999882 0.0
292.9599999999882 0.0
292.9699999999882 0.0
292.9799999999882 0.0
292.9899999999882 0.0
292.9999999999882 0.0
293.00999999998817 0.0
293.01999999998816 0.0
293.02999999998815 0.0
293.03999999998814 0.0
293.04999999998813 0.0
293.0599999999881 0.0
293.0699999999881 0.0
293.0799999999881 0.0
293.0899999999881 0.0
293.0999999999881 0.0
293.1099999999881 0.0
293.11999999998807 0.0
293.12999999998806 0.0
293.13999999998805 0.0
293.14999999998804 0.0
293.15999999998803 0.0
293.169999999988 0.0
293.179999999988 0.0
293.189999999988 0.0
293.199999999988 0.0
293.209999999988 0.0
293.219999999988 0.0
293.22999999998797 0.0
293.23999999998796 0.0
293.24999999998795 0.0
293.25999999998794 0.0
293.26999999998793 0.0
293.2799999999879 0.0
293.2899999999879 0.0
293.2999999999879 0.0
293.3099999999879 0.0
293.3199999999879 0.0
293.3299999999879 0.0
293.33999999998787 0.0
293.34999999998786 0.0
293.35999999998785 0.0
293.36999999998784 0.0
293.37999999998783 0.0
293.3899999999878 0.0
293.3999999999878 0.0
293.4099999999878 0.0
293.4199999999878 0.0
293.4299999999878 0.0
293.4399999999878 0.0
293.44999999998777 0.0
293.45999999998776 0.0
293.46999999998775 0.0
293.47999999998774 0.0
293.48999999998773 0.0
293.4999999999877 0.0
293.5099999999877 0.0
293.5199999999877 0.0
293.5299999999877 0.0
293.5399999999877 0.0
293.5499999999877 0.0
293.55999999998767 0.0
293.56999999998766 0.0
293.57999999998765 0.0
293.58999999998764 0.0
293.59999999998763 0.0
293.6099999999876 0.0
293.6199999999876 0.0
293.6299999999876 0.0
293.6399999999876 0.0
293.6499999999876 0.0
293.6599999999876 0.0
293.66999999998757 0.0
293.67999999998756 0.0
293.68999999998755 0.0
293.69999999998754 0.0
293.70999999998753 0.0
293.7199999999875 0.0
293.7299999999875 0.0
293.7399999999875 0.0
293.7499999999875 0.0
293.7599999999875 0.0
293.7699999999875 0.0
293.77999999998747 0.0
293.78999999998746 0.0
293.79999999998745 0.0
293.80999999998744 0.0
293.81999999998743 0.0
293.8299999999874 0.0
293.8399999999874 0.0
293.8499999999874 0.0
293.8599999999874 0.0
293.8699999999874 0.0
293.8799999999874 0.0
293.88999999998737 0.0
293.89999999998736 0.0
293.90999999998735 0.0
293.91999999998734 0.0
293.92999999998733 0.0
293.9399999999873 0.0
293.9499999999873 0.0
293.9599999999873 0.0
293.9699999999873 0.0
293.9799999999873 0.0
293.9899999999873 0.0
293.99999999998727 0.0
294.00999999998726 0.0
294.01999999998725 0.0
294.02999999998724 0.0
294.03999999998723 0.0
294.0499999999872 0.0
294.0599999999872 0.0
294.0699999999872 0.0
294.0799999999872 0.0
294.0899999999872 0.0
294.0999999999872 0.0
294.10999999998717 0.0
294.11999999998716 0.0
294.12999999998715 0.0
294.13999999998714 0.0
294.14999999998713 0.0
294.1599999999871 0.0
294.1699999999871 0.0
294.1799999999871 0.0
294.1899999999871 0.0
294.1999999999871 0.0
294.2099999999871 0.0
294.21999999998707 0.0
294.22999999998706 0.0
294.23999999998705 0.0
294.24999999998704 0.0
294.25999999998703 0.0
294.269999999987 0.0
294.279999999987 0.0
294.289999999987 0.0
294.299999999987 0.0
294.309999999987 0.0
294.319999999987 0.0
294.32999999998697 0.0
294.33999999998696 0.0
294.34999999998695 0.0
294.35999999998694 0.0
294.36999999998693 0.0
294.3799999999869 0.0
294.3899999999869 0.0
294.3999999999869 0.0
294.4099999999869 0.0
294.4199999999869 0.0
294.4299999999869 0.0
294.43999999998687 0.0
294.44999999998686 0.0
294.45999999998685 0.0
294.46999999998684 0.0
294.47999999998683 0.0
294.4899999999868 0.0
294.4999999999868 0.0
294.5099999999868 0.0
294.5199999999868 0.0
294.5299999999868 0.0
294.5399999999868 0.0
294.54999999998677 0.0
294.55999999998676 0.0
294.56999999998675 0.0
294.57999999998674 0.0
294.58999999998673 0.0
294.5999999999867 0.0
294.6099999999867 0.0
294.6199999999867 0.0
294.6299999999867 0.0
294.6399999999867 0.0
294.6499999999867 0.0
294.65999999998667 0.0
294.66999999998666 0.0
294.67999999998665 0.0
294.68999999998664 0.0
294.69999999998663 0.0
294.7099999999866 0.0
294.7199999999866 0.0
294.7299999999866 0.0
294.7399999999866 0.0
294.7499999999866 0.0
294.7599999999866 0.0
294.76999999998657 0.0
294.77999999998656 0.0
294.78999999998655 0.0
294.79999999998654 0.0
294.80999999998653 0.0
294.8199999999865 0.0
294.8299999999865 0.0
294.8399999999865 0.0
294.8499999999865 0.0
294.8599999999865 0.0
294.8699999999865 0.0
294.87999999998647 0.0
294.88999999998646 0.0
294.89999999998645 0.0
294.90999999998644 0.0
294.91999999998643 0.0
294.9299999999864 0.0
294.9399999999864 0.0
294.9499999999864 0.0
294.9599999999864 0.0
294.9699999999864 0.0
294.9799999999864 0.0
294.98999999998637 0.0
294.99999999998636 0.0
295.00999999998635 0.0
295.01999999998634 0.0
295.02999999998633 0.0
295.0399999999863 0.0
295.0499999999863 0.0
295.0599999999863 0.0
295.0699999999863 0.0
295.0799999999863 0.0
295.0899999999863 0.0
295.09999999998627 0.0
295.10999999998626 0.0
295.11999999998625 0.0
295.12999999998624 0.0
295.13999999998623 0.0
295.1499999999862 0.0
295.1599999999862 0.0
295.1699999999862 0.0
295.1799999999862 0.0
295.1899999999862 0.0
295.1999999999862 0.0
295.20999999998617 0.0
295.21999999998616 0.0
295.22999999998615 0.0
295.23999999998614 0.0
295.24999999998613 0.0
295.2599999999861 0.0
295.2699999999861 0.0
295.2799999999861 0.0
295.2899999999861 0.0
295.2999999999861 0.0
295.3099999999861 0.0
295.31999999998607 0.0
295.32999999998606 0.0
295.33999999998605 0.0
295.34999999998604 0.0
295.35999999998603 0.0
295.369999999986 0.0
295.379999999986 0.0
295.389999999986 0.0
295.399999999986 0.0
295.409999999986 0.0
295.419999999986 0.0
295.42999999998597 0.0
295.43999999998596 0.0
295.44999999998595 0.0
295.45999999998594 0.0
295.46999999998593 0.0
295.4799999999859 0.0
295.4899999999859 0.0
295.4999999999859 0.0
295.5099999999859 0.0
295.5199999999859 0.0
295.5299999999859 0.0
295.53999999998587 0.0
295.54999999998586 0.0
295.55999999998585 0.0
295.56999999998584 0.0
295.57999999998583 0.0
295.5899999999858 0.0
295.5999999999858 0.0
295.6099999999858 0.0
295.6199999999858 0.0
295.6299999999858 0.0
295.6399999999858 0.0
295.64999999998577 0.0
295.65999999998576 0.0
295.66999999998575 0.0
295.67999999998574 0.0
295.68999999998573 0.0
295.6999999999857 0.0
295.7099999999857 0.0
295.7199999999857 0.0
295.7299999999857 0.0
295.7399999999857 0.0
295.7499999999857 0.0
295.75999999998567 0.0
295.76999999998566 0.0
295.77999999998565 0.0
295.78999999998564 0.0
295.79999999998563 0.0
295.8099999999856 0.0
295.8199999999856 0.0
295.8299999999856 0.0
295.8399999999856 0.0
295.8499999999856 0.0
295.8599999999856 0.0
295.86999999998557 0.0
295.87999999998556 0.0
295.88999999998555 0.0
295.89999999998554 0.0
295.90999999998553 0.0
295.9199999999855 0.0
295.9299999999855 0.0
295.9399999999855 0.0
295.9499999999855 0.0
295.9599999999855 0.0
295.9699999999855 0.0
295.97999999998547 0.0
295.98999999998546 0.0
295.99999999998545 0.0
296.00999999998544 0.0
296.01999999998543 0.0
296.0299999999854 0.0
296.0399999999854 0.0
296.0499999999854 0.0
296.0599999999854 0.0
296.0699999999854 0.0
296.0799999999854 0.0
296.08999999998537 0.0
296.09999999998536 0.0
296.10999999998535 0.0
296.11999999998534 0.0
296.12999999998533 0.0
296.1399999999853 0.0
296.1499999999853 0.0
296.1599999999853 0.0
296.1699999999853 0.0
296.1799999999853 0.0
296.1899999999853 0.0
296.19999999998527 0.0
296.20999999998526 0.0
296.21999999998525 0.0
296.22999999998524 0.0
296.23999999998523 0.0
296.2499999999852 0.0
296.2599999999852 0.0
296.2699999999852 0.0
296.2799999999852 0.0
296.2899999999852 0.0
296.2999999999852 0.0
296.30999999998517 0.0
296.31999999998516 0.0
296.32999999998515 0.0
296.33999999998514 0.0
296.34999999998513 0.0
296.3599999999851 0.0
296.3699999999851 0.0
296.3799999999851 0.0
296.3899999999851 0.0
296.3999999999851 0.0
296.4099999999851 0.0
296.41999999998507 0.0
296.42999999998506 0.0
296.43999999998505 0.0
296.44999999998504 0.0
296.45999999998503 0.0
296.469999999985 0.0
296.479999999985 0.0
296.489999999985 0.0
296.499999999985 0.0
296.509999999985 0.0
296.519999999985 0.0
296.52999999998497 0.0
296.53999999998496 0.0
296.54999999998495 0.0
296.55999999998494 0.0
296.56999999998493 0.0
296.5799999999849 0.0
296.5899999999849 0.0
296.5999999999849 0.0
296.6099999999849 0.0
296.6199999999849 0.0
296.6299999999849 0.0
296.63999999998487 0.0
296.64999999998486 0.0
296.65999999998485 0.0
296.66999999998484 0.0
296.67999999998483 0.0
296.6899999999848 0.0
296.6999999999848 0.0
296.7099999999848 0.0
296.7199999999848 0.0
296.7299999999848 0.0
296.7399999999848 0.0
296.74999999998477 0.0
296.75999999998476 0.0
296.76999999998475 0.0
296.77999999998474 0.0
296.78999999998473 0.0
296.7999999999847 0.0
296.8099999999847 0.0
296.8199999999847 0.0
296.8299999999847 0.0
296.8399999999847 0.0
296.8499999999847 0.0
296.85999999998467 0.0
296.86999999998466 0.0
296.87999999998465 0.0
296.88999999998464 0.0
296.89999999998463 0.0
296.9099999999846 0.0
296.9199999999846 0.0
296.9299999999846 0.0
296.9399999999846 0.0
296.9499999999846 0.0
296.9599999999846 0.0
296.96999999998457 0.0
296.97999999998456 0.0
296.98999999998455 0.0
296.99999999998454 0.0
297.00999999998453 0.0
297.0199999999845 0.0
297.0299999999845 0.0
297.0399999999845 0.0
297.0499999999845 0.0
297.0599999999845 0.0
297.0699999999845 0.0
297.07999999998447 0.0
297.08999999998446 0.0
297.09999999998445 0.0
297.10999999998444 0.0
297.11999999998443 0.0
297.1299999999844 0.0
297.1399999999844 0.0
297.1499999999844 0.0
297.1599999999844 0.0
297.1699999999844 0.0
297.1799999999844 0.0
297.18999999998437 0.0
297.19999999998436 0.0
297.20999999998435 0.0
297.21999999998434 0.0
297.22999999998433 0.0
297.2399999999843 0.0
297.2499999999843 0.0
297.2599999999843 0.0
297.2699999999843 0.0
297.2799999999843 0.0
297.2899999999843 0.0
297.29999999998427 0.0
297.30999999998426 0.0
297.31999999998425 0.0
297.32999999998424 0.0
297.33999999998423 0.0
297.3499999999842 0.0
297.3599999999842 0.0
297.3699999999842 0.0
297.3799999999842 0.0
297.3899999999842 0.0
297.3999999999842 0.0
297.40999999998417 0.0
297.41999999998416 0.0
297.42999999998415 0.0
297.43999999998414 0.0
297.44999999998413 0.0
297.4599999999841 0.0
297.4699999999841 0.0
297.4799999999841 0.0
297.4899999999841 0.0
297.4999999999841 0.0
297.5099999999841 0.0
297.51999999998407 0.0
297.52999999998406 0.0
297.53999999998405 0.0
297.54999999998404 0.0
297.55999999998403 0.0
297.569999999984 0.0
297.579999999984 0.0
297.589999999984 0.0
297.599999999984 0.0
297.609999999984 0.0
297.619999999984 0.0
297.62999999998397 0.0
297.63999999998396 0.0
297.64999999998395 0.0
297.65999999998394 0.0
297.66999999998393 0.0
297.6799999999839 0.0
297.6899999999839 0.0
297.6999999999839 0.0
297.7099999999839 0.0
297.7199999999839 0.0
297.7299999999839 0.0
297.73999999998387 0.0
297.74999999998386 0.0
297.75999999998385 0.0
297.76999999998384 0.0
297.77999999998383 0.0
297.7899999999838 0.0
297.7999999999838 0.0
297.8099999999838 0.0
297.8199999999838 0.0
297.8299999999838 0.0
297.8399999999838 0.0
297.84999999998377 0.0
297.85999999998376 0.0
297.86999999998375 0.0
297.87999999998374 0.0
297.88999999998373 0.0
297.8999999999837 0.0
297.9099999999837 0.0
297.9199999999837 0.0
297.9299999999837 0.0
297.9399999999837 0.0
297.9499999999837 0.0
297.95999999998367 0.0
297.96999999998366 0.0
297.97999999998365 0.0
297.98999999998364 0.0
297.99999999998363 0.0
298.0099999999836 0.0
298.0199999999836 0.0
298.0299999999836 0.0
298.0399999999836 0.0
298.0499999999836 0.0
298.0599999999836 0.0
298.06999999998357 0.0
298.07999999998356 0.0
298.08999999998355 0.0
298.09999999998354 0.0
298.10999999998353 0.0
298.1199999999835 0.0
298.1299999999835 0.0
298.1399999999835 0.0
298.1499999999835 0.0
298.1599999999835 0.0
298.1699999999835 0.0
298.17999999998347 0.0
298.18999999998346 0.0
298.19999999998345 0.0
298.20999999998344 0.0
298.21999999998343 0.0
298.2299999999834 0.0
298.2399999999834 0.0
298.2499999999834 0.0
298.2599999999834 0.0
298.2699999999834 0.0
298.2799999999834 0.0
298.28999999998337 0.0
298.29999999998336 0.0
298.30999999998335 0.0
298.31999999998334 0.0
298.32999999998333 0.0
298.3399999999833 0.0
298.3499999999833 0.0
298.3599999999833 0.0
298.3699999999833 0.0
298.3799999999833 0.0
298.3899999999833 0.0
298.39999999998327 0.0
298.40999999998326 0.0
298.41999999998325 0.0
298.42999999998324 0.0
298.43999999998323 0.0
298.4499999999832 0.0
298.4599999999832 0.0
298.4699999999832 0.0
298.4799999999832 0.0
298.4899999999832 0.0
298.4999999999832 0.0
298.50999999998317 0.0
298.51999999998316 0.0
298.52999999998315 0.0
298.53999999998314 0.0
298.54999999998313 0.0
298.5599999999831 0.0
298.5699999999831 0.0
298.5799999999831 0.0
298.5899999999831 0.0
298.5999999999831 0.0
298.6099999999831 0.0
298.61999999998307 0.0
298.62999999998306 0.0
298.63999999998305 0.0
298.64999999998304 0.0
298.65999999998303 0.0
298.669999999983 0.0
298.679999999983 0.0
298.689999999983 0.0
298.699999999983 0.0
298.709999999983 0.0
298.719999999983 0.0
298.72999999998297 0.0
298.73999999998296 0.0
298.74999999998295 0.0
298.75999999998294 0.0
298.76999999998293 0.0
298.7799999999829 0.0
298.7899999999829 0.0
298.7999999999829 0.0
298.8099999999829 0.0
298.8199999999829 0.0
298.8299999999829 0.0
298.83999999998287 0.0
298.84999999998286 0.0
298.85999999998285 0.0
298.86999999998284 0.0
298.87999999998283 0.0
298.8899999999828 0.0
298.8999999999828 0.0
298.9099999999828 0.0
298.9199999999828 0.0
298.9299999999828 0.0
298.9399999999828 0.0
298.94999999998277 0.0
298.95999999998276 0.0
298.96999999998275 0.0
298.97999999998274 0.0
298.98999999998273 0.0
298.9999999999827 0.0
299.0099999999827 0.0
299.0199999999827 0.0
299.0299999999827 0.0
299.0399999999827 0.0
299.0499999999827 0.0
299.05999999998267 0.0
299.06999999998266 0.0
299.07999999998265 0.0
299.08999999998264 0.0
299.09999999998263 0.0
299.1099999999826 0.0
299.1199999999826 0.0
299.1299999999826 0.0
299.1399999999826 0.0
299.1499999999826 0.0
299.1599999999826 0.0
299.16999999998256 0.0
299.17999999998256 0.0
299.18999999998255 0.0
299.19999999998254 0.0
299.20999999998253 0.0
299.2199999999825 0.0
299.2299999999825 0.0
299.2399999999825 0.0
299.2499999999825 0.0
299.2599999999825 0.0
299.2699999999825 0.0
299.27999999998246 0.0
299.28999999998246 0.0
299.29999999998245 0.0
299.30999999998244 0.0
299.31999999998243 0.0
299.3299999999824 0.0
299.3399999999824 0.0
299.3499999999824 0.0
299.3599999999824 0.0
299.3699999999824 0.0
299.3799999999824 0.0
299.38999999998236 0.0
299.39999999998236 0.0
299.40999999998235 0.0
299.41999999998234 0.0
299.42999999998233 0.0
299.4399999999823 0.0
299.4499999999823 0.0
299.4599999999823 0.0
299.4699999999823 0.0
299.4799999999823 0.0
299.4899999999823 0.0
299.49999999998226 0.0
299.50999999998226 0.0
299.51999999998225 0.0
299.52999999998224 0.0
299.53999999998223 0.0
299.5499999999822 0.0
299.5599999999822 0.0
299.5699999999822 0.0
299.5799999999822 0.0
299.5899999999822 0.0
299.5999999999822 0.0
299.60999999998216 0.0
299.61999999998216 0.0
299.62999999998215 0.0
299.63999999998214 0.0
299.64999999998213 0.0
299.6599999999821 0.0
299.6699999999821 0.0
299.6799999999821 0.0
299.6899999999821 0.0
299.6999999999821 0.0
299.7099999999821 0.0
299.71999999998206 0.0
299.72999999998206 0.0
299.73999999998205 0.0
299.74999999998204 0.0
299.759999999982 0.0
299.769999999982 0.0
299.779999999982 0.0
299.789999999982 0.0
299.799999999982 0.0
299.809999999982 0.0
299.819999999982 0.0
299.82999999998196 0.0
299.83999999998196 0.0
299.84999999998195 0.0
299.85999999998194 0.0
299.8699999999819 0.0
299.8799999999819 0.0
299.8899999999819 0.0
299.8999999999819 0.0
299.9099999999819 0.0
299.9199999999819 0.0
299.9299999999819 0.0
299.93999999998186 0.0
299.94999999998186 0.0
299.95999999998185 0.0
299.96999999998184 0.0
299.9799999999818 0.0
299.9899999999818 0.0
