280.0 0.005974394030907673
280.01 0.006542300806530637
280.02 0.007147001594530823
280.03 0.007788861377095307
280.03999999999996 0.008467998959242794
280.04999999999995 0.009184263689407304
280.05999999999995 0.009937213492106913
280.06999999999994 0.010726094656315239
280.0799999999999 0.011549823830517772
280.0899999999999 0.01240697267442423
280.0999999999999 0.013295755607248185
280.1099999999999 0.014214021072852693
280.1199999999999 0.015159246712590115
280.1299999999999 0.016128538797250746
280.1399999999999 0.017118636220334375
280.14999999999986 0.018125919296280622
280.15999999999985 0.019146423540007312
280.16999999999985 0.020175858529040587
280.17999999999984 0.02120963186785542
280.1899999999998 0.02224287818719749
280.1999999999998 0.02327049302075109
280.2099999999998 0.024287171309359094
280.2199999999998 0.02528745019103419
280.2299999999998 0.02626575564526478
280.2399999999998 0.02721645247469837
280.2499999999998 0.02813389702825404
280.25999999999976 0.029012491999082516
280.26999999999975 0.029846742570443285
280.27999999999975 0.03063131313421195
280.28999999999974 0.03136108377184451
280.2999999999997 0.032031205667409926
280.3099999999997 0.03263715461763716
280.3199999999997 0.03317478181533925
280.3299999999997 0.03364036111022522
280.3399999999997 0.03403063199475734
280.3499999999997 0.0343428376217259
280.3599999999997 0.03457475723358733
280.36999999999966 0.03472473246996876
280.37999999999965 0.03479168711737851
280.38999999999965 0.03477513997207882
280.39999999999964 0.034675210601038065
280.4099999999996 0.03449261790446097
280.4199999999996 0.03422867150405298
280.4299999999996 0.03388525610131299
280.4399999999996 0.03346480906717892
280.4499999999996 0.032970291635774404
280.4599999999996 0.032405154178462216
280.4699999999996 0.03177329612775629
280.47999999999956 0.03107902120199098
280.48999999999955 0.030326988649418
280.49999999999955 0.029522161283365714
280.50999999999954 0.028669751117393297
280.5199999999995 0.027775163430532032
280.5299999999995 0.026843940097648664
280.5399999999995 0.025881703008996785
280.5499999999995 0.02489409837681511
280.5599999999995 0.023886742686399513
280.5699999999995 0.022865170995735273
280.5799999999995 0.021834788223102825
280.58999999999946 0.02080082398785141
280.59999999999945 0.019768291487710546
280.60999999999945 0.01874195080862253
280.61999999999944 0.017726276972213434
280.6299999999994 0.01672543293374822
280.6399999999994 0.015743247651744712
280.6499999999994 0.014783199261243858
280.6599999999994 0.013848403297788648
280.6699999999994 0.012941605839994517
280.6799999999994 0.012065181366524753
280.6899999999994 0.011221135059395261
280.69999999999936 0.01041110923065053
280.70999999999935 0.00963639350414061
280.71999999999935 0.008897938348695017
280.72999999999934 0.008196371533489497
280.7399999999993 0.007532017060662044
280.7499999999993 0.006904916123865344
280.7599999999993 0.006314849643870177
280.7699999999993 0.005761361942824755
280.7799999999993 0.0052437851364675854
280.7899999999993 0.004761263847530385
280.7999999999993 0.0043127798727324446
280.80999999999926 0.0038971764691069334
280.81999999999925 0.003513181961856308
280.82999999999925 0.003159432414476996
280.83999999999924 0.002834493141537088
280.8499999999992 0.002536878884318147
280.8599999999992 0.0022650725087099413
280.8699999999992 0.0020175421225383295
280.8799999999992 0.0017927565452811156
280.8899999999992 0.0015891990963635453
280.8999999999992 0.0014053796985162895
280.9099999999992 0.0012398453197259524
280.91999999999916 0.0010911888009192431
280.92999999999915 0.0009580561366036318
280.93999999999915 0.0008391522922364523
280.94999999999914 0.0007332456551876923
280.9599999999991 0.0006391712259445884
280.9699999999991 0.0005558326628809436
280.9799999999991 0.0004822032977282224
280.9899999999991 0.00041732624011979187
280.9999999999991 0.00036031368853734613
281.0099999999991 0.00031034556198474315
281.0199999999991 0.0002666675620671934
281.02999999999906 0.0002285887691754158
281.03999999999905 0.00019547886946525488
281.04999999999905 0.00016676510156537924
281.05999999999904 0.0001419290036987756
281.069999999999 0.000120503033401816
281.079999999999 0.00010206712347394884
281.089999999999 8.624522936909475e-05
281.099999999999 7.270191509516682e-05
281.109999999999 6.113901694115662e-05
281.119999999999 5.129241709534467e-05
281.129999999999 4.2928952521712756e-05
281.13999999999896 3.584347836996664e-05
281.14999999999895 2.9856099732700282e-05
281.15999999999894 2.480958073832656e-05
281.16999999999894 2.0566935772502864e-05
281.1799999999989 1.7009204033457257e-05
281.1899999999989 1.4033405617477398e-05
281.1999999999989 1.1550674861907678e-05
281.2099999999989 9.48456470096884e-06
281.2199999999989 7.76951426780529e-06
281.2299999999989 6.349470855893622e-06
281.2399999999989 5.176656585571567e-06
281.24999999999886 4.2104696591814174e-06
281.25999999999885 3.4165098853043084e-06
281.26999999999884 2.765718165602186e-06
281.27999999999884 2.2336198269094773e-06
281.2899999999988 1.7996620100313128e-06
281.2999999999988 1.4466357625899184e-06
281.3099999999988 1.1601739974410616e-06
281.3199999999988 9.283170456789514e-07
281.3299999999988 7.411381327439234e-07
281.3399999999988 5.904217197817443e-07
281.3499999999988 4.693882655201776e-07
281.35999999999876 3.724595647873944e-07
281.36999999999875 2.950593992711229e-07
281.37999999999874 2.3344478738167885e-07
281.38999999999874 1.8456363830567034e-07
281.3999999999987 1.4593509738906986e-07
281.4099999999987 1.1554931415830357e-07
281.4199999999987 9.17837700306012e-08
281.4299999999987 7.333367046633638e-08
281.4399999999987 5.915423708802683e-08
281.4499999999987 4.841303078802129e-08
281.4599999999987 4.0450699112600096e-08
281.46999999999866 3.474877254289279e-08
281.47999999999865 3.090333713784958e-08
281.48999999999864 2.8603587864252197e-08
281.49999999999864 2.7614420303359695e-08
281.5099999999986 2.776235071619734e-08
281.5199999999986 2.892416798546677e-08
281.5299999999986 3.101781791195366e-08
281.5399999999986 3.399510275384187e-08
281.5499999999986 3.783584862143295e-08
281.5599999999986 4.25432520729065e-08
281.5699999999986 4.814016652840167e-08
281.57999999999856 5.466613029846782e-08
281.58999999999855 6.217497232446092e-08
281.59999999999854 7.073286022511514e-08
281.60999999999854 8.041667887511635e-08
281.6199999999985 9.131264732658224e-08
281.6299999999985 1.0351509813138821e-07
281.6399999999985 1.1712535664063822e-07
281.6499999999985 1.3225066916789308e-07
281.6599999999985 1.4900313844653237e-07
281.6699999999985 1.6749863296007585e-07
281.6799999999985 1.878556437863079e-07
281.68999999999846 2.1019406882533256e-07
281.69999999999845 2.346339098830073e-07
281.70999999999844 2.612938732160521e-07
281.71999999999844 2.902898689365359e-07
281.7299999999984 3.217334092104697e-07
281.7399999999984 3.557299095267267e-07
281.7499999999984 3.9237690149080557e-07
281.7599999999984 4.317621696219884e-07
281.7699999999984 4.739618284910016e-07
281.7799999999984 5.190383601998729e-07
281.7899999999984 5.67038635633508e-07
281.79999999999836 6.179919460494816e-07
281.80999999999835 6.719080743561264e-07
281.81999999999834 7.287754377913701e-07
281.82999999999834 7.885593355857422e-07
281.8399999999983 8.512003365031756e-07
281.8499999999983 9.166128418371234e-07
281.8599999999983 9.846838594383777e-07
281.8699999999983 1.0552720236158602e-06
281.8799999999983 1.1282068942459456e-06
281.8899999999983 1.2032885661278207e-06
281.8999999999983 1.2802876165271518e-06
281.90999999999826 1.3589454149715864e-06
281.91999999999825 1.4389748147328531e-06
281.92999999999824 1.5200612401052808e-06
281.93999999999824 1.6018641776436475e-06
281.9499999999982 1.684019073048506e-06
281.9599999999982 1.766139628497156e-06
281.9699999999982 1.8478204880426054e-06
281.9799999999982 1.9286402913847755e-06
281.9899999999982 2.0081650690125928e-06
281.9999999999982 2.085951944584779e-06
282.0099999999982 2.1615531036271085e-06
282.01999999999816 2.2345199813398782e-06
282.02999999999815 2.3044076166916206e-06
282.03999999999814 2.3707791151742105e-06
282.04999999999814 2.4332101587471987e-06
282.0599999999981 2.4912934987237673e-06
282.0699999999981 2.5446433657437964e-06
282.0799999999981 2.5928997306124275e-06
282.0899999999981 2.6357323506986246e-06
282.0999999999981 2.672844538801475e-06
282.1099999999981 2.703976594885113e-06
282.1199999999981 2.728908845808231e-06
282.12999999999806 2.747464244052705e-06
282.13999999999805 2.7595104833807066e-06
282.14999999999804 2.7649615971873465e-06
282.15999999999804 2.763779013909777e-06
282.169999999998 2.7559720530279408e-06
282.179999999998 2.74159785475648e-06
282.189999999998 2.720760746281401e-06
282.199999999998 2.693611057134446e-06
282.209999999998 2.660343405818989e-06
282.219999999998 2.62119448890612e-06
282.229999999998 2.576440412322398e-06
282.23999999999796 2.526393612281307e-06
282.24999999999795 2.4713994201191222e-06
282.25999999999794 2.4118323310565738e-06
282.26999999999794 2.348092041521233e-06
282.2799999999979 2.280599323061034e-06
282.2899999999979 2.209791803015813e-06
282.2999999999979 2.1361197229797676e-06
282.3099999999979 2.0600417457010145e-06
282.3199999999979 1.9820208794700138e-06
282.3299999999979 1.9025205863165588e-06
282.3399999999979 1.8220011365571376e-06
282.34999999999786 1.7409162675209246e-06
282.35999999999785 1.6597101987574744e-06
282.36999999999784 1.5788150498262191e-06
282.37999999999784 1.498648700026054e-06
282.3899999999978 1.4196131222820574e-06
282.3999999999978 1.3420932160017074e-06
282.4099999999978 1.2664561561729085e-06
282.4199999999978 1.193051268417724e-06
282.4299999999978 1.1222104322418603e-06
282.4399999999978 1.0542490074171311e-06
282.4499999999978 9.89467271371129e-07
282.45999999999776 9.281523486853496e-07
282.46999999999775 8.705806073518943e-07
282.47999999999774 8.17020490324186e-07
282.48999999999774 7.677357451176323e-07
282.4999999999977 7.229890087576167e-07
282.5099999999977 6.830457002101512e-07
282.5199999999977 6.481781675341588e-07
282.5299999999977 6.186700323304371e-07
282.5399999999977 5.948206695994538e-07
282.5499999999977 5.769497568331237e-07
282.5599999999977 5.654018220400053e-07
282.56999999999766 5.605507164389452e-07
282.57999999999765 5.628039337713985e-07
282.58999999999764 5.726066946171327e-07
282.59999999999764 5.904457108150839e-07
282.6099999999976 6.168525421793431e-07
282.6199999999976 6.524064552735866e-07
282.6299999999976 6.977366922047804e-07
282.6399999999976 7.53524056380605e-07
282.6499999999976 8.20501722126643e-07
282.6599999999976 8.994551761763371e-07
282.6699999999976 9.912212015363053e-07
282.67999999999756 1.0966858183022396e-06
282.68999999999755 1.216781101862088e-06
282.69999999999754 1.3524808067660323e-06
282.70999999999754 1.5047947345367988e-06
282.7199999999975 1.674761795976652e-06
282.7299999999975 1.8634417331943372e-06
282.7399999999975 2.071905483669909e-06
282.7499999999975 2.3012241881803627e-06
282.7599999999975 2.5524568662380503e-06
282.7699999999975 2.82663680668475e-06
282.7799999999975 3.1247567469937837e-06
282.78999999999746 3.447752942333675e-06
282.79999999999745 3.7964882541273293e-06
282.80999999999744 4.17173441720594e-06
282.81999999999744 4.574153674133914e-06
282.8299999999974 5.00427999422682e-06
282.8399999999974 5.462500122496504e-06
282.8499999999974 5.949034729487519e-06
282.8599999999974 6.4639199559403435e-06
282.8699999999974 7.0069896656421874e-06
282.8799999999974 7.577858734930551e-06
282.88999999999737 8.175907717357236e-06
282.89999999999736 8.800269226319028e-06
282.90999999999735 9.449816376416643e-06
282.91999999999734 1.0123153615423302e-05
282.92999999999734 1.0818610262665905e-05
282.9399999999973 1.1534237046132906e-05
282.9499999999973 1.2267805899678827e-05
282.9599999999973 1.3016813243434365e-05
282.9699999999973 1.3778486925281982e-05
282.9799999999973 1.4549796949545931e-05
282.9899999999973 1.5327470061593478e-05
282.99999999999727 1.610800819476054e-05
283.00999999999726 1.6887710719984475e-05
283.01999999999725 1.7662700369991302e-05
283.02999999999724 1.8428952640217383e-05
283.03999999999724 1.9182328399322168e-05
283.0499999999972 1.9918609374711642e-05
283.0599999999972 2.0633536114513888e-05
283.0699999999972 2.1322847968488324e-05
283.0799999999972 2.198232457791481e-05
283.0899999999972 2.2607828320005602e-05
283.0999999999972 2.3195347117082305e-05
283.10999999999717 2.374103699575173e-05
283.11999999999716 2.4241263767477553e-05
283.12999999999715 2.46926431999116e-05
283.13999999999714 2.5092079058485642e-05
283.14999999999714 2.5436798420151308e-05
283.1599999999971 2.5724383695578822e-05
283.1699999999971 2.5952800842073607e-05
283.1799999999971 2.612042330614812e-05
283.1899999999971 2.6226051301023494e-05
283.1999999999971 2.6268926099017128e-05
283.2099999999971 2.6248739100265873e-05
283.21999999999707 2.616563552583034e-05
283.22999999999706 2.602021267308272e-05
283.23999999999705 2.581351276246868e-05
283.24999999999704 2.55470104952915e-05
283.25999999999704 2.522259553014551e-05
283.269999999997 2.484255016914832e-05
283.279999999997 2.4409522622423785e-05
283.289999999997 2.392649628877064e-05
283.299999999997 2.3396755550717074e-05
283.309999999997 2.28238486320486e-05
283.319999999997 2.2211548104507877e-05
283.32999999999697 2.1563809657087015e-05
283.33999999999696 2.088472975584421e-05
283.34999999999695 2.017850282445338e-05
283.35999999999694 1.9449378566002608e-05
283.36999999999694 1.8701620025434846e-05
283.3799999999969 1.7939462960267398e-05
283.3899999999969 1.7167077045853675e-05
283.3999999999969 1.6388529391674025e-05
283.4099999999969 1.5607750788325727e-05
283.4199999999969 1.4828505042504605e-05
283.4299999999969 1.4054361690878692e-05
283.43999999999687 1.3288672314924575e-05
283.44999999999686 1.2534550609089383e-05
283.45999999999685 1.1794856285563927e-05
283.46999999999684 1.1072182831922353e-05
283.47999999999683 1.0368849074196776e-05
283.4899999999968 9.68689443875945e-06
283.4999999999968 9.028077752658531e-06
283.5099999999968 8.393879374589813e-06
283.5199999999968 7.785506408086305e-06
283.5299999999968 7.203900715173004e-06
283.5399999999968 6.64974942287441e-06
283.54999999999677 6.123497596598632e-06
283.55999999999676 5.625362743402072e-06
283.56999999999675 5.155350804151165e-06
283.57999999999674 4.713273296193166e-06
283.58999999999673 4.298765276759951e-06
283.5999999999967 3.9113038112973125e-06
283.6099999999967 3.5502266495079804e-06
283.6199999999967 3.2147508343455254e-06
283.6299999999967 2.903990994701681e-06
283.6399999999967 2.6169771002955476e-06
283.6499999999967 2.3526714865232665e-06
283.65999999999667 2.109984987022461e-06
283.66999999999666 1.8877920417613143e-06
283.67999999999665 1.6849446779564028e-06
283.68999999999664 1.5002852895093605e-06
283.69999999999663 1.332658167463373e-06
283.7099999999966 1.1809197588333496e-06
283.7199999999966 1.0439476537600734e-06
283.7299999999966 9.206483210632902e-07
283.7399999999966 8.099636297855565e-07
283.7499999999966 7.10876209165851e-07
283.7599999999966 6.224137116645509e-07
283.76999999999657 5.436520532441658e-07
283.77999999999656 4.737177122084669e-07
283.78999999999655 4.117891726738615e-07
283.79999999999654 3.57097601381347e-07
283.80999999999653 3.089268472696866e-07
283.8199999999965 2.666128522511464e-07
283.8299999999965 2.295425591988723e-07
283.8399999999965 1.9715239950976855e-07
283.8499999999965 1.6892643798383108e-07
283.8599999999965 1.4439424738557417e-07
283.8699999999965 1.2312857913676477e-07
283.87999999999647 1.0474289032610388e-07
283.88999999999646 8.888878078511379e-08
283.89999999999645 7.525338752358336e-08
283.90999999999644 6.355677747397085e-08
283.91999999999643 5.3549373371838995e-08
283.9299999999964 4.500944178714336e-08
283.9399999999964 3.7740666887240324e-08
283.9499999999964 3.1569828506275e-08
283.9599999999964 2.6344598549507486e-08
283.9699999999964 2.1931465692301037e-08
283.9799999999964 1.8213794745865904e-08
283.98999999999637 1.5090023948178805e-08
283.99999999999636 1.2472000782333944e-08
284.00999999999635 1.0283454702175076e-08
284.01999999999634 8.45860332715409e-09
284.02999999999633 6.940887221819828e-09
284.0399999999963 5.681827264593557e-09
284.0499999999963 4.639997798813112e-09
284.0599999999963 3.780108209629597e-09
284.0699999999963 3.0721852472356675e-09
284.0799999999963 2.490848285647502e-09
284.0899999999963 2.0146697344798728e-09
284.09999999999627 1.6256129789466762e-09
284.10999999999626 1.3085404835146066e-09
284.11999999999625 1.0507850329303666e-09
284.12999999999624 8.417774793313003e-10
284.13999999999623 6.727247972969759e-10
284.1499999999962 5.363327042181602e-10
284.1599999999962 4.265675680554444e-10
284.1699999999962 3.384527876352466e-10
284.1799999999962 2.6789528346765625e-10
284.1899999999962 2.115381729970062e-10
284.1999999999962 1.6663611825317036e-10
284.20999999999617 1.309502225810631e-10
284.21999999999616 1.026597142679633e-10
284.22999999999615 8.02879872936122e-11
284.23999999999614 6.264087278500737e-11
284.24999999999613 4.8755289439267126e-11
284.2599999999961 3.785666808677254e-11
284.2699999999961 2.9323766000957466e-11
284.2799999999961 2.2659682097911156e-11
284.2899999999961 1.7468056567114435e-11
284.2999999999961 1.3433589593470853e-11
284.3099999999961 1.0306145564594961e-11
284.31999999999607 7.887823383484858e-12
284.32999999999606 6.022472046002748e-12
284.33999999999605 4.5872152298536975e-12
284.34999999999604 3.485620905444164e-12
284.35999999999603 2.6422134281624414e-12
284.369999999996 1.9980775888798965e-12
284.379999999996 1.5073479388531948e-12
284.389999999996 1.134413493715919e-12
284.399999999996 8.516986632428332e-13
284.409999999996 6.379068371824616e-13
284.419999999996 4.766342623617822e-13
284.42999999999597 3.5527935229702735e-13
284.43999999999596 2.641869666580087e-13
284.44999999999595 1.9597899126727011e-13
284.45999999999594 1.450321740133245e-13
284.46999999999593 1.0707199770864884e-13
284.4799999999959 7.885771047947723e-14
284.4899999999959 5.793875136214922e-14
284.4999999999959 4.2466924368275624e-14
284.5099999999959 3.10519726856486e-14
284.5199999999959 2.2650838927232318e-14
284.5299999999959 1.6482993888381758e-14
284.53999999999587 1.1965879167003837e-14
284.54999999999586 8.66582347039971e-15
284.55999999999585 6.26082799243418e-15
284.56999999999584 4.512429359996802e-15
284.57999999999583 3.244484993599607e-15
284.5899999999958 2.3272221021372975e-15
284.5999999999958 1.6652774662895018e-15
284.6099999999958 1.1887542634920818e-15
284.6199999999958 8.465532458308483e-16
284.6299999999958 6.01413510901301e-16
284.6399999999958 4.2623468838639214e-16
284.64999999999577 3.0135688035326177e-16
284.65999999999576 2.1255442038877803e-16
284.66999999999575 1.4956014603562452e-16
284.67999999999574 1.0498284296707515e-16
284.68999999999573 7.351525835735427e-17
284.6999999999957 5.135625608494249e-17
284.7099999999957 3.5790348995173985e-17
284.7199999999957 2.4882569184780136e-17
284.7299999999957 1.7257632513937006e-17
284.7399999999957 1.1940538765993925e-17
284.7499999999957 8.241824045661854e-18
284.75999999999567 5.6751776882440966e-18
284.76999999999566 3.8984529615149334e-18
284.77999999999565 2.6715409937918646e-18
284.78999999999564 1.826367189215308e-18
284.79999999999563 1.2455783752234667e-18
284.8099999999956 8.474434602687386e-19
284.8199999999956 5.751844215229755e-19
284.8299999999956 3.894576212202034e-19
284.8399999999956 2.630692025673138e-19
284.8499999999956 1.7727052027733905e-19
284.8599999999956 1.1916802448264403e-19
284.86999999999557 7.991709152018783e-20
284.87999999999556 5.3465829549960947e-20
284.88999999999555 3.5683681852931074e-20
284.89999999999554 2.3758538264596964e-20
284.90999999999553 1.5780708059477026e-20
284.9199999999955 1.045658719468119e-20
284.9299999999955 6.912102195278551e-21
284.9399999999955 4.558133569158081e-21
284.9499999999955 2.998614617372913e-21
284.9599999999955 1.967935996111371e-21
284.9699999999955 1.2884215940952383e-21
284.97999999999547 8.415147448451541e-22
284.98999999999546 5.483049599206495e-22
284.99999999999545 3.564013402421379e-22
285.00999999999544 2.3110704899534925e-22
285.01999999999543 1.495008855650888e-22
285.0299999999954 9.647861222818099e-23
285.0399999999954 6.211193225426948e-23
285.0499999999954 3.989107515930388e-23
285.0599999999954 2.5558370000121984e-23
285.0699999999954 1.633605826695056e-23
285.0799999999954 1.0416410918237122e-23
285.08999999999537 6.625911699743364e-24
285.09999999999536 4.204650415295655e-24
285.10999999999535 2.661772000068868e-24
285.11999999999534 1.6810031248209202e-24
285.12999999999533 1.0590656902497795e-24
285.1399999999953 6.656316842272073e-25
285.1499999999953 4.173513122592794e-25
285.1599999999953 2.6105155829301476e-25
285.1699999999953 1.6289490702707458e-25
285.1799999999953 1.0140174571932792e-25
285.1899999999953 6.297092415925256e-26
285.19999999999527 3.9011388834876714e-26
285.20999999999526 2.4110125227057814e-26
285.21999999999525 1.4864976601160953e-26
285.22999999999524 9.142936495676728e-27
285.23999999999523 5.610013239610404e-27
285.2499999999952 3.433988042974133e-27
285.2599999999952 2.0969611314373234e-27
285.2699999999952 1.2774346501082355e-27
285.2799999999952 7.763252523766217e-28
285.2899999999952 4.706579986425823e-28
285.2999999999952 2.8465832128695405e-28
285.30999999999517 1.7175090475241268e-28
285.31999999999516 1.0337865861821311e-28
285.32999999999515 6.207539066783761e-29
285.33999999999514 3.71847391874335e-29
285.34999999999513 2.2221160053986456e-29
285.3599999999951 1.3247240620879445e-29
285.3699999999951 7.878450881203055e-30
285.3799999999951 4.674260885774271e-30
285.3899999999951 2.7665707059887854e-30
285.3999999999951 1.633530732681267e-30
285.4099999999951 9.62209309787724e-31
285.41999999999507 5.654165406125941e-31
285.42999999999506 3.3145469355866554e-31
285.43999999999505 1.938369407294811e-31
285.44999999999504 1.1308516342952663e-31
285.45999999999503 6.581599066580694e-32
285.469999999995 3.821324554380798e-32
285.479999999995 2.2133655022952044e-32
285.489999999995 1.2789367238078249e-32
285.499999999995 7.372277749949762e-33
285.509999999995 4.239464756528115e-33
285.519999999995 2.432075647581788e-33
285.52999999999497 1.391873731607454e-33
285.53999999999496 7.94656257535598e-34
285.54999999999495 4.526009759823924e-34
285.55999999999494 2.571629352769492e-34
285.56999999999493 1.4576658247456446e-34
285.5799999999949 8.242601028099933e-35
285.5899999999949 4.6497252948528456e-35
285.5999999999949 2.6166583506501517e-35
285.6099999999949 1.4690056208624583e-35
285.6199999999949 8.2272861541754e-36
285.6299999999949 4.596703141852176e-36
285.63999999999487 2.562081980285497e-36
285.64999999999486 1.4246110081403005e-36
285.65999999999485 7.902350333821545e-37
285.66999999999484 4.3729344993575134e-37
285.67999999999483 2.4140506322765646e-37
285.6899999999948 1.3294637092753224e-37
285.6999999999948 7.304042782283589e-38
285.7099999999948 4.003195865273405e-38
285.7199999999948 2.1888050401569736e-38
285.7299999999948 1.1938892184393674e-38
285.7399999999948 6.496473780281129e-39
285.74999999999477 3.526533869351775e-39
285.75999999999476 1.9097439286361962e-39
285.76999999999475 1.0317130557650281e-39
285.77999999999474 5.560315364827125e-40
285.78999999999473 2.9894867410972636e-40
285.7999999999947 1.6034320069099906e-40
285.8099999999947 8.579484125053389e-41
285.8199999999947 4.579610168353293e-41
285.8299999999947 2.4386673092790075e-41
285.8399999999947 1.2954877526953398e-41
285.8499999999947 6.865477943032512e-42
285.85999999999467 3.629651683764209e-42
285.86999999999466 1.9143257185922868e-42
285.87999999999465 1.0072178812885956e-42
285.88999999999464 5.2867372919231984e-43
285.89999999999463 2.768271887091514e-43
285.9099999999946 1.446060502904075e-43
285.9199999999946 7.535653061604887e-44
285.9299999999946 3.9175273432437987e-44
285.9399999999946 2.0317014326582422e-44
285.9499999999946 1.0511494001680821e-44
285.9599999999946 5.4253244621076055e-45
285.96999999999457 2.7934679653786465e-45
285.97999999999456 1.434889256692383e-45
285.98999999999455 7.352749699391937e-46
285.99999999999454 3.758701953962941e-46
286.00999999999453 1.9168260677817785e-46
286.0199999999945 9.751787602991428e-47
286.0299999999945 4.949285078955056e-47
286.0399999999945 2.505863531134474e-47
286.0499999999945 1.265695019152283e-47
286.0599999999945 6.37760233331587e-48
286.0699999999945 3.20584492307605e-48
286.07999999999447 1.6076233084209005e-48
286.08999999999446 8.042346634056227e-49
286.09999999999445 4.013636067947447e-49
286.10999999999444 1.9982503757806134e-49
286.11999999999443 9.924725993671177e-50
286.1299999999944 4.917494207580061e-50
286.1399999999944 2.430669425479676e-50
286.1499999999944 1.198573437913906e-50
286.1599999999944 5.896035763048856e-51
286.1699999999944 2.893425328593287e-51
286.1799999999944 1.4165149361054614e-51
286.18999999999437 6.918098592768522e-52
286.19999999999436 3.3706141948215135e-52
286.20999999999435 1.6382797128481083e-52
286.21999999999434 7.9437171287353565e-53
286.22999999999433 3.8425205408161143e-53
286.2399999999943 1.8542373903382402e-53
286.2499999999943 8.92629386671328e-54
286.2599999999943 4.2868050726443204e-54
286.2699999999943 2.0537756529123766e-54
286.2799999999943 9.81587401695331e-55
286.2899999999943 4.680170339579705e-55
286.29999999999427 2.226132723499344e-55
286.30999999999426 1.056324023755881e-55
286.31999999999425 5.000345001866853e-56
286.32999999999424 2.361345264335373e-56
286.33999999999423 1.1124377654136113e-56
286.3499999999942 5.22815753692663e-57
286.3599999999942 2.451197564265913e-57
286.3699999999942 1.1464752321372654e-57
286.3799999999942 5.349432931487894e-58
286.3899999999942 2.490046896476588e-58
286.3999999999942 1.156282667254343e-58
286.40999999999417 5.356451959856935e-59
286.41999999999416 2.475409893767764e-59
286.42999999999415 1.1412314728653882e-59
286.43999999999414 5.248764257739754e-60
286.44999999999413 2.4082252418628349e-60
286.4599999999941 1.1022848805460516e-60
286.4699999999941 5.033236140347846e-61
286.4799999999941 2.2927540629133216e-61
286.4899999999941 1.0418959422692472e-61
286.4999999999941 4.7233261072210816e-62
286.5099999999941 2.1361326844835286e-62
286.51999999999407 9.637518587116615e-63
286.52999999999406 4.3376942996911674e-63
286.53999999999405 1.94764304490372e-63
286.54999999999404 8.724016865120326e-64
286.55999999999403 3.898345601497442e-64
286.569999999994 1.7378043875429025e-64
286.579999999994 7.728196394159092e-65
286.589999999994 3.4285628923843943e-65
286.599999999994 1.5174095053800325e-65
286.609999999994 6.699620296788627e-66
286.619999999994 2.950898614702323e-66
286.62999999999397 1.2966271079628865e-66
286.63999999999396 5.6837192148828036e-67
286.64999999999395 2.485460367754308e-67
286.65999999999394 1.0842708432603246e-67
286.66999999999393 4.718733235704555e-68
286.6799999999939 2.0486595010623056e-68
286.6899999999939 8.873007483895005e-69
286.6999999999939 3.8337926727314515e-69
286.7099999999939 1.6525062386467466e-69
286.7199999999939 7.105821635692477e-70
286.7299999999939 3.048191205883692e-70
286.73999999999387 1.3044481438497162e-70
286.74999999999386 5.568883620207451e-71
286.75999999999385 2.3717350646237475e-71
286.76999999999384 1.0076760030949848e-71
286.77999999999383 4.2710275008466495e-72
286.7899999999938 1.8059284045024832e-72
286.7999999999938 7.617726908819096e-73
286.8099999999938 3.205582654720657e-73
286.8199999999938 1.3456907559969543e-73
286.8299999999938 5.635601398966162e-74
286.8399999999938 2.3544635800545574e-74
286.84999999999377 9.812968284153675e-75
286.85999999999376 4.0800503538710535e-75
286.86999999999375 1.6923389897766725e-75
286.87999999999374 7.002706220826741e-76
286.88999999999373 2.890687626562713e-76
286.8999999999937 1.1904005788841592e-76
286.9099999999937 4.8903709710797476e-77
286.9199999999937 2.0042282985728466e-77
286.9299999999937 8.194251406749996e-78
286.9399999999937 3.3421665510933184e-78
286.9499999999937 1.3598894420584825e-78
286.95999999999367 5.519958658821106e-79
286.96999999999366 2.2352430736360087e-79
286.97999999999365 9.029639253651642e-80
286.98999999999364 3.638922042952173e-80
286.99999999999363 1.4629578479357524e-80
287.0099999999936 5.867425498099532e-81
287.0199999999936 2.3475781797283524e-81
287.0299999999936 9.370208487484673e-82
287.0399999999936 3.731085089494048e-82
287.0499999999936 1.482100870790251e-82
287.0599999999936 5.8732309799998115e-83
287.06999999999357 2.3218443846414503e-83
287.07999999999356 9.156844655881584e-84
287.08999999999355 3.6025937697850656e-84
287.09999999999354 1.4139740862474735e-84
287.10999999999353 5.536359926253771e-85
287.1199999999935 2.162538719754794e-85
287.1299999999935 8.426751313266069e-86
287.1399999999935 3.275768272103764e-86
287.1499999999935 1.2703484923312713e-86
287.1599999999935 4.914612606739131e-87
287.1699999999935 1.8967601368490211e-87
287.17999999999347 7.302847751970842e-88
287.18999999999346 2.8049736712770476e-88
287.19999999999345 1.0747860999495142e-88
287.20999999999344 4.1083932088955134e-89
287.21999999999343 1.5666741358525455e-89
287.2299999999934 5.9599422879507415e-90
287.2399999999934 2.261841376572733e-90
287.2499999999934 8.563256328259337e-91
287.2599999999934 3.2342415591848377e-91
287.2699999999934 1.2186042042808071e-91
287.2799999999934 4.5804653316770673e-92
287.28999999999337 1.7175652240577547e-92
287.29999999999336 6.425006710821206e-93
287.30999999999335 2.3976768080924415e-93
287.31999999999334 8.926154691417347e-94
287.32999999999333 3.3150866531033967e-94
287.3399999999933 1.22823670103308e-94
287.3499999999933 4.539687575872835e-95
287.3599999999933 1.6738886710359974e-95
287.3699999999933 6.157208839091441e-96
287.3799999999933 2.259424885559145e-96
287.3899999999933 8.271202260340987e-97
287.39999999999327 3.020619931314625e-97
287.40999999999326 1.1004751394994915e-97
287.41999999999325 3.999641793236229e-98
287.42999999999324 1.450169173827152e-98
287.43999999999323 5.245331615751937e-99
287.4499999999932 1.8927094059476915e-99
287.4599999999932 6.813207884489844e-100
287.4699999999932 2.446673678376179e-100
287.4799999999932 8.765105924449317e-101
287.4899999999932 3.1325282579143196e-101
287.4999999999932 1.1168363367173899e-101
287.50999999999317 3.9722885009000026e-102
287.51999999999316 1.4094469697165154e-102
287.52999999999315 4.98899888558016e-103
287.53999999999314 1.7617114750463524e-103
287.54999999999313 6.206015685663622e-104
287.5599999999931 2.1809598180874844e-104
287.5699999999931 7.646085834397764e-105
287.5799999999931 2.6741599697568535e-105
287.5899999999931 9.330229090392223e-106
287.5999999999931 3.24753575125393e-106
287.6099999999931 1.1276447019480324e-106
287.61999999999307 3.906135786430381e-107
287.62999999999306 1.3498300691482346e-107
287.63999999999305 4.653369831905368e-108
287.64999999999304 1.6003418080317966e-108
287.65999999999303 5.490534714349258e-109
287.669999999993 1.8792010306223697e-109
287.679999999993 6.416357472921122e-110
287.689999999993 2.185549116492874e-110
287.699999999993 7.42658745728622e-111
287.709999999993 2.517530484722969e-111
287.719999999993 8.513671442953349e-112
287.72999999999297 2.8722070470443276e-112
287.73999999999296 9.666545742334872e-113
287.74999999999295 3.245514747329795e-113
287.75999999999294 1.0870576405619664e-113
287.76999999999293 3.632271210225247e-114
287.7799999999929 1.2107672732229445e-114
287.7899999999929 4.0262411961547854e-115
287.7999999999929 1.335659053790972e-115
287.8099999999929 4.420263366298827e-116
287.8199999999929 1.459343033724131e-116
287.8299999999929 4.806437972751667e-117
287.83999999999287 1.57923225049143e-117
287.84999999999286 5.176370771286808e-118
287.85999999999285 1.6926277537615027e-118
287.86999999999284 5.521464046743913e-119
287.87999999999283 1.7968165911199443e-119
287.8899999999928 5.833241529104116e-120
287.8999999999928 1.8891779961853215e-120
287.9099999999928 6.103690555166024e-121
287.9199999999928 1.9672920922208854e-121
287.9299999999928 6.325602455818779e-122
287.9399999999928 2.029044874732133e-122
287.94999999999277 6.492891106390918e-123
287.95999999999276 2.0727231405931392e-123
287.96999999999275 6.60087004032367e-124
287.97999999999274 2.0970934228052522e-124
287.98999999999273 6.646470530853263e-125
287.9999999999927 2.1014598573514562e-125
288.0099999999927 6.628386480565092e-126
288.0199999999927 2.085697193766796e-126
288.0299999999927 6.547136572033113e-127
288.0399999999927 2.0502567640348594e-127
288.0499999999927 6.405039552276029e-128
288.05999999999267 1.9961450128471858e-128
288.06999999999266 6.206104294595911e-129
288.07999999999265 1.924876014513241e-129
288.08999999999264 5.955841912066463e-130
288.09999999999263 1.8384011028065027e-130
288.1099999999926 5.661012210822024e-131
288.1199999999926 1.7390201772113546e-131
288.1299999999926 5.329320755196834e-132
288.1399999999926 1.629280307018938e-132
288.1499999999926 4.969085462844745e-133
288.1599999999926 1.5118678564486158e-133
288.16999999999257 4.58889278226956e-134
288.17999999999256 1.3895004675116628e-134
288.18999999999255 4.1972631006646066e-135
288.19999999999254 1.2648248772425374e-135
288.20999999999253 3.8023432028165134e-136
288.2199999999925 1.140325769528633e-136
288.2299999999925 3.4116405918185867e-137
288.2399999999925 1.0182497609133271e-137
288.2499999999925 3.031810621329084e-138
288.2599999999925 9.0054730923428e-139
288.2699999999925 2.6685030609115117e-139
288.27999999999247 7.888339384052776e-140
288.28999999999246 2.3262703142774615e-140
288.29999999999245 6.843708132125595e-141
288.30999999999244 2.0085353984971758e-141
288.31999999999243 5.880634807960486e-142
288.3299999999924 1.7176142708906467e-142
288.3399999999924 5.004766026113951e-143
288.3499999999924 1.454784373968747e-143
288.3599999999924 4.2186178486833716e-144
288.3699999999924 1.2203894750752112e-144
288.3799999999924 3.521951984145547e-145
288.38999999999237 1.0139700274375055e-145
288.39999999999236 2.912215533000845e-146
288.40999999999235 8.344083084441894e-147
288.41999999999234 2.3850112682451624e-147
288.42999999999233 6.800783667813172e-148
288.4399999999923 1.934568868332188e-148
288.4499999999923 5.489921552746747e-149
288.4599999999923 1.5541924406299235e-149
288.4699999999923 4.3893494257601785e-150
288.4799999999923 1.2366654511137044e-150
288.4899999999923 3.475849871504795e-151
288.49999999999227 9.746002128471836e-152
288.50999999999226 2.7261434400024847e-152
288.51999999999225 7.607248686936467e-153
288.52999999999224 2.1176941369568453e-153
288.53999999999223 5.88105937545519e-154
288.5499999999922 1.6293133030748445e-154
288.5599999999922 4.50308715289468e-155
288.5699999999922 1.2415745759826628e-155
288.5799999999922 3.415009992990336e-156
288.5899999999922 9.370609854190047e-157
288.5999999999922 2.5650772179398948e-157
288.60999999999217 7.004703228508414e-158
288.61999999999216 1.9082520877429673e-158
288.62999999999215 5.186071044005745e-159
288.63999999999214 1.4060406835056117e-159
288.64999999999213 3.802892262452576e-160
288.6599999999921 1.0260933337493978e-160
288.6699999999921 2.761953864956263e-161
288.6799999999921 7.416562882419612e-162
288.6899999999921 1.9867611370989082e-162
288.6999999999921 5.309398693673929e-163
288.7099999999921 1.4154734593618724e-163
288.71999999999207 3.7645652766458436e-164
288.72999999999206 9.98814050775919e-165
288.73999999999205 2.6436938681264594e-165
288.74999999999204 6.980626375051959e-166
288.75999999999203 1.8387993157863643e-166
288.769999999992 4.8320451393138484e-167
288.779999999992 1.2667308321642106e-167
288.789999999992 3.3127938376904146e-168
288.799999999992 8.642933817337688e-169
288.809999999992 2.249493148664352e-169
288.819999999992 5.8406996206060314e-170
288.82999999999197 1.5128705819697572e-170
288.83999999999196 3.9092675449033983e-171
288.84999999999195 1.0077335543558725e-171
288.85999999999194 2.5915091970419147e-172
288.86999999999193 6.6483901745968e-173
288.8799999999919 1.7015195879812915e-173
288.8899999999919 4.3442430670330435e-174
288.8999999999919 1.1064912651007364e-174
288.9099999999919 2.811503137820126e-175
288.9199999999919 7.126657126385559e-176
288.9299999999919 1.8021455614248463e-176
288.93999999999187 4.546221356938947e-177
288.94999999999186 1.1441105720355397e-177
288.95999999999185 2.8723815537082574e-178
288.96999999999184 7.19404199971204e-179
288.97999999999183 1.7974653136692426e-179
288.9899999999918 4.4802760883558015e-180
288.9999999999918 1.1140527266180193e-180
289.0099999999918 2.7635251667617414e-181
289.0199999999918 6.838767065710545e-182
289.0299999999918 1.68829723290196e-182
289.0399999999918 4.1579256127253306e-183
289.04999999999177 1.0215537715230354e-183
289.05999999999176 2.5038162704439144e-184
289.06999999999175 6.122099624079416e-185
289.07999999999174 1.4933274124119536e-185
289.08999999999173 3.633844940999778e-186
289.0999999999917 8.821337850885149e-187
289.1099999999917 2.136285186387426e-187
289.1199999999917 5.161081437569539e-188
289.1299999999917 1.243881201340171e-188
289.1399999999917 2.9907065814457838e-189
289.1499999999917 7.173406104027106e-190
289.15999999999167 1.7164602052046814e-190
289.16999999999166 4.097309491268283e-191
289.17999999999165 9.757094469333313e-192
289.18999999999164 2.317922758429361e-192
289.19999999999163 5.493310137960329e-193
289.2099999999916 1.2987512771145322e-193
289.2199999999916 3.063194446246086e-194
289.2299999999916 7.207420385486384e-195
289.2399999999916 1.6917720715465813e-195
289.2499999999916 3.961508189779731e-196
289.2599999999916 9.254138064712741e-197
289.26999999999157 2.156592549779037e-197
289.27999999999156 5.013683747125568e-198
289.28999999999155 1.1627931940889784e-198
289.29999999999154 2.6903249281234534e-199
289.30999999999153 6.209601065165151e-200
289.3199999999915 1.4298134351474198e-200
289.3299999999915 3.2843675816921594e-201
289.3399999999915 7.526288287135264e-202
289.3499999999915 1.7205474402186927e-202
289.3599999999915 3.923820787383522e-203
289.3699999999915 8.927058586921482e-204
289.37999999999147 2.0261160454778677e-204
289.38999999999146 4.587509285552955e-205
289.39999999999145 1.0362064857859308e-205
289.40999999999144 2.334921938727994e-206
289.41999999999143 5.248740901579883e-207
289.4299999999914 1.1770491916090597e-207
289.4399999999914 2.633242170176292e-208
289.4499999999914 5.876837728896912e-209
289.4599999999914 1.3084384754288242e-209
289.4699999999914 2.9061606835333147e-210
289.4799999999914 6.439359166614369e-211
289.48999999999137 1.4233850009592058e-211
289.49999999999136 3.138765211254478e-212
289.50999999999135 6.90481401790011e-213
289.51999999999134 1.5153112575054407e-213
289.52999999999133 3.3174808425792645e-214
289.5399999999913 7.245555828038736e-215
289.5499999999913 1.578671250841383e-215
289.5599999999913 3.4313767370881893e-216
289.5699999999913 7.440494752579583e-217
289.5799999999913 1.6095035404719873e-217
289.5899999999913 3.4732717781019645e-218
289.59999999999127 7.477257003512606e-219
289.60999999999126 1.605841060583233e-219
289.61999999999125 3.4404838073978823e-220
289.62999999999124 7.353484604149071e-221
289.63999999999123 1.567918795673598e-221
289.6499999999912 3.335113779150353e-222
289.6599999999912 7.077085665252631e-223
289.6699999999912 1.4981488320330854e-223
289.6799999999912 3.1638229862120854e-224
289.6899999999912 6.665398256222279e-225
289.6999999999912 1.4008664670775574e-225
289.70999999999117 2.9371361946628786e-226
289.71999999999116 6.14339076168445e-227
289.72999999999115 1.281884525661395e-227
289.73999999999114 2.668372026598929e-228
289.74999999999113 5.541158371604658e-229
289.7599999999911 1.1479195601067869e-229
289.7699999999911 2.3723516210657476e-230
289.7799999999911 4.8910642890443176e-231
289.7899999999911 1.0059685263131151e-231
289.7999999999911 2.0640590826653106e-232
289.8099999999911 4.224901279668718e-233
289.81999999999107 8.62715728767665e-234
289.82999999999106 1.757420046750469e-234
289.83999999999105 3.571413579633939e-235
289.84999999999104 7.2403810778064045e-236
289.85999999999103 1.4643315287578665e-236
289.869999999991 2.954432768151458e-237
289.879999999991 5.946556083922184e-238
289.889999999991 1.1940255951948793e-238
289.899999999991 2.391764762632733e-239
289.909999999991 4.779472856814515e-240
289.919999999991 9.52792314601057e-241
289.92999999999097 1.8948428651230856e-241
289.93999999999096 3.759281657669194e-242
289.94999999999095 7.440347851073463e-243
289.95999999999094 1.4690559081841258e-243
289.96999999999093 2.8936108064943564e-244
289.9799999999909 5.685892189352731e-245
289.9899999999909 1.1145866406802825e-245
289.9999999999909 2.1796449493198752e-246
290.0099999999909 4.2522068930068513e-247
290.0199999999909 8.27560452429062e-248
290.0299999999909 1.6067258432429507e-248
290.03999999999087 3.1120068150964727e-249
290.04999999999086 6.013066532845592e-250
290.05999999999085 1.1590660590689642e-250
290.06999999999084 2.2288306812797808e-251
290.07999999999083 4.275655205733971e-252
290.0899999999908 8.182480591524336e-253
290.0999999999908 1.5621545616995204e-253
290.1099999999908 2.975224409245343e-254
290.1199999999908 5.652911221614885e-255
290.1299999999908 1.0714731957052378e-255
290.1399999999908 2.0260360409702452e-256
290.14999999999077 3.821815627172187e-257
290.15999999999076 7.191988869764022e-258
290.16999999999075 1.350159233625974e-258
290.17999999999074 2.5285857415267327e-259
290.18999999999073 4.72418708480516e-260
290.1999999999907 8.805077864574796e-261
290.2099999999907 1.6371784643528863e-261
290.2199999999907 3.036795555823251e-262
290.2299999999907 5.619423931243473e-263
290.2399999999907 1.0373486537449543e-263
290.2499999999907 1.9103564463199293e-264
290.25999999999067 3.509625511378352e-265
290.26999999999066 6.432263955647172e-266
290.27999999999065 1.1760442071640447e-266
290.28999999999064 2.1450634638118216e-267
290.29999999999063 3.903133033828491e-268
290.3099999999906 7.085055746839924e-269
290.3199999999906 1.2830095795184639e-269
290.3299999999906 2.3177854693248544e-270
290.3399999999906 4.1770847052965235e-271
290.3499999999906 7.50982882652275e-272
290.3599999999906 1.3469252782875229e-272
290.36999999999057 2.4099813323234867e-273
290.37999999999056 4.3017043938471863e-274
290.38999999999055 7.65991864575087e-275
290.39999999999054 1.3607065041178995e-275
290.40999999999053 2.4113567870177745e-276
290.4199999999905 4.2629986634221747e-277
290.4299999999905 7.518403479649492e-278
290.4399999999905 1.3227956875809557e-278
290.4499999999905 2.321756241265217e-279
290.4599999999905 4.065342895445204e-280
290.4699999999905 7.101244285829868e-281
290.47999999999047 1.237452201676383e-281
290.48999999999046 2.151191742306915e-282
290.49999999999045 3.730667304867821e-283
290.50999999999044 6.454322020736878e-284
290.51999999999043 1.1139647479651179e-284
290.5299999999904 1.918001644153811e-285
290.5399999999904 3.2944522119030097e-286
290.5499999999904 5.645132745675579e-287
290.5599999999904 9.649877828112211e-288
290.5699999999904 1.6456072070487164e-288
290.5799999999904 2.799543731371681e-289
290.58999999999037 4.75121890943083e-290
290.59999999999036 8.044138418131657e-291
290.60999999999035 1.3586598412570143e-291
290.61999999999034 2.2892786196367075e-292
290.62999999999033 3.848072760271549e-293
290.6399999999903 6.452746555239787e-294
290.6499999999903 1.079450295698482e-294
290.6599999999903 1.8014300423021667e-295
290.6699999999903 2.999085604435026e-296
290.6799999999903 4.981005632448247e-297
290.6899999999903 8.252811259253188e-298
290.69999999999027 1.364091499691991e-298
290.70999999999026 2.2492710929452246e-299
290.71999999999025 3.6999581395549254e-300
290.72999999999024 6.071675167025849e-301
290.73999999999023 9.939784223837543e-302
290.7499999999902 1.623312354893864e-302
290.7599999999902 2.6447458293099905e-303
290.7699999999902 4.2985550935685256e-304
290.7799999999902 6.969759031763758e-305
290.7899999999902 1.1273784755924976e-305
290.7999999999902 1.8191915239090954e-306
290.80999999999017 2.92849049264413e-307
290.81999999999016 4.702901930789756e-308
290.82999999999015 7.534331700268785e-309
290.83999999999014 1.204149083224623e-309
290.84999999999013 1.9198729606178e-310
290.8599999999901 3.05366530192e-311
290.8699999999901 4.845371562623e-312
290.8799999999901 7.66989551027e-313
290.8899999999901 1.21117951897e-313
290.8999999999901 1.908026045e-314
290.9099999999901 2.99858793e-315
290.91999999999007 4.70117034e-316
290.92999999999006 7.3527857e-317
290.93999999999005 1.1472407e-317
290.94999999999004 1.78572e-318
290.95999999999003 2.7729e-319
290.96999999999 4.2954e-320
290.97999999999 6.64e-321
290.98999999999 1.023e-321
290.99999999999 1.6e-322
291.00999999999 2.5e-323
291.01999999999 5e-324
291.02999999998997 0.0
291.03999999998996 0.0
291.04999999998995 0.0
291.05999999998994 0.0
291.06999999998993 0.0
291.0799999999899 0.0
291.0899999999899 0.0
291.0999999999899 0.0
291.1099999999899 0.0
291.1199999999899 0.0
291.1299999999899 0.0
291.13999999998987 0.0
291.14999999998986 0.0
291.15999999998985 0.0
291.16999999998984 0.0
291.17999999998983 0.0
291.1899999999898 0.0
291.1999999999898 0.0
291.2099999999898 0.0
291.2199999999898 0.0
291.2299999999898 0.0
291.2399999999898 0.0
291.24999999998977 0.0
291.25999999998976 0.0
291.26999999998975 0.0
291.27999999998974 0.0
291.28999999998973 0.0
291.2999999999897 0.0
291.3099999999897 0.0
291.3199999999897 0.0
291.3299999999897 0.0
291.3399999999897 0.0
291.3499999999897 0.0
291.35999999998967 0.0
291.36999999998966 0.0
291.37999999998965 0.0
291.38999999998964 0.0
291.39999999998963 0.0
291.4099999999896 0.0
291.4199999999896 0.0
291.4299999999896 0.0
291.4399999999896 0.0
291.4499999999896 0.0
291.4599999999896 0.0
291.46999999998957 0.0
291.47999999998956 0.0
291.48999999998955 0.0
291.49999999998954 0.0
291.50999999998953 0.0
291.5199999999895 0.0
291.5299999999895 0.0
291.5399999999895 0.0
291.5499999999895 0.0
291.5599999999895 0.0
291.5699999999895 0.0
291.57999999998947 0.0
291.58999999998946 0.0
291.59999999998945 0.0
291.60999999998944 0.0
291.61999999998943 0.0
291.6299999999894 0.0
291.6399999999894 0.0
291.6499999999894 0.0
291.6599999999894 0.0
291.6699999999894 0.0
291.6799999999894 0.0
291.68999999998937 0.0
291.69999999998936 0.0
291.70999999998935 0.0
291.71999999998934 0.0
291.72999999998933 0.0
291.7399999999893 0.0
291.7499999999893 0.0
291.7599999999893 0.0
291.7699999999893 0.0
291.7799999999893 0.0
291.7899999999893 0.0
291.79999999998927 0.0
291.80999999998926 0.0
291.81999999998925 0.0
291.82999999998924 0.0
291.83999999998923 0.0
291.8499999999892 0.0
291.8599999999892 0.0
291.8699999999892 0.0
291.8799999999892 0.0
291.8899999999892 0.0
291.8999999999892 0.0
291.90999999998917 0.0
291.91999999998916 0.0
291.92999999998915 0.0
291.93999999998914 0.0
291.94999999998913 0.0
291.9599999999891 0.0
291.9699999999891 0.0
291.9799999999891 0.0
291.9899999999891 0.0
291.9999999999891 0.0
292.0099999999891 0.0
292.01999999998907 0.0
292.02999999998906 0.0
292.03999999998905 0.0
292.04999999998904 0.0
292.05999999998903 0.0
292.069999999989 0.0
292.079999999989 0.0
292.089999999989 0.0
292.099999999989 0.0
292.109999999989 0.0
292.119999999989 0.0
292.12999999998897 0.0
292.13999999998896 0.0
292.14999999998895 0.0
292.15999999998894 0.0
292.16999999998893 0.0
292.1799999999889 0.0
292.1899999999889 0.0
292.1999999999889 0.0
292.2099999999889 0.0
292.2199999999889 0.0
292.2299999999889 0.0
292.23999999998887 0.0
292.24999999998886 0.0
292.25999999998885 0.0
292.26999999998884 0.0
292.27999999998883 0.0
292.2899999999888 0.0
292.2999999999888 0.0
292.3099999999888 0.0
292.3199999999888 0.0
292.3299999999888 0.0
292.3399999999888 0.0
292.34999999998877 0.0
292.35999999998876 0.0
292.36999999998875 0.0
292.37999999998874 0.0
292.38999999998873 0.0
292.3999999999887 0.0
292.4099999999887 0.0
292.4199999999887 0.0
292.4299999999887 0.0
292.4399999999887 0.0
292.4499999999887 0.0
292.45999999998867 0.0
292.46999999998866 0.0
292.47999999998865 0.0
292.48999999998864 0.0
292.49999999998863 0.0
292.5099999999886 0.0
292.5199999999886 0.0
292.5299999999886 0.0
292.5399999999886 0.0
292.5499999999886 0.0
292.5599999999886 0.0
292.56999999998857 0.0
292.57999999998856 0.0
292.58999999998855 0.0
292.59999999998854 0.0
292.60999999998853 0.0
292.6199999999885 0.0
292.6299999999885 0.0
292.6399999999885 0.0
292.6499999999885 0.0
292.6599999999885 0.0
292.6699999999885 0.0
292.67999999998847 0.0
292.68999999998846 0.0
292.69999999998845 0.0
292.70999999998844 0.0
292.71999999998843 0.0
292.7299999999884 0.0
292.7399999999884 0.0
292.7499999999884 0.0
292.7599999999884 0.0
292.7699999999884 0.0
292.7799999999884 0.0
292.78999999998837 0.0
292.79999999998836 0.0
292.80999999998835 0.0
292.81999999998834 0.0
292.82999999998833 0.0
292.8399999999883 0.0
292.8499999999883 0.0
292.8599999999883 0.0
292.8699999999883 0.0
292.8799999999883 0.0
292.8899999999883 0.0
292.89999999998827 0.0
292.90999999998826 0.0
292.91999999998825 0.0
292.92999999998824 0.0
292.93999999998823 0.0
292.9499999999882 0.0
292.9599999999882 0.0
292.9699999999882 0.0
292.9799999999882 0.0
292.9899999999882 0.0
292.9999999999882 0.0
293.00999999998817 0.0
293.01999999998816 0.0
293.02999999998815 0.0
293.03999999998814 0.0
293.04999999998813 0.0
293.0599999999881 0.0
293.0699999999881 0.0
293.0799999999881 0.0
293.0899999999881 0.0
293.0999999999881 0.0
293.1099999999881 0.0
293.11999999998807 0.0
293.12999999998806 0.0
293.13999999998805 0.0
293.14999999998804 0.0
293.15999999998803 0.0
293.169999999988 0.0
293.179999999988 0.0
293.189999999988 0.0
293.199999999988 0.0
293.209999999988 0.0
293.219999999988 0.0
293.22999999998797 0.0
293.23999999998796 0.0
293.24999999998795 0.0
293.25999999998794 0.0
293.26999999998793 0.0
293.2799999999879 0.0
293.2899999999879 0.0
293.2999999999879 0.0
293.3099999999879 0.0
293.3199999999879 0.0
293.3299999999879 0.0
293.33999999998787 0.0
293.34999999998786 0.0
293.35999999998785 0.0
293.36999999998784 0.0
293.37999999998783 0.0
293.3899999999878 0.0
293.3999999999878 0.0
293.4099999999878 0.0
293.4199999999878 0.0
293.4299999999878 0.0
293.4399999999878 0.0
293.44999999998777 0.0
293.45999999998776 0.0
293.46999999998775 0.0
293.47999999998774 0.0
293.48999999998773 0.0
293.4999999999877 0.0
293.5099999999877 0.0
293.5199999999877 0.0
293.5299999999877 0.0
293.5399999999877 0.0
293.5499999999877 0.0
293.55999999998767 0.0
293.56999999998766 0.0
293.57999999998765 0.0
293.58999999998764 0.0
293.59999999998763 0.0
293.6099999999876 0.0
293.6199999999876 0.0
293.6299999999876 0.0
293.6399999999876 0.0
293.6499999999876 0.0
293.6599999999876 0.0
293.66999999998757 0.0
293.67999999998756 0.0
293.68999999998755 0.0
293.69999999998754 0.0
293.70999999998753 0.0
293.7199999999875 0.0
293.7299999999875 0.0
293.7399999999875 0.0
293.7499999999875 0.0
293.7599999999875 0.0
293.7699999999875 0.0
293.77999999998747 0.0
293.78999999998746 0.0
293.79999999998745 0.0
293.80999999998744 0.0
293.81999999998743 0.0
293.8299999999874 0.0
293.8399999999874 0.0
293.8499999999874 0.0
293.8599999999874 0.0
293.8699999999874 0.0
293.8799999999874 0.0
293.88999999998737 0.0
293.89999999998736 0.0
293.90999999998735 0.0
293.91999999998734 0.0
293.92999999998733 0.0
293.9399999999873 0.0
293.9499999999873 0.0
293.9599999999873 0.0
293.9699999999873 0.0
293.9799999999873 0.0
293.9899999999873 0.0
293.99999999998727 0.0
294.00999999998726 0.0
294.01999999998725 0.0
294.02999999998724 0.0
294.03999999998723 0.0
294.0499999999872 0.0
294.0599999999872 0.0
294.0699999999872 0.0
294.0799999999872 0.0
294.0899999999872 0.0
294.0999999999872 0.0
294.10999999998717 0.0
294.11999999998716 0.0
294.12999999998715 0.0
294.13999999998714 0.0
294.14999999998713 0.0
294.1599999999871 0.0
294.1699999999871 0.0
294.1799999999871 0.0
294.1899999999871 0.0
294.1999999999871 0.0
294.2099999999871 0.0
294.21999999998707 0.0
294.22999999998706 0.0
294.23999999998705 0.0
294.24999999998704 0.0
294.25999999998703 0.0
294.269999999987 0.0
294.279999999987 0.0
294.289999999987 0.0
294.299999999987 0.0
294.309999999987 0.0
294.319999999987 0.0
294.32999999998697 0.0
294.33999999998696 0.0
294.34999999998695 0.0
294.35999999998694 0.0
294.36999999998693 0.0
294.3799999999869 0.0
294.3899999999869 0.0
294.3999999999869 0.0
294.4099999999869 0.0
294.4199999999869 0.0
294.4299999999869 0.0
294.43999999998687 0.0
294.44999999998686 0.0
294.45999999998685 0.0
294.46999999998684 0.0
294.47999999998683 0.0
294.4899999999868 0.0
294.4999999999868 0.0
294.5099999999868 0.0
294.5199999999868 0.0
294.5299999999868 0.0
294.5399999999868 0.0
294.54999999998677 0.0
294.55999999998676 0.0
294.56999999998675 0.0
294.57999999998674 0.0
294.58999999998673 0.0
294.5999999999867 0.0
294.6099999999867 0.0
294.6199999999867 0.0
294.6299999999867 0.0
294.6399999999867 0.0
294.6499999999867 0.0
294.65999999998667 0.0
294.66999999998666 0.0
294.67999999998665 0.0
294.68999999998664 0.0
294.69999999998663 0.0
294.7099999999866 0.0
294.7199999999866 0.0
294.7299999999866 0.0
294.7399999999866 0.0
294.7499999999866 0.0
294.7599999999866 0.0
294.76999999998657 0.0
294.77999999998656 0.0
294.78999999998655 0.0
294.79999999998654 0.0
294.80999999998653 0.0
294.8199999999865 0.0
294.8299999999865 0.0
294.8399999999865 0.0
294.8499999999865 0.0
294.8599999999865 0.0
294.8699999999865 0.0
294.87999999998647 0.0
294.88999999998646 0.0
294.89999999998645 0.0
294.90999999998644 0.0
294.91999999998643 0.0
294.9299999999864 0.0
294.9399999999864 0.0
294.9499999999864 0.0
294.9599999999864 0.0
294.9699999999864 0.0
294.9799999999864 0.0
294.98999999998637 0.0
294.99999999998636 0.0
295.00999999998635 0.0
295.01999999998634 0.0
295.02999999998633 0.0
295.0399999999863 0.0
295.0499999999863 0.0
295.0599999999863 0.0
295.0699999999863 0.0
295.0799999999863 0.0
295.0899999999863 0.0
295.09999999998627 0.0
295.10999999998626 0.0
295.11999999998625 0.0
295.12999999998624 0.0
295.13999999998623 0.0
295.1499999999862 0.0
295.1599999999862 0.0
295.1699999999862 0.0
295.1799999999862 0.0
295.1899999999862 0.0
295.1999999999862 0.0
295.20999999998617 0.0
295.21999999998616 0.0
295.22999999998615 0.0
295.23999999998614 0.0
295.24999999998613 0.0
295.2599999999861 0.0
295.2699999999861 0.0
295.2799999999861 0.0
295.2899999999861 0.0
295.2999999999861 0.0
295.3099999999861 0.0
295.31999999998607 0.0
295.32999999998606 0.0
295.33999999998605 0.0
295.34999999998604 0.0
295.35999999998603 0.0
295.369999999986 0.0
295.379999999986 0.0
295.389999999986 0.0
295.399999999986 0.0
295.409999999986 0.0
295.419999999986 0.0
295.42999999998597 0.0
295.43999999998596 0.0
295.44999999998595 0.0
295.45999999998594 0.0
295.46999999998593 0.0
295.4799999999859 0.0
295.4899999999859 0.0
295.4999999999859 0.0
295.5099999999859 0.0
295.5199999999859 0.0
295.5299999999859 0.0
295.53999999998587 0.0
295.54999999998586 0.0
295.55999999998585 0.0
295.56999999998584 0.0
295.57999999998583 0.0
295.5899999999858 0.0
295.5999999999858 0.0
295.6099999999858 0.0
295.6199999999858 0.0
295.6299999999858 0.0
295.6399999999858 0.0
295.64999999998577 0.0
295.65999999998576 0.0
295.66999999998575 0.0
295.67999999998574 0.0
295.68999999998573 0.0
295.6999999999857 0.0
295.7099999999857 0.0
295.7199999999857 0.0
295.7299999999857 0.0
295.7399999999857 0.0
295.7499999999857 0.0
295.75999999998567 0.0
295.76999999998566 0.0
295.77999999998565 0.0
295.78999999998564 0.0
295.79999999998563 0.0
295.8099999999856 0.0
295.8199999999856 0.0
295.8299999999856 0.0
295.8399999999856 0.0
295.8499999999856 0.0
295.8599999999856 0.0
295.86999999998557 0.0
295.87999999998556 0.0
295.88999999998555 0.0
295.89999999998554 0.0
295.90999999998553 0.0
295.9199999999855 0.0
295.9299999999855 0.0
295.9399999999855 0.0
295.9499999999855 0.0
295.9599999999855 0.0
295.9699999999855 0.0
295.97999999998547 0.0
295.98999999998546 0.0
295.99999999998545 0.0
296.00999999998544 0.0
296.01999999998543 0.0
296.0299999999854 0.0
296.0399999999854 0.0
296.0499999999854 0.0
296.0599999999854 0.0
296.0699999999854 0.0
296.0799999999854 0.0
296.08999999998537 0.0
296.09999999998536 0.0
296.10999999998535 0.0
296.11999999998534 0.0
296.12999999998533 0.0
296.1399999999853 0.0
296.1499999999853 0.0
296.1599999999853 0.0
296.1699999999853 0.0
296.1799999999853 0.0
296.1899999999853 0.0
296.19999999998527 0.0
296.20999999998526 0.0
296.21999999998525 0.0
296.22999999998524 0.0
296.23999999998523 0.0
296.2499999999852 0.0
296.2599999999852 0.0
296.2699999999852 0.0
296.2799999999852 0.0
296.2899999999852 0.0
296.2999999999852 0.0
296.30999999998517 0.0
296.31999999998516 0.0
296.32999999998515 0.0
296.33999999998514 0.0
296.34999999998513 0.0
296.3599999999851 0.0
296.3699999999851 0.0
296.3799999999851 0.0
296.3899999999851 0.0
296.3999999999851 0.0
296.4099999999851 0.0
296.41999999998507 0.0
296.42999999998506 0.0
296.43999999998505 0.0
296.44999999998504 0.0
296.45999999998503 0.0
296.469999999985 0.0
296.479999999985 0.0
296.489999999985 0.0
296.499999999985 0.0
296.509999999985 0.0
296.519999999985 0.0
296.52999999998497 0.0
296.53999999998496 0.0
296.54999999998495 0.0
296.55999999998494 0.0
296.56999999998493 0.0
296.5799999999849 0.0
296.5899999999849 0.0
296.5999999999849 0.0
296.6099999999849 0.0
296.6199999999849 0.0
296.6299999999849 0.0
296.63999999998487 0.0
296.64999999998486 0.0
296.65999999998485 0.0
296.66999999998484 0.0
296.67999999998483 0.0
296.6899999999848 0.0
296.6999999999848 0.0
296.7099999999848 0.0
296.7199999999848 0.0
296.7299999999848 0.0
296.7399999999848 0.0
296.74999999998477 0.0
296.75999999998476 0.0
296.76999999998475 0.0
296.77999999998474 0.0
296.78999999998473 0.0
296.7999999999847 0.0
296.8099999999847 0.0
296.8199999999847 0.0
296.8299999999847 0.0
296.8399999999847 0.0
296.8499999999847 0.0
296.85999999998467 0.0
296.86999999998466 0.0
296.87999999998465 0.0
296.88999999998464 0.0
296.89999999998463 0.0
296.9099999999846 0.0
296.9199999999846 0.0
296.9299999999846 0.0
296.9399999999846 0.0
296.9499999999846 0.0
296.9599999999846 0.0
296.96999999998457 0.0
296.97999999998456 0.0
296.98999999998455 0.0
296.99999999998454 0.0
297.00999999998453 0.0
297.0199999999845 0.0
297.0299999999845 0.0
297.0399999999845 0.0
297.0499999999845 0.0
297.0599999999845 0.0
297.0699999999845 0.0
297.07999999998447 0.0
297.08999999998446 0.0
297.09999999998445 0.0
297.10999999998444 0.0
297.11999999998443 0.0
297.1299999999844 0.0
297.1399999999844 0.0
297.1499999999844 0.0
297.1599999999844 0.0
297.1699999999844 0.0
297.1799999999844 0.0
297.18999999998437 0.0
297.19999999998436 0.0
297.20999999998435 0.0
297.21999999998434 0.0
297.22999999998433 0.0
297.2399999999843 0.0
297.2499999999843 0.0
297.2599999999843 0.0
297.2699999999843 0.0
297.2799999999843 0.0
297.2899999999843 0.0
297.29999999998427 0.0
297.30999999998426 0.0
297.31999999998425 0.0
297.32999999998424 0.0
297.33999999998423 0.0
297.3499999999842 0.0
297.3599999999842 0.0
297.3699999999842 0.0
297.3799999999842 0.0
297.3899999999842 0.0
297.3999999999842 0.0
297.40999999998417 0.0
297.41999999998416 0.0
297.42999999998415 0.0
297.43999999998414 0.0
297.44999999998413 0.0
297.4599999999841 0.0
297.4699999999841 0.0
297.4799999999841 0.0
297.4899999999841 0.0
297.4999999999841 0.0
297.5099999999841 0.0
297.51999999998407 0.0
297.52999999998406 0.0
297.53999999998405 0.0
297.54999999998404 0.0
297.55999999998403 0.0
297.569999999984 0.0
297.579999999984 0.0
297.589999999984 0.0
297.599999999984 0.0
297.609999999984 0.0
297.619999999984 0.0
297.62999999998397 0.0
297.63999999998396 0.0
297.64999999998395 0.0
297.65999999998394 0.0
297.66999999998393 0.0
297.6799999999839 0.0
297.6899999999839 0.0
297.6999999999839 0.0
297.7099999999839 0.0
297.7199999999839 0.0
297.7299999999839 0.0
297.73999999998387 0.0
297.74999999998386 0.0
297.75999999998385 0.0
297.76999999998384 0.0
297.77999999998383 0.0
297.7899999999838 0.0
297.7999999999838 0.0
297.8099999999838 0.0
297.8199999999838 0.0
297.8299999999838 0.0
297.8399999999838 0.0
297.84999999998377 0.0
297.85999999998376 0.0
297.86999999998375 0.0
297.87999999998374 0.0
297.88999999998373 0.0
297.8999999999837 0.0
297.9099999999837 0.0
297.9199999999837 0.0
297.9299999999837 0.0
297.9399999999837 0.0
297.9499999999837 0.0
297.95999999998367 0.0
297.96999999998366 0.0
297.97999999998365 0.0
297.98999999998364 0.0
297.99999999998363 0.0
298.0099999999836 0.0
298.0199999999836 0.0
298.0299999999836 0.0
298.0399999999836 0.0
298.0499999999836 0.0
298.0599999999836 0.0
298.06999999998357 0.0
298.07999999998356 0.0
298.08999999998355 0.0
298.09999999998354 0.0
298.10999999998353 0.0
298.1199999999835 0.0
298.1299999999835 0.0
298.1399999999835 0.0
298.1499999999835 0.0
298.1599999999835 0.0
298.1699999999835 0.0
298.17999999998347 0.0
298.18999999998346 0.0
298.19999999998345 0.0
298.20999999998344 0.0
298.21999999998343 0.0
298.2299999999834 0.0
298.2399999999834 0.0
298.2499999999834 0.0
298.2599999999834 0.0
298.2699999999834 0.0
298.2799999999834 0.0
298.28999999998337 0.0
298.29999999998336 0.0
298.30999999998335 0.0
298.31999999998334 0.0
298.32999999998333 0.0
298.3399999999833 0.0
298.3499999999833 0.0
298.3599999999833 0.0
298.3699999999833 0.0
298.3799999999833 0.0
298.3899999999833 0.0
298.39999999998327 0.0
298.40999999998326 0.0
298.41999999998325 0.0
298.42999999998324 0.0
298.43999999998323 0.0
298.4499999999832 0.0
298.4599999999832 0.0
298.4699999999832 0.0
298.4799999999832 0.0
298.4899999999832 0.0
298.4999999999832 0.0
298.50999999998317 0.0
298.51999999998316 0.0
298.52999999998315 0.0
298.53999999998314 0.0
298.54999999998313 0.0
298.5599999999831 0.0
298.5699999999831 0.0
298.5799999999831 0.0
298.5899999999831 0.0
298.5999999999831 0.0
298.6099999999831 0.0
298.61999999998307 0.0
298.62999999998306 0.0
298.63999999998305 0.0
298.64999999998304 0.0
298.65999999998303 0.0
298.669999999983 0.0
298.679999999983 0.0
298.689999999983 0.0
298.699999999983 0.0
298.709999999983 0.0
298.719999999983 0.0
298.72999999998297 0.0
298.73999999998296 0.0
298.74999999998295 0.0
298.75999999998294 0.0
298.76999999998293 0.0
298.7799999999829 0.0
298.7899999999829 0.0
298.7999999999829 0.0
298.8099999999829 0.0
298.8199999999829 0.0
298.8299999999829 0.0
298.83999999998287 0.0
298.84999999998286 0.0
298.85999999998285 0.0
298.86999999998284 0.0
298.87999999998283 0.0
298.8899999999828 0.0
298.8999999999828 0.0
298.9099999999828 0.0
298.9199999999828 0.0
298.9299999999828 0.0
298.9399999999828 0.0
298.94999999998277 0.0
298.95999999998276 0.0
298.96999999998275 0.0
298.97999999998274 0.0
298.98999999998273 0.0
298.9999999999827 0.0
299.0099999999827 0.0
299.0199999999827 0.0
299.0299999999827 0.0
299.0399999999827 0.0
299.0499999999827 0.0
299.05999999998267 0.0
299.06999999998266 0.0
299.07999999998265 0.0
299.08999999998264 0.0
299.09999999998263 0.0
299.1099999999826 0.0
299.1199999999826 0.0
299.1299999999826 0.0
299.1399999999826 0.0
299.1499999999826 0.0
299.1599999999826 0.0
299.16999999998256 0.0
299.17999999998256 0.0
299.18999999998255 0.0
299.19999999998254 0.0
299.20999999998253 0.0
299.2199999999825 0.0
299.2299999999825 0.0
299.2399999999825 0.0
299.2499999999825 0.0
299.2599999999825 0.0
299.2699999999825 0.0
299.27999999998246 0.0
299.28999999998246 0.0
299.29999999998245 0.0
299.30999999998244 0.0
299.31999999998243 0.0
299.3299999999824 0.0
299.3399999999824 0.0
299.3499999999824 0.0
299.3599999999824 0.0
299.3699999999824 0.0
299.3799999999824 0.0
299.38999999998236 0.0
299.39999999998236 0.0
299.40999999998235 0.0
299.41999999998234 0.0
299.42999999998233 0.0
299.4399999999823 0.0
299.4499999999823 0.0
299.4599999999823 0.0
299.4699999999823 0.0
299.4799999999823 0.0
299.4899999999823 0.0
299.49999999998226 0.0
299.50999999998226 0.0
299.51999999998225 0.0
299.52999999998224 0.0
299.53999999998223 0.0
299.5499999999822 0.0
299.5599999999822 0.0
299.5699999999822 0.0
299.5799999999822 0.0
299.5899999999822 0.0
299.5999999999822 0.0
299.60999999998216 0.0
299.61999999998216 0.0
299.62999999998215 0.0
299.63999999998214 0.0
299.64999999998213 0.0
299.6599999999821 0.0
299.6699999999821 0.0
299.6799999999821 0.0
299.6899999999821 0.0
299.6999999999821 0.0
299.7099999999821 0.0
299.71999999998206 0.0
299.72999999998206 0.0
299.73999999998205 0.0
299.74999999998204 0.0
299.759999999982 0.0
299.769999999982 0.0
299.779999999982 0.0
299.789999999982 0.0
299.799999999982 0.0
299.809999999982 0.0
299.819999999982 0.0
299.82999999998196 0.0
299.83999999998196 0.0
299.84999999998195 0.0
299.85999999998194 0.0
299.8699999999819 0.0
299.8799999999819 0.0
299.8899999999819 0.0
299.8999999999819 0.0
299.9099999999819 0.0
299.9199999999819 0.0
299.9299999999819 0.0
299.93999999998186 0.0
299.94999999998186 0.0
299.95999999998185 0.0
299.96999999998184 0.0
299.9799999999818 0.0
299.9899999999818 0.0
