275.0 1.61859773311e-79
275.01 4.02953981325e-79
275.02 1.0007571092e-78
275.03 2.47946867734e-78
275.04 6.1283742373e-78
275.05 1.5110841132e-77
275.06 3.71696704499e-77
275.07 9.12106374925e-77
275.08 2.23284708211e-76
275.09 5.45292068515e-76
275.1 1.3284832709e-75
275.11 3.2287893237e-75
275.12 7.82852669268e-75
275.13 1.89355129538e-74
275.14 4.56910166765e-74
275.15 1.09986980269e-73
275.16 2.64124352165e-73
275.17 6.32750243138e-73
275.18 1.51221278721e-72
275.19 3.60537299176e-72
275.2 8.57519896592e-72
275.21 2.03467439379e-71
275.22 4.81617593263e-71
275.23 1.13727757618e-70
275.24 2.67909009563e-70
275.25 6.29600219828e-70
275.26 1.47604341862e-69
275.27 3.45215354406e-69
275.28 8.05448514153e-69
275.29 1.8747448748e-68
275.3 4.35314641747e-68
275.31 1.00837271125e-67
275.32 2.33021290514e-67
275.33 5.37188654312e-67
275.34 1.23542040335e-66
275.35 2.83438875996e-66
275.36 6.48725208281e-66
275.37 1.48121752156e-65
275.38 3.37391095866e-65
275.39 7.66664056211e-65
275.4 1.73793407262e-64
275.41 3.93023213696e-64
275.42 8.8666551286e-64
275.43 1.99552944588e-63
275.44 4.48036270984e-63
275.45 1.00351742239e-62
275.46 2.24229820487e-62
275.47 4.99825640513e-62
275.48 1.11147680166e-61
275.49 2.46569289495e-61
275.5 5.45675272868e-61
275.51 1.20472042749e-60
275.52 2.65335270679e-60
275.53 5.82989057399e-60
275.54 1.27785781086e-59
275.55 2.79422497547e-59
275.56 6.09532571564e-59
275.57 1.32644478088e-58
275.58 2.87963963246e-58
275.59 6.23654152713e-58
275.6 1.34742997495e-57
275.61 2.9041918338e-57
275.62 6.24454938988e-57
275.63 1.33947193769e-56
275.64 2.86630791887e-56
275.65 6.11883549209e-56
275.66 1.30308102346e-55
275.67 2.76841231801e-55
275.68 5.86741538362e-55
275.69 1.24056523612e-54
275.7 2.61667080108e-54
275.71 5.50598823472e-54
275.72 1.15578799557e-53
275.73 2.42034786379e-53
275.74 5.05631484643e-53
275.75 1.0537731721e-52
275.76 2.19087135048e-52
275.77 4.54405233146e-52
275.78 9.40213498192e-52
275.79 1.94073549512e-51
275.8 3.99634456101e-51
275.81 8.20949063569e-51
275.82 1.68238817645e-50
275.83 3.43948098486e-50
275.84 7.01481670605e-50
275.85 1.42723816996e-49
275.86 2.8968985461e-49
275.87 5.86579430014e-49
275.88 1.18488740246e-48
275.89 2.38772355968e-48
275.9 4.80007161205e-48
275.91 9.62649297411e-48
275.92 1.92595080338e-47
275.93 3.84396115175e-47
275.94 7.65366589488e-47
275.95 1.52025597774e-46
275.96 3.01245556078e-46
275.97 5.95499344494e-46
275.98 1.17435293104e-45
275.99 2.3103229587e-45
276.0 4.53422911501e-45
276.01 8.87750525797e-45
276.02 1.73394422914e-44
276.03 3.3785941102e-44
276.04 6.56740238216e-44
276.05 1.27352636764e-43
276.06 2.46364975184e-43
276.07 4.75452023351e-43
276.08 9.15358341632e-43
276.09 1.75805434883e-42
276.1 3.36845042126e-42
276.11 6.43850047132e-42
276.12 1.22771062288e-41
276.13 2.33541467571e-41
276.14 4.43188727785e-41
276.15 8.39015755421e-41
276.16 1.58455834963e-40
276.17 2.98540369315e-40
276.18 5.61118522215e-40
276.19 1.05211413017e-39
276.2 1.9680123136e-39
276.21 3.67239577493e-39
276.22 6.83640615074e-39
276.23 1.26958839198e-38
276.24 2.35209435275e-38
276.25 4.34713617705e-38
276.26 8.01509105132e-38
276.27 1.47424744966e-37
276.28 2.70513547373e-37
276.29 4.95181445742e-37
276.3 9.04266447798e-37
276.31 1.64734734363e-36
276.32 2.99385424127e-36
276.33 5.4279124561e-36
276.34 9.81729239677e-36
276.35 1.77136201435e-35
276.36 3.18845019845e-35
276.37 5.72543723639e-35
276.38 1.02563867262e-34
276.39 1.83289179561e-34
276.4 3.26765333508e-34
276.41 5.8115480702e-34
276.42 1.03110858385e-33
276.43 1.82504543057e-33
276.44 3.2225500169e-33
276.45 5.67652249509e-33
276.46 9.97520361393e-33
276.47 1.74871036759e-32
276.48 3.0582339837e-32
276.49 5.33556290645e-32
276.5 9.28638080652e-32
276.51 1.61238757386e-31
276.52 2.79285961274e-31
276.53 4.8259795647e-31
276.54 8.31914245119e-31
276.55 1.43063337624e-30
276.56 2.45434072771e-30
276.57 4.20047171998e-30
276.58 7.17163182204e-30
276.59 1.22150321851e-29
276.6 2.07552493446e-29
276.61 3.51817958554e-29
276.62 5.94928484404e-29
276.63 1.00361751287e-28
276.64 1.6889951743e-28
276.65 2.83560214343e-28
276.66 4.74918287075e-28
276.67 7.9350414377e-28
276.68 1.32262343913e-27
276.69 2.19927703971e-27
276.7 3.6482145842e-27
276.71 6.03722719399e-27
276.72 9.96669971311e-27
276.73 1.64142837655e-26
276.74 2.69680292259e-26
276.75 4.42011117361e-26
276.76 7.22726343125e-26
276.77 1.17888457854e-25
276.78 1.91833918387e-25
276.79 3.11412627254e-25
276.8 5.04317163441e-25
276.81 8.14756790212e-25
276.82 1.31313367219e-24
276.83 2.11128370986e-24
276.84 3.38642112934e-24
276.85 5.41866176692e-24
276.86 8.6496758153e-24
276.87 1.37741347627e-23
276.88 2.18819254585e-23
276.89 3.46787512358e-23
276.9 5.48274535961e-23
276.91 8.64747691219e-23
276.92 1.36062189679e-22
276.93 2.13570965071e-22
276.94 3.34428802614e-22
276.95 5.22422468844e-22
276.96 8.1413557069e-22
276.97 1.26569283752e-21
276.98 1.96298338821e-21
276.99 3.03711779107e-21
277.0 4.68773828165e-21
277.01 7.21808159929e-21
277.02 1.10875841115e-20
277.03 1.69906024021e-20
277.04 2.59739102895e-20
277.05 3.96116200669e-20
277.06 6.02649198214e-20
277.07 9.14667548139e-20
277.08 1.38490080636e-19
277.09 2.09185113453e-19
277.1 3.15209712833e-19
277.11 4.73832796442e-19
277.12 7.10570793302e-19
277.13 1.06303190091e-18
277.14 1.58650685199e-18
277.15 2.36207844314e-18
277.16 3.50835385173e-18
277.17 5.19839376201e-18
277.18 7.68407624536e-18
277.19 1.133106857e-17
277.2 1.66688937912e-17
277.21 2.44624190022e-17
277.22 3.58136620766e-17
277.23 5.23063929131e-17
277.24 7.62109756816e-17
277.25 1.1077378138e-16
277.26 1.60625003451e-16
277.27 2.32351793168e-16
277.28 3.35301592807e-16
277.29 4.82705129653e-16
277.3 6.93242087152e-16
277.31 9.93218128329e-16
277.32 1.41958389571e-15
277.33 2.02411041531e-15
277.34 2.87914836368e-15
277.35 4.08555065585e-15
277.36 5.78354160212e-15
277.37 8.16758828851e-15
277.38 1.15066928645e-14
277.39 1.61720067531e-14
277.4 2.2674306685e-14
277.41 3.17147161261e-14
277.42 4.42531663188e-14
277.43 6.16005487576e-14
277.44 8.5542417892e-14
277.45 1.18504589912e-13
277.46 1.63774216864e-13
277.47 2.25794105707e-13
277.48 3.10553465062e-13
277.49 4.26105232806e-13
277.5 5.8324908402e-13
277.51 7.96430663949e-13
277.52 1.08492218424e-12
277.53 1.4743680671e-12
277.54 1.99880281319e-12
277.55 2.70327792209e-12
277.56 3.64727199947e-12
277.57 4.90910495298e-12
277.58 6.59163560883e-12
277.59 8.8295948213e-12
277.6 1.17989963829e-11
277.61 1.57291795763e-11
277.62 2.09181745659e-11
277.63 2.77522503594e-11
277.64 3.67307110786e-11
277.65 4.84972571389e-11
277.66 6.38795322303e-11
277.67 8.3938844649e-11
277.68 1.10032493964e-10
277.69 1.43891664247e-10
277.7 1.87718477933e-10
277.71 2.44306556437e-10
277.72 3.17190323503e-10
277.73 4.10829335435e-10
277.74 5.30835151363e-10
277.75 6.84249690901e-10
277.76 8.79885692081e-10
277.77 1.12874180684e-09
277.78 1.44450708316e-09
277.79 1.84417211149e-09
277.8 2.34876698667e-09
277.81 2.98424948396e-09
277.82 3.78257049306e-09
277.83 4.78294781986e-09
277.84 6.03338396807e-09
277.85 7.59246846072e-09
277.86 9.53151065377e-09
277.87 1.19370548187e-08
277.88 1.49138354989e-08
277.89 1.85882377317e-08
277.9 2.31123336013e-08
277.91 2.86685736663e-08
277.92 3.54752189503e-08
277.93 4.37926062603e-08
277.94 5.39303464029e-08
277.95 6.62555611802e-08
277.96 8.12022705959e-08
277.97 9.92820461727e-08
277.98 1.21096049322e-07
277.99 1.47348574905e-07
278.0 1.78862219047e-07
278.01 2.16594786422e-07
278.02 2.61658045092e-07
278.03 3.1533842604e-07
278.04 3.7911974916e-07
278.05 4.54708037193e-07
278.06 5.44058453237e-07
278.07 6.49404365636e-07
278.08 7.73288505645e-07
278.09 9.18596138003e-07
278.1 1.08859011205e-06
278.11 1.28694760116e-06
278.12 1.51779827099e-06
278.13 1.78576354262e-06
278.14 2.09599653557e-06
278.15 2.45422218801e-06
278.16 2.86677695938e-06
278.17 3.34064742387e-06
278.18 3.88350696456e-06
278.19 4.50374967871e-06
278.2 5.21052050708e-06
278.21 6.01374050722e-06
278.22 6.92412610442e-06
278.23 7.95320107857e-06
278.24 9.11329998346e-06
278.25 1.04175616501e-05
278.26 1.1879911403e-05
278.27 1.35150306176e-05
278.28 1.53383122803e-05
278.29 1.73658012682e-05
278.3 1.96141181669e-05
278.31 2.21003655747e-05
278.32 2.48420160155e-05
278.33 2.78567807954e-05
278.34 3.11624593933e-05
278.35 3.47767692702e-05
278.36 3.87171563166e-05
278.37 4.30005865249e-05
278.38 4.76433198804e-05
278.39 5.26606678867e-05
278.4 5.80667365945e-05
278.41 6.38741574596e-05
278.42 7.00938088193e-05
278.43 7.67345312326e-05
278.44 8.3802840362e-05
278.45 9.1302641487e-05
278.46 9.9234950095e-05
278.47 0.00010759762331
278.48 0.000116385107162
278.49 0.000125588204847
278.5 0.000135193871239
278.51 0.000145185038838
278.52 0.000155540480262
278.53 0.000166234712114
278.54 0.000177237944705
278.55 0.000188516081669
278.56 0.00020003077287
278.57 0.000211739523372
278.58 0.000223595860399
278.59 0.000235549559346
278.6 0.000247546928971
278.61 0.000259531154845
278.62 0.000271442699113
278.63 0.000283219753526
278.64 0.000294798741674
278.65 0.000306114865263
278.66 0.000317102688344
278.67 0.000327696752464
278.68 0.000337832214913
278.69 0.000347445501561
278.7 0.000356474965223
278.71 0.000364861540122
278.72 0.000372549382793
278.73 0.000379486489732
278.74 0.000385625282289
278.75 0.000390923149583
278.76 0.00039534294081
278.77 0.000398853398979
278.78 0.000401429528991
278.79 0.000403052894008
278.8 0.00040371183519
278.81 0.000403401611135
278.82 0.0004021244547
278.83 0.00039988954623
278.84 0.000396712903672
278.85 0.000392617191381
278.86 0.000387631450846
278.87 0.000381790757776
278.88 0.000375135811242
278.89 0.000367712461579
278.9 0.000359571184721
278.91 0.000350766511393
278.92 0.000341356420164
278.93 0.000331401703807
278.94 0.000320965318598
278.95 0.000310111726253
278.96 0.000298906238036
278.97 0.000287414370249
278.98 0.00027570121982
278.99 0.000263830868098
279.0 0.000251865820154
279.01 0.000239866486052
279.02 0.000227890709578
279.03 0.0002159933489
279.04 0.000204225912561
279.05 0.000192636253163
279.06 0.000181268320015
279.07 0.000170161970985
279.08 0.000159352842848
279.09 0.000148872278471
279.1 0.000138747308386
279.11 0.00012900068355
279.12 0.000119650955478
279.13 0.000110712599413
279.14 0.000102196175824
279.15 9.41085251984e-05
279.16 8.64529909731e-05
279.17 7.92296653566e-05
279.18 7.24356528431e-05
279.19 6.60653463573e-05
279.2 6.01107111794e-05
279.21 5.45615720865e-05
279.22 4.94058994953e-05
279.23 4.46300907814e-05
279.24 4.02192433815e-05
279.25 3.61574167347e-05
279.26 3.24278805816e-05
279.27 2.90133476075e-05
279.28 2.58961888692e-05
279.29 2.30586308872e-05
279.3 2.04829336995e-05
279.31 1.81515495635e-05
279.32 1.6047262341e-05
279.33 1.41533079219e-05
279.34 1.24534763167e-05
279.35 1.09321962848e-05
279.36 9.5746035641e-06
279.37 8.36659392441e-06
279.38 7.29486239058e-06
279.39 6.34693006604e-06
279.4 5.51116004523e-06
279.41 4.77676392972e-06
279.42 4.13380046623e-06
279.43 3.5731678062e-06
279.44 3.08659085111e-06
279.45 2.66660509769e-06
279.46 2.30653833652e-06
279.47 2.00049148851e-06
279.48 1.74331978956e-06
279.49 1.53061545576e-06
279.5 1.35869288182e-06
279.51 1.22457734537e-06
279.52 1.12599810966e-06
279.53 1.06138673742e-06
279.54 1.02988134951e-06
279.55 1.03133748175e-06
279.56 1.0663461125e-06
279.57 1.13625934952e-06
279.58 1.24322417619e-06
279.59 1.39022456319e-06
279.6 1.58113214863e-06
279.61 1.82076557712e-06
279.62 2.1149584629e-06
279.63 2.47063580245e-06
279.64 2.89589850665e-06
279.65 3.40011554891e-06
279.66 3.99402303376e-06
279.67 4.68982927908e-06
279.68 5.50132477438e-06
279.69 6.44399562807e-06
279.7 7.53513885057e-06
279.71 8.79397753883e-06
279.72 1.02417737358e-05
279.73 1.19019364394e-05
279.74 1.38001219345e-05
279.75 1.59643233293e-05
279.76 1.84249458902e-05
279.77 2.12148645168e-05
279.78 2.43694594615e-05
279.79 2.79266262177e-05
279.8 3.19267553617e-05
279.81 3.64126780635e-05
279.82 4.14295729874e-05
279.83 4.70248303909e-05
279.84 5.32478694205e-05
279.85 6.01499048949e-05
279.86 6.77836602757e-05
279.87 7.62030240547e-05
279.88 8.54626474415e-05
279.89 9.56174820158e-05
279.9 0.000106722256918
279.91 0.000118830896177
279.92 0.000131995877905
279.93 0.000146267538352
279.94 0.000161693325092
279.95 0.000178317005042
279.96 0.000196177834396
279.97 0.000215309699023
279.98 0.000235740235246
279.99 0.000257489942315
280.0 0.000280571299128
280.01 0.000304987898883
280.02 0.000330733616312
280.03 0.000357791822941
280.04 0.000386134666279
280.05 0.000415722429151
280.06 0.000446502985302
280.07 0.00047841136702
280.08 0.000511369459823
280.09 0.000545285838154
280.1 0.000580055754622
280.11 0.000615561293509
280.12 0.000651671697187
280.13 0.000688243871614
280.14 0.000725123074402
280.15 0.000762143786006
280.16 0.000799130761432
280.17 0.000835900256653
280.18 0.000872261420578
280.19 0.000908017840147
280.2 0.000942969222888
280.21 0.000976913198239
280.22 0.00100964721609
280.23 0.00104097051853
280.24 0.00107068615852
280.25 0.00109860303772
280.26 0.00112453793416
280.27 0.00114831749011
280.28 0.00116978012999
280.29 0.00118877787887
280.3 0.0012051780531
280.31 0.00121886479595
280.32 0.00122974043368
280.33 0.00123772662978
280.34 0.00124276531838
280.35 0.00124481940135
280.36 0.0012438731975
280.37 0.00123993263621
280.38 0.00123302519227
280.39 0.00122319956307
280.4 0.00121052509329
280.41 0.00119509095683
280.42 0.00117700510944
280.43 0.00115639302927
280.44 0.00113339626603
280.45 0.00110817082207
280.46 0.00108088539152
280.47 0.00105171948503
280.48 0.0010208614694
280.49 0.000988506551916
280.5 0.000954854739346
280.51 0.000920108801272
280.52 0.000884472266411
280.53 0.000848147479105
280.54 0.000811333741287
280.55 0.000774225562864
280.56 0.000737011040831
280.57 0.000699870384464
280.58 0.000662974600858
280.59 0.000626484351775
280.6 0.00059054898952
280.61 0.000555305776279
280.62 0.000520879288164
280.63 0.000487381002236
280.64 0.000454909061938
280.65 0.000423548213861
280.66 0.000393369906511
280.67 0.000364432539866
280.68 0.000336781852938
280.69 0.00031045143539
280.7 0.000285463348449
280.71 0.000261828839914
280.72 0.000239549137938
280.73 0.000218616308562
280.74 0.000199014162482
280.75 0.000180719197397
280.76 0.000163701563364
280.77 0.000147926039887
280.78 0.00013335301493
280.79 0.000119939457691
280.8 0.000107639878652
280.81 9.64072722349e-05
280.82 8.6194039193e-05
280.83 7.69528876789e-05
280.84 6.86377137133e-05
280.85 6.12044634887e-05
280.86 5.46119815713e-05
280.87 4.8822850572e-05
280.88 4.38042292316e-05
280.89 3.95286970773e-05
280.9 3.5975114841e-05
280.91 3.31295106589e-05
280.92 3.09860026839e-05
280.93 2.9547769109e-05
280.94 2.88280767071e-05
280.95 2.8851378815e-05
280.96 2.96544932078e-05
280.97 3.12878694981e-05
280.98 3.3816954536e-05
280.99 3.73236627506e-05
281.0 4.19079564488e-05
281.01 4.76895387463e-05
281.02 5.48096590373e-05
281.03 6.34330276989e-05
281.04 7.3749833072e-05
281.05 8.59778496592e-05
281.06 0.000100364621947
281.07 0.000117189703324
281.08 0.000136766924234
281.09 0.0001594466581
281.1 0.000185618047616
281.11 0.000215711147982
281.12 0.000250198937523
281.13 0.000289599140036
281.14 0.000334475797389
281.15 0.000385440525364
281.16 0.000443153380775
281.17 0.00050832326369
281.18 0.000581707775286
281.19 0.000664112449757
281.2 0.000756389277942
281.21 0.000859434441203
281.22 0.00097418517671
281.23 0.00110161569996
281.24 0.00124273211717
281.25 0.00139856626921
281.26 0.00157016846039
281.27 0.00175859903929
281.28 0.00196491881521
281.29 0.00219017831263
281.3 0.00243540588719
281.31 0.00270159474957
281.32 0.0029896889687
281.33 0.00330056855184
281.34 0.00363503372612
281.35 0.00399378857404
281.36 0.00437742420255
281.37 0.00478640165242
281.38 0.00522103477935
281.39 0.00568147336199
281.4 0.00616768671156
281.41 0.00667944807482
281.42 0.00721632013403
281.43 0.00777764191498
281.44 0.00836251741554
281.45 0.008969806263
281.46 0.00959811669728
281.47 0.0102458011594
281.48 0.0109109547403
281.49 0.0115914167128
281.5 0.0122847753329
281.51 0.0129883760505
281.52 0.0136993332215
281.53 0.0144145453567
281.54 0.0151307138859
281.55 0.0158443653515
281.56 0.0165518768852
281.57 0.0172495047552
281.58 0.0179334157097
281.59 0.018599720782
281.6 0.0192445111654
281.61 0.0198638957148
281.62 0.0204540395881
281.63 0.0210112035037
281.64 0.02153178306
281.65 0.0220123475492
281.66 0.0224496776864
281.67 0.0228408016802
281.68 0.0231830290857
281.69 0.0234739819075
281.7 0.023711622454
281.71 0.0238942774956
281.72 0.0240206583322
281.73 0.0240898764419
281.74 0.0241014544531
281.75 0.0240553322605
281.76 0.0239518681847
281.77 0.0237918351597
281.78 0.0235764120144
281.79 0.023307169996
281.8 0.0229860547628
281.81 0.0226153641458
281.82 0.0221977220464
281.83 0.021736048896
281.84 0.0212335291542
281.85 0.0206935763617
281.86 0.0201197962931
281.87 0.0195159487746
281.88 0.0188859087373
281.89 0.0182336270731
281.9 0.0175630918467
281.91 0.0168782903915
281.92 0.0161831727818
281.93 0.0154816171363
281.94 0.0147773971533
281.95 0.0140741522266
281.96 0.0133753604324
281.97 0.0126843146139
281.98 0.0120041017292
281.99 0.0113375855648
282.0 0.010687392855
282.01 0.0100559027904
282.02 0.00944523984356
282.03 0.00885726978826
282.04 0.0082935987485
282.05 0.00775557507138
282.06 0.00724429378966
282.07 0.00676060341415
282.08 0.00630511477917
282.09 0.00587821165388
282.1 0.00548006282837
282.11 0.00511063538574
282.12 0.00476970887943
282.13 0.00445689014778
282.14 0.00417162851533
282.15 0.0039132311506
282.16 0.003680878374
282.17 0.00347363873425
282.18 0.00329048369851
282.19 0.00313030182777
282.2 0.00299191233571
282.21 0.00287407795435
282.22 0.00277551705391
282.23 0.00269491498596
282.24 0.00263093463856
282.25 0.00258222620894
282.26 0.00254743621334
282.27 0.00252521576478
282.28 0.00251422815797
282.29 0.00251315580599
282.3 0.00252070657641
282.31 0.00253561957491
282.32 0.00255667042311
282.33 0.00258267607371
282.34 0.00261249920143
282.35 0.00264505220214
282.36 0.00267930082611
282.37 0.00271426746423
282.38 0.00274903409889
282.39 0.00278274492473
282.4 0.00281460863791
282.41 0.00284390038753
282.42 0.00286996337819
282.43 0.00289221010944
282.44 0.00291012323601
282.45 0.00292325603189
282.46 0.00293123244194
282.47 0.00293374670654
282.48 0.00293056254795
282.49 0.00292151191081
282.5 0.00290649325458
282.51 0.00288546940102
282.52 0.00285846494629
282.53 0.00282556325355
282.54 0.00278690304885
282.55 0.00274267464924
282.56 0.00269311585862
282.57 0.00263850757225
282.58 0.00257916913611
282.59 0.00251545351145
282.6 0.00244774229815
282.61 0.00237644067294
282.62 0.00230197229955
282.63 0.0022247742684
282.64 0.00214529212192
282.65 0.00206397502017
282.66 0.001981271098
282.67 0.00189762306135
282.68 0.00181346406554
282.69 0.00172921391291
282.7 0.0016452756014
282.71 0.00156203224947
282.72 0.00147984441594
282.73 0.00139904782695
282.74 0.00131995151573
282.75 0.00124283637427
282.76 0.00116795411023
282.77 0.00109552659661
282.78 0.00102574559677
282.79 0.000958772842861
282.8 0.000894740441961
282.81 0.00083375158103
282.82 0.000775881499577
282.83 0.000721178697102
282.84 0.000669666341549
282.85 0.000621343844663
282.86 0.00057618857053
282.87 0.000534157644468
282.88 0.000495189830894
282.89 0.00045920745061
282.9 0.000426118310192
282.91 0.000395817618615
282.92 0.000368189868943
282.93 0.000343110665712
282.94 0.000320448481453
282.95 0.000300066328648
282.96 0.000281823336161
282.97 0.000265576221782
282.98 0.000251180654997
282.99 0.000238492506329
283.0 0.000227368981611
283.01 0.000217669641337
283.02 0.000209257306747
283.03 0.000201998855572
283.04 0.000195765911411
283.05 0.000190435431482
283.06 0.000185890198084
283.07 0.000182019219489
283.08 0.000178718046191
283.09 0.000175889008528
283.1 0.000173441381616
283.11 0.000171291483425
283.12 0.000169362711571
283.13 0.000167585524184
283.14 0.000165897369886
283.15 0.000164242571635
283.16 0.000162572168914
283.17 0.000160843722428
283.18 0.000159021085283
283.19 0.000157074144358
283.2 0.000154978535421
283.21 0.000152715335413
283.22 0.000150270735161
283.23 0.000147635695757
283.24 0.000144805591729
283.25 0.000141779844131
283.26 0.000138561546594
283.27 0.000135157087407
283.28 0.000131575770613
283.29 0.000127829439082
283.3 0.000123932102468
283.31 0.000119899572832
283.32 0.000115749110657
283.33 0.000111499083789
283.34 0.000107168641699
283.35 0.000102777407256
283.36 9.83451879554e-05
283.37 9.38917083295e-05
283.38 8.94363649431e-05
283.39 8.49980051281e-05
283.4 8.05947302743e-05
283.41 7.62437241936e-05
283.42 7.19611067532e-05
283.43 6.77618126665e-05
283.44 6.36594950253e-05
283.45 5.96664528765e-05
283.46 5.57935818785e-05
283.47 5.20503468353e-05
283.48 4.8444774696e-05
283.49 4.49834664285e-05
283.5 4.16716260312e-05
283.51 3.85131048391e-05
283.52 3.55104592035e-05
283.53 3.26650195874e-05
283.54 2.99769691128e-05
283.55 2.74454296219e-05
283.56 2.50685533702e-05
283.57 2.28436185514e-05
283.58 2.07671269582e-05
283.59 1.88349022082e-05
283.6 1.70421871031e-05
283.61 1.5383738839e-05
283.62 1.38539209481e-05
283.63 1.24467910107e-05
283.64 1.11561833431e-05
283.65 9.97578602649e-06
283.66 8.89921179842e-06
283.67 7.9200624753e-06
283.68 7.03198671327e-06
283.69 6.2287310406e-06
283.7 5.50418420869e-06
283.71 4.85241500878e-06
283.72 4.26770378761e-06
283.73 3.74456796716e-06
283.74 3.27778193178e-06
283.75 2.86239169072e-06
283.76 2.49372475583e-06
283.77 2.16739569494e-06
283.78 1.87930783043e-06
283.79 1.62565155304e-06
283.8 1.40289971219e-06
283.81 1.2078005292e-06
283.82 1.03736845809e-06
283.83 8.88873393326e-07
283.84 7.59828593958e-07
283.85 6.47977662466e-07
283.86 5.5128088282e-07
283.87 4.679011888e-07
283.88 3.96189999744e-07
283.89 3.34673128065e-07
283.9 2.82036931254e-07
283.91 2.3711485126e-07
283.92 1.98874456347e-07
283.93 1.66405075037e-07
283.94 1.38906088679e-07
283.95 1.15675928623e-07
283.96 9.6101805907e-08
283.97 7.96501857627e-08
283.98 6.58580059592e-08
283.99 5.43246269916e-08
284.0 4.47044931194e-08
284.01 3.67004761872e-08
284.02 3.00578687628e-08
284.03 2.45589892643e-08
284.04 2.00183591842e-08
284.05 1.62784111146e-08
284.06 1.32056858138e-08
284.07 1.06874769027e-08
284.08 8.62888276083e-09
284.09 6.95022668451e-09
284.1 5.58480824281e-09
284.11 4.47695091518e-09
284.12 3.5803134246e-09
284.13 2.85643461136e-09
284.14 2.27348415964e-09
284.15 1.80519393791e-09
284.16 1.42994710145e-09
284.17 1.13000439808e-09
284.18 8.90849292476e-10
284.19 7.00635562114e-10
284.2 5.49722909688e-10
284.21 4.30287876257e-10
284.22 3.35998926064e-10
284.23 2.61746010003e-10
284.24 2.03416205237e-10
284.25 1.57708180462e-10
284.26 1.21979258201e-10
284.27 9.4119746553e-11
284.28 7.24500027564e-11
284.29 5.56363797951e-11
284.3 4.26228046973e-11
284.31 3.257525284e-11
284.32 2.48368253884e-11
284.33 1.88915155138e-11
284.34 1.43350710848e-11
284.35 1.08516343165e-11
284.36 8.19506891671e-12
284.37 6.17407846274e-12
284.38 4.64038130203e-12
284.39 3.47934182682e-12
284.4 2.60256959281e-12
284.41 1.94208997884e-12
284.42 1.44576599507e-12
284.43 1.0737130906e-12
284.44 7.95499656464e-13
284.45 5.87967301702e-13
284.46 4.33538536387e-13
284.47 3.18906609163e-13
284.48 2.34024076274e-13
284.49 1.71324192938e-13
284.5 1.25123220436e-13
284.51 9.11628989679e-14
284.52 6.62611953372e-14
284.53 4.80464453906e-14
284.54 3.47555407985e-14
284.55 2.50811568102e-14
284.56 1.80564236906e-14
284.57 1.29681046619e-14
284.58 9.29141398824e-15
284.59 6.64121571683e-15
284.6 4.73558650491e-15
284.61 3.36868430185e-15
284.62 2.39060125606e-15
284.63 1.69244361197e-15
284.64 1.19531246751e-15
284.65 8.42187538657e-16
284.66 5.91965283547e-16
284.67 4.15091341769e-16
284.68 2.90369547658e-16
284.69 2.026368216e-16
284.7 1.4107352331e-16
284.71 9.79788778347e-17
284.72 6.78858341391e-17
284.73 4.69229768006e-17
284.74 3.23557599044e-17
284.75 2.22575447218e-17
284.76 1.52743402384e-17
284.77 1.04570015988e-17
284.78 7.14186030128e-18
284.79 4.86603181997e-18
284.8 3.30748520982e-18
284.81 2.24274659445e-18
284.82 1.51712647298e-18
284.83 1.02381764592e-18
284.84 6.89259301918e-19
284.85 4.62915605277e-19
284.86 3.10155957037e-19
284.87 2.07308692392e-19
284.88 1.38233701882e-19
284.89 9.19537334667e-20
284.9 6.10216237372e-20
284.91 4.03977408931e-20
284.92 2.66802128001e-20
284.93 1.75784408932e-20
284.94 1.15539433894e-20
284.95 7.57598142227e-21
284.96 4.95571492356e-21
284.97 3.23394362962e-21
284.98 2.10531583527e-21
284.99 1.36729025193e-21
285.0 8.85855313812e-22
285.01 5.72563233235e-22
285.02 3.69183831146e-22
285.03 2.37476374974e-22
285.04 1.52390060733e-22
285.05 9.7555405016e-23
285.06 6.23023551455e-23
285.07 3.96931894312e-23
285.08 2.52281791297e-23
285.09 1.59961019666e-23
285.1 1.01181413689e-23
285.11 6.38477528142e-24
285.12 4.01928458683e-24
285.13 2.52412082853e-24
285.14 1.58135632317e-24
285.15 9.88342632438e-25
285.16 6.16230918805e-25
285.17 3.83298908054e-25
285.18 2.37842683777e-25
285.19 1.47231285944e-25
285.2 9.09218962105e-26
285.21 5.60137838948e-26
285.22 3.44254292219e-26
285.23 2.11067720233e-26
285.24 1.290988151e-26
285.25 7.87735927019e-27
285.26 4.795092498e-27
285.27 2.91186504807e-27
285.28 1.76401955745e-27
285.29 1.06608891103e-27
285.3 6.42748859317e-28
285.31 3.86586818757e-28
285.32 2.31958659032e-28
285.33 1.38845541291e-28
285.34 8.29107930491e-29
285.35 4.93910165987e-29
285.36 2.93523317967e-29
285.37 1.74018323441e-29
285.38 1.02921252919e-29
285.39 6.07257439429e-30
285.4 3.57436008807e-30
285.41 2.09885009974e-30
285.42 1.22948203881e-30
285.43 7.18489763812e-31
285.44 4.18867434201e-31
285.45 2.43607248823e-31
285.46 1.41338800758e-31
285.47 8.18069434702e-32
285.48 4.72363667632e-32
285.49 2.72094865178e-32
285.5 1.56358585448e-32
285.51 8.96356211191e-33
285.52 5.12621752244e-33
285.53 2.92462989624e-33
285.54 1.66457080056e-33
285.55 9.45128999159e-34
285.56 5.35349439495e-34
285.57 3.02510915806e-34
285.58 1.70530541285e-34
285.59 9.59004623226e-35
285.6 5.3801778147e-35
285.61 3.01113304041e-35
285.62 1.68120485035e-35
285.63 9.36415703265e-36
285.64 5.20324282863e-36
285.65 2.88427617353e-36
285.66 1.59498616871e-36
285.67 8.79902032132e-37
285.68 4.8424933178e-37
285.69 2.65864921188e-37
285.7 1.45616416205e-37
285.71 7.95640565285e-38
285.72 4.3369135623e-38
285.73 2.35831534204e-38
285.74 1.27932308745e-38
285.75 6.92334288221e-39
285.76 3.73773646207e-39
285.77 2.01306935523e-39
285.78 1.08159834375e-39
285.79 5.79736302423e-40
285.8 3.09993207121e-40
285.81 1.65360222602e-40
285.82 8.79968449296e-41
285.83 4.67154275208e-41
285.84 2.47406280512e-41
285.85 1.30712846048e-41
285.86 6.88942492352e-42
285.87 3.62247015327e-42
285.88 1.90013210288e-42
285.89 9.94305641139e-43
285.9 5.1905470545e-43
285.91 2.70310848464e-43
285.92 1.40433566746e-43
285.93 7.27839258867e-44
285.94 3.76319845798e-44
285.95 1.94104611869e-44
285.96 9.98784208386e-45
285.97 5.12701460551e-45
285.98 2.62551503956e-45
285.99 1.34128642223e-45
286.0 6.83574104688e-46
286.01 3.47541544322e-46
286.02 1.76272634481e-46
286.03 8.91908089046e-47
286.04 4.50207103588e-47
286.05 2.2670526762e-47
286.06 1.13885360674e-47
286.07 5.70730666355e-48
286.08 2.85332687645e-48
286.09 1.42307848313e-48
286.1 7.0804877957e-49
286.11 3.51442679347e-49
286.12 1.74021462998e-49
286.13 8.5962317687e-50
286.14 4.23614092055e-50
286.15 2.08252229253e-50
286.16 1.02132953654e-50
286.17 4.99688198674e-51
286.18 2.43887340194e-51
286.19 1.18750755548e-51
286.2 5.76820200009e-52
286.21 2.79512665052e-52
286.22 1.35119947616e-52
286.23 6.51619973872e-53
286.24 3.13491844291e-53
286.25 1.50457915434e-53
286.26 7.20378537282e-54
286.27 3.44083159189e-54
286.28 1.63954368388e-54
286.29 7.79362468509e-55
286.3 3.69583776932e-55
286.31 1.74840976638e-55
286.32 8.25145351427e-56
286.33 3.88485306053e-56
286.34 1.8246334774e-56
286.35 8.54935950912e-57
286.36 3.9962110571e-57
286.37 1.86346030963e-57
286.38 8.66859606885e-58
286.39 4.02285401404e-58
286.4 1.86241586409e-58
286.41 8.60153443874e-59
286.42 3.96307307473e-59
286.43 1.82156680293e-59
286.44 8.35247140331e-60
286.45 3.82068964253e-60
286.46 1.7435138078e-60
286.47 7.93717370505e-61
286.48 3.60465114009e-61
286.49 1.63311757773e-61
286.5 7.3812263364e-62
286.51 3.32810060032e-62
286.52 1.49699799713e-62
286.53 6.7174252388e-63
286.54 3.00705457551e-63
286.55 1.34287819703e-63
286.56 5.98258360752e-64
286.57 2.65887407758e-64
286.58 1.17886371447e-64
286.59 5.21418295401e-65
286.6 2.30073057249e-65
286.61 1.01274962752e-65
286.62 4.44728794532e-66
286.63 1.94825245881e-66
286.64 8.51436063512e-67
286.65 3.7120658524e-67
286.66 1.61449284043e-67
286.67 7.00508474478e-68
286.68 3.03212764849e-68
286.69 1.30929763241e-68
286.7 5.6400908258e-69
286.71 2.42376563932e-69
286.72 1.03908711793e-69
286.73 4.44395962932e-70
286.74 1.89602934892e-70
286.75 8.07006087532e-71
286.76 3.42661545215e-71
286.77 1.4514789056e-71
286.78 6.13356381364e-72
286.79 2.58566255286e-72
286.8 1.08739567234e-72
286.81 4.56205114684e-73
286.82 1.90936735731e-73
286.83 7.97215308211e-74
286.84 3.32061523663e-74
286.85 1.37980677399e-74
286.86 5.71972010804e-75
286.87 2.36531000444e-75
286.88 9.75794005029e-76
286.89 4.01591957427e-76
286.9 1.64880255121e-76
286.91 6.75319167565e-77
286.92 2.75934677283e-77
286.93 1.12476104857e-77
286.94 4.57373534896e-78
286.95 1.85540435462e-78
286.96 7.50866774574e-79
286.97 3.03140510718e-79
286.98 1.22090491448e-79
286.99 4.9054231713e-80
287.0 1.96620087826e-80
287.01 7.86205474461e-81
287.02 3.13618021381e-81
287.03 1.24802339243e-81
287.04 4.9545156885e-82
287.05 1.96216920928e-82
287.06 7.75226250151e-83
287.07 3.05546454035e-83
287.08 1.20138661535e-83
287.09 4.71243196018e-84
287.1 1.8440137617e-84
287.11 7.19846642713e-85
287.12 2.80331931194e-85
287.13 1.08908534248e-85
287.14 4.2209286926e-86
287.15 1.63196512913e-86
287.16 6.29463410622e-87
287.17 2.42207095599e-87
287.18 9.29736729088e-88
287.19 3.56032683889e-88
287.2 1.36011772856e-88
287.21 5.1834616213e-89
287.22 1.970697769e-89
287.23 7.47440994258e-90
287.24 2.82807258928e-90
287.25 1.067482935e-90
287.26 4.01964850783e-91
287.27 1.50998267453e-91
287.28 5.65864693655e-92
287.29 2.11548513426e-92
287.3 7.8897656659e-93
287.31 2.93545195527e-93
287.32 1.08953853216e-93
287.33 4.03428853163e-94
287.34 1.49021201706e-94
287.35 5.49143579221e-95
287.36 2.01874052608e-95
287.37 7.40341057826e-96
287.38 2.70856904189e-96
287.39 9.88563853223e-97
287.4 3.59936826372e-97
287.41 1.30738825651e-97
287.42 4.73739519915e-98
287.43 1.71250319516e-98
287.44 6.17561059649e-99
287.45 2.22169866921e-99
287.46 7.97346594102e-100
287.47 2.85473545559e-100
287.48 1.01962700885e-100
287.49 3.63306801948e-101
287.5 1.29140499681e-101
287.51 4.57939526894e-102
287.52 1.61998328846e-102
287.53 5.7170194796e-103
287.54 2.01273010888e-103
287.55 7.06900270935e-104
287.56 2.47678030668e-104
287.57 8.6571223662e-105
287.58 3.01867500482e-105
287.59 1.05006429864e-105
287.6 3.64394789893e-106
287.61 1.26149390233e-106
287.62 4.35667218636e-107
287.63 1.50100224182e-107
287.64 5.15898813002e-108
287.65 1.76890474127e-108
287.66 6.05063691405e-109
287.67 2.06468816406e-109
287.68 7.02853112374e-110
287.69 2.38688450264e-110
287.7 8.08639524918e-111
287.71 2.73297244567e-111
287.72 9.21451048159e-112
287.73 3.09931708781e-112
287.74 1.03995962744e-112
287.75 3.48115751972e-113
287.76 1.16248563998e-113
287.77 3.87264996348e-114
287.78 1.2870209527e-114
287.79 4.26697123919e-115
287.8 1.41127139494e-115
287.81 4.6564836994e-116
287.82 1.53271835947e-116
287.83 5.03295858138e-117
287.84 1.64869787131e-117
287.85 5.38785031606e-118
287.86 1.75649407756e-118
287.87 5.71261007006e-119
287.88 1.85344283343e-119
287.89 5.99902307655e-120
287.9 1.93704001431e-120
287.91 6.23955150871e-121
287.92 2.00504848239e-121
287.93 6.42766308364e-122
287.94 2.0555973644e-122
287.95 6.5581254711e-123
287.96 2.08726750466e-123
287.97 6.6272480114e-124
287.98 2.09915764979e-124
287.99 6.6330551635e-125
288.0 2.09092705815e-125
288.01 6.57538030815e-126
288.02 2.06281172265e-126
288.03 6.45587369024e-127
288.04 2.01561312913e-127
288.05 6.27792397198e-128
288.06 1.95066029749e-128
288.07 6.04649860106e-129
288.08 1.86974761461e-129
288.09 5.76791348803e-130
288.1 1.77505251672e-130
288.11 5.44954689276e-131
288.12 1.66903828886e-131
288.13 5.09951559086e-132
288.14 1.55434802658e-132
288.15 4.72633310016e-133
288.16 1.43369610193e-133
288.17 4.33856991323e-134
288.18 1.30976328905e-134
288.19 3.94453436786e-135
288.2 1.18510107585e-135
288.21 3.55199018949e-136
288.22 1.06204969815e-136
288.23 3.16792316018e-137
288.24 9.42673188139e-138
288.25 2.79836517486e-138
288.26 8.28713352777e-139
288.27 2.4482795332e-139
288.28 7.21563213128e-140
288.29 2.121507062e-140
288.3 6.22259156275e-141
288.31 1.82076889589e-141
288.32 5.31489968023e-142
288.33 1.5477187113e-142
288.34 4.49620092079e-143
288.35 1.30303506514e-143
288.36 3.7672393255e-144
288.37 1.0865432906e-144
288.38 3.12627784559e-145
288.39 8.97356115181e-146
288.4 2.56956019195e-146
288.41 7.34022680208e-147
288.42 2.09178419716e-147
288.43 5.94676793399e-148
288.44 1.68656008897e-148
288.45 4.77176845018e-149
288.46 1.34683259521e-149
288.47 3.79231662329e-150
288.48 1.06525179685e-150
288.49 2.98508481593e-151
288.5 8.34483568222e-152
288.51 2.32721023133e-152
288.52 6.47455850715e-153
288.53 1.79697243729e-153
288.54 4.97541585373e-154
288.55 1.37427633918e-154
288.56 3.78682701519e-155
288.57 1.04095888808e-155
288.58 2.85462064439e-156
288.59 7.80944085805e-157
288.6 2.13131770041e-157
288.61 5.80274059756e-158
288.62 1.57606757646e-158
288.63 4.27044591531e-159
288.64 1.15432560827e-159
288.65 3.11272065834e-160
288.66 8.37353188923e-161
288.67 2.24715961952e-161
288.68 6.01611152766e-162
288.69 1.60677308415e-162
288.7 4.28104635318e-163
288.71 1.13789457031e-163
288.72 3.0172467815e-164
288.73 7.98134994354e-165
288.74 2.10619504032e-165
288.75 5.54469333298e-166
288.76 1.45617371996e-166
288.77 3.81509677766e-167
288.78 9.97136564316e-168
288.79 2.59992270556e-168
288.8 6.76274394235e-169
288.81 1.75485874211e-169
288.82 4.54274224038e-170
288.83 1.17314242052e-170
288.84 3.02231756359e-171
288.85 7.7675876569e-172
288.86 1.99153958418e-172
288.87 5.09387677598e-173
288.88 1.29976440342e-173
288.89 3.308548875e-174
288.9 8.40170023401e-175
288.91 2.12840132996e-175
288.92 5.3789384259e-176
288.93 1.35611442554e-176
288.94 3.41077295268e-177
288.95 8.55787614211e-178
288.96 2.142081027e-178
288.97 5.34887568022e-179
288.98 1.33243436487e-179
288.99 3.3112033869e-180
289.0 8.20885532547e-181
289.01 2.03018706826e-181
289.02 5.00894455004e-182
289.03 1.23285812666e-182
289.04 3.02716917122e-183
289.05 7.41509966732e-184
289.06 1.81198252529e-184
289.07 4.41720676395e-185
289.08 1.07423219273e-185
289.09 2.60618540976e-186
289.1 6.3076729348e-187
289.11 1.52296433978e-187
289.12 3.66831831199e-188
289.13 8.81456742631e-189
289.14 2.11296209263e-189
289.15 5.05288155743e-190
289.16 1.20543345855e-190
289.17 2.86882512853e-191
289.18 6.81116845993e-192
289.19 1.6132284716e-192
289.2 3.81177138539e-193
289.21 8.98492639591e-194
289.22 2.11280255224e-194
289.23 4.95632769574e-195
289.24 1.15989272233e-195
289.25 2.70789827146e-196
289.26 6.30672039698e-197
289.27 1.4653167715e-197
289.28 3.39637921331e-198
289.29 7.85339675688e-199
289.3 1.8115720602e-199
289.31 4.16879366162e-200
289.32 9.57021944775e-201
289.33 2.19174539909e-201
289.34 5.00743155009e-202
289.35 1.14129167594e-202
289.36 2.59498581797e-203
289.37 5.88613255627e-204
289.38 1.33193121862e-204
289.39 3.00670118598e-205
289.4 6.77104110067e-206
289.41 1.52116856318e-206
289.42 3.40922719168e-207
289.43 7.62239158852e-208
289.44 1.70013449537e-208
289.45 3.78296229435e-209
289.46 8.3972572195e-210
289.47 1.85951467737e-210
289.48 4.10788687476e-211
289.49 9.05303189031e-212
289.5 1.99033571228e-212
289.51 4.3653124215e-213
289.52 9.55126813345e-214
289.53 2.08479546436e-214
289.54 4.53965218907e-215
289.55 9.86139641093e-216
289.56 2.13703169909e-216
289.57 4.61998134193e-217
289.58 9.9638272514e-218
289.59 2.14372398581e-218
289.6 4.6011697445e-219
289.61 9.85199887859e-220
289.62 2.10444297651e-220
289.63 4.4844241327e-221
289.64 9.53307280894e-222
289.65 2.02169598712e-222
289.66 4.27716001634e-223
289.67 9.02717491622e-224
289.68 1.90066215448e-224
289.69 3.99222221422e-225
289.7 8.3652937637e-226
289.71 1.74865605705e-226
289.72 3.64656791576e-227
289.73 7.58614128152e-228
289.74 1.57439701152e-228
289.75 3.25959990839e-229
289.76 6.7324176082e-230
289.77 1.38718539443e-230
289.78 2.85137723448e-231
289.79 5.84697932597e-232
289.8 1.1960935506e-232
289.81 2.44093069693e-233
289.82 4.96938288042e-234
289.83 1.00926724767e-234
289.84 2.0448742699e-235
289.85 4.13317458995e-236
289.86 8.33407877455e-237
289.87 1.67644056703e-237
289.88 3.36415061972e-238
289.89 6.73471794788e-239
289.9 1.34499324216e-239
289.91 2.67964648081e-240
289.92 5.32588288882e-241
289.93 1.05599638744e-241
289.94 2.08876683101e-242
289.95 4.12167934843e-243
289.96 8.11362912142e-244
289.97 1.59335596888e-244
289.98 3.1215276137e-245
289.99 6.10068021206e-246
290.0 1.18944961441e-246
290.01 2.31350556783e-247
290.02 4.48902225081e-248
290.03 8.6893977468e-249
290.04 1.67797043981e-249
290.05 3.23247849559e-250
290.06 6.21217516192e-251
290.07 1.19099092183e-251
290.08 2.27787516314e-252
290.09 4.34618388589e-253
290.1 8.27261827503e-254
290.11 1.57084951644e-254
290.12 2.97565714321e-255
290.13 5.62325667397e-256
290.14 1.06010683452e-256
290.15 1.99373793032e-257
290.16 3.7406167818e-258
290.17 7.00124175747e-259
290.18 1.30726502062e-259
290.19 2.43505579437e-260
290.2 4.52491996985e-261
290.21 8.38821586142e-262
290.22 1.55126146174e-262
290.23 2.86191755416e-263
290.24 5.26727439689e-264
290.25 9.67100210934e-265
290.26 1.77138809839e-265
290.27 3.23677623344e-266
290.28 5.90022183526e-267
290.29 1.0729530388e-267
290.3 1.94647933563e-268
290.31 3.52269944209e-269
290.32 6.36001431962e-270
290.33 1.14550583581e-270
290.34 2.0582267979e-271
290.35 3.68931604316e-272
290.36 6.59713243048e-273
290.37 1.17685038472e-273
290.38 2.09432470056e-274
290.39 3.71812071492e-275
290.4 6.58505893802e-276
290.41 1.16346294671e-276
290.42 2.05070011942e-277
290.43 3.60585672457e-278
290.44 6.32515956366e-279
290.45 1.10685623284e-279
290.46 1.93226929974e-280
290.47 3.36512191015e-281
290.48 5.84642873817e-282
290.49 1.0132981e-282
290.5 1.75202583491e-283
290.51 3.02204198105e-284
290.52 5.20016579132e-285
290.53 8.92669294804e-286
290.54 1.52869453439e-286
290.55 2.61160528469e-287
290.56 4.45093317879e-288
290.57 7.56748065768e-289
290.58 1.28353665148e-289
290.59 2.17181055301e-290
290.6 3.66599875639e-291
290.61 6.1733286363e-292
290.62 1.03705834549e-292
290.63 1.73797567592e-293
290.64 2.90563398692e-294
290.65 4.84612742377e-295
290.66 8.06316340997e-296
290.67 1.33835955296e-296
290.68 2.21613827547e-297
290.69 3.66081359567e-298
290.7 6.03274663928e-299
290.71 9.91766116745e-300
290.72 1.62652280474e-300
290.73 2.66114020437e-301
290.74 4.34342238791e-302
290.75 7.07217639624e-303
290.76 1.14876398879e-303
290.77 1.86150947488e-304
290.78 3.00923704012e-305
290.79 4.85293256149e-306
290.8 7.80744301729e-307
290.81 1.25305490206e-307
290.82 2.00626402656e-308
290.83 3.20451849106e-309
290.84 5.10615727523e-310
290.85 8.11675248253e-311
290.86 1.28714397228e-311
290.87 2.03623857957e-312
290.88 3.21356364419e-313
290.89 5.05943311582e-314
290.9 7.94645671537e-315
290.91 1.24509329754e-315
290.92 1.9461977995e-316
290.93 3.0347908186e-317
290.94 4.72092570308e-318
290.95 7.32625242936e-319
290.96 1.13422650316e-319
290.97 1.75195678015e-320
290.98 2.69759842629e-321
290.99 4.15015142507e-322
291.0 6.42285339594e-323
291.01 9.88131291682e-324
291.02 0.0
291.03 0.0
291.04 0.0
291.05 0.0
291.06 0.0
291.07 0.0
291.08 0.0
291.09 0.0
291.1 0.0
291.11 0.0
291.12 0.0
291.13 0.0
291.14 0.0
291.15 0.0
291.16 0.0
291.17 0.0
291.18 0.0
291.19 0.0
291.2 0.0
291.21 0.0
291.22 0.0
291.23 0.0
291.24 0.0
291.25 0.0
291.26 0.0
291.27 0.0
291.28 0.0
291.29 0.0
291.3 0.0
291.31 0.0
291.32 0.0
291.33 0.0
291.34 0.0
291.35 0.0
291.36 0.0
291.37 0.0
291.38 0.0
291.39 0.0
291.4 0.0
291.41 0.0
291.42 0.0
291.43 0.0
291.44 0.0
291.45 0.0
291.46 0.0
291.47 0.0
291.48 0.0
291.49 0.0
291.5 0.0
291.51 0.0
291.52 0.0
291.53 0.0
291.54 0.0
291.55 0.0
291.56 0.0
291.57 0.0
291.58 0.0
291.59 0.0
291.6 0.0
291.61 0.0
291.62 0.0
291.63 0.0
291.64 0.0
291.65 0.0
291.66 0.0
291.67 0.0
291.68 0.0
291.69 0.0
291.7 0.0
291.71 0.0
291.72 0.0
291.73 0.0
291.74 0.0
291.75 0.0
291.76 0.0
291.77 0.0
291.78 0.0
291.79 0.0
291.8 0.0
291.81 0.0
291.82 0.0
291.83 0.0
291.84 0.0
291.85 0.0
291.86 0.0
291.87 0.0
291.88 0.0
291.89 0.0
291.9 0.0
291.91 0.0
291.92 0.0
291.93 0.0
291.94 0.0
291.95 0.0
291.96 0.0
291.97 0.0
291.98 0.0
291.99 0.0
292.0 0.0
292.01 0.0
292.02 0.0
292.03 0.0
292.04 0.0
292.05 0.0
292.06 0.0
292.07 0.0
292.08 0.0
292.09 0.0
292.1 0.0
292.11 0.0
292.12 0.0
292.13 0.0
292.14 0.0
292.15 0.0
292.16 0.0
292.17 0.0
292.18 0.0
292.19 0.0
292.2 0.0
292.21 0.0
292.22 0.0
292.23 0.0
292.24 0.0
292.25 0.0
292.26 0.0
292.27 0.0
292.28 0.0
292.29 0.0
292.3 0.0
292.31 0.0
292.32 0.0
292.33 0.0
292.34 0.0
292.35 0.0
292.36 0.0
292.37 0.0
292.38 0.0
292.39 0.0
292.4 0.0
292.41 0.0
292.42 0.0
292.43 0.0
292.44 0.0
292.45 0.0
292.46 0.0
292.47 0.0
292.48 0.0
292.49 0.0
292.5 0.0
292.51 0.0
292.52 0.0
292.53 0.0
292.54 0.0
292.55 0.0
292.56 0.0
292.57 0.0
292.58 0.0
292.59 0.0
292.6 0.0
292.61 0.0
292.62 0.0
292.63 0.0
292.64 0.0
292.65 0.0
292.66 0.0
292.67 0.0
292.68 0.0
292.69 0.0
292.7 0.0
292.71 0.0
292.72 0.0
292.73 0.0
292.74 0.0
292.75 0.0
292.76 0.0
292.77 0.0
292.78 0.0
292.79 0.0
292.8 0.0
292.81 0.0
292.82 0.0
292.83 0.0
292.84 0.0
292.85 0.0
292.86 0.0
292.87 0.0
292.88 0.0
292.89 0.0
292.9 0.0
292.91 0.0
292.92 0.0
292.93 0.0
292.94 0.0
292.95 0.0
292.96 0.0
292.97 0.0
292.98 0.0
292.99 0.0
293.0 0.0
293.01 0.0
293.02 0.0
293.03 0.0
293.04 0.0
293.05 0.0
293.06 0.0
293.07 0.0
293.08 0.0
293.09 0.0
293.1 0.0
293.11 0.0
293.12 0.0
293.13 0.0
293.14 0.0
293.15 0.0
293.16 0.0
293.17 0.0
293.18 0.0
293.19 0.0
293.2 0.0
293.21 0.0
293.22 0.0
293.23 0.0
293.24 0.0
293.25 0.0
293.26 0.0
293.27 0.0
293.28 0.0
293.29 0.0
293.3 0.0
293.31 0.0
293.32 0.0
293.33 0.0
293.34 0.0
293.35 0.0
293.36 0.0
293.37 0.0
293.38 0.0
293.39 0.0
293.4 0.0
293.41 0.0
293.42 0.0
293.43 0.0
293.44 0.0
293.45 0.0
293.46 0.0
293.47 0.0
293.48 0.0
293.49 0.0
293.5 0.0
293.51 0.0
293.52 0.0
293.53 0.0
293.54 0.0
293.55 0.0
293.56 0.0
293.57 0.0
293.58 0.0
293.59 0.0
293.6 0.0
293.61 0.0
293.62 0.0
293.63 0.0
293.64 0.0
293.65 0.0
293.66 0.0
293.67 0.0
293.68 0.0
293.69 0.0
293.7 0.0
293.71 0.0
293.72 0.0
293.73 0.0
293.74 0.0
293.75 0.0
293.76 0.0
293.77 0.0
293.78 0.0
293.79 0.0
293.8 0.0
293.81 0.0
293.82 0.0
293.83 0.0
293.84 0.0
293.85 0.0
293.86 0.0
293.87 0.0
293.88 0.0
293.89 0.0
293.9 0.0
293.91 0.0
293.92 0.0
293.93 0.0
293.94 0.0
293.95 0.0
293.96 0.0
293.97 0.0
293.98 0.0
293.99 0.0
294.0 0.0
294.01 0.0
294.02 0.0
294.03 0.0
294.04 0.0
294.05 0.0
294.06 0.0
294.07 0.0
294.08 0.0
294.09 0.0
294.1 0.0
294.11 0.0
294.12 0.0
294.13 0.0
294.14 0.0
294.15 0.0
294.16 0.0
294.17 0.0
294.18 0.0
294.19 0.0
294.2 0.0
294.21 0.0
294.22 0.0
294.23 0.0
294.24 0.0
294.25 0.0
294.26 0.0
294.27 0.0
294.28 0.0
294.29 0.0
294.3 0.0
294.31 0.0
294.32 0.0
294.33 0.0
294.34 0.0
294.35 0.0
294.36 0.0
294.37 0.0
294.38 0.0
294.39 0.0
294.4 0.0
294.41 0.0
294.42 0.0
294.43 0.0
294.44 0.0
294.45 0.0
294.46 0.0
294.47 0.0
294.48 0.0
294.49 0.0
294.5 0.0
294.51 0.0
294.52 0.0
294.53 0.0
294.54 0.0
294.55 0.0
294.56 0.0
294.57 0.0
294.58 0.0
294.59 0.0
294.6 0.0
294.61 0.0
294.62 0.0
294.63 0.0
294.64 0.0
294.65 0.0
294.66 0.0
294.67 0.0
294.68 0.0
294.69 0.0
294.7 0.0
294.71 0.0
294.72 0.0
294.73 0.0
294.74 0.0
294.75 0.0
294.76 0.0
294.77 0.0
294.78 0.0
294.79 0.0
294.8 0.0
294.81 0.0
294.82 0.0
294.83 0.0
294.84 0.0
294.85 0.0
294.86 0.0
294.87 0.0
294.88 0.0
294.89 0.0
294.9 0.0
294.91 0.0
294.92 0.0
294.93 0.0
294.94 0.0
294.95 0.0
294.96 0.0
294.97 0.0
294.98 0.0
294.99 0.0
295.0 0.0
295.01 0.0
295.02 0.0
295.03 0.0
295.04 0.0
295.05 0.0
295.06 0.0
295.07 0.0
295.08 0.0
295.09 0.0
295.1 0.0
295.11 0.0
295.12 0.0
295.13 0.0
295.14 0.0
295.15 0.0
295.16 0.0
295.17 0.0
295.18 0.0
295.19 0.0
295.2 0.0
295.21 0.0
295.22 0.0
295.23 0.0
295.24 0.0
295.25 0.0
295.26 0.0
295.27 0.0
295.28 0.0
295.29 0.0
295.3 0.0
295.31 0.0
295.32 0.0
295.33 0.0
295.34 0.0
295.35 0.0
295.36 0.0
295.37 0.0
295.38 0.0
295.39 0.0
295.4 0.0
295.41 0.0
295.42 0.0
295.43 0.0
295.44 0.0
295.45 0.0
295.46 0.0
295.47 0.0
295.48 0.0
295.49 0.0
295.5 0.0
295.51 0.0
295.52 0.0
295.53 0.0
295.54 0.0
295.55 0.0
295.56 0.0
295.57 0.0
295.58 0.0
295.59 0.0
295.6 0.0
295.61 0.0
295.62 0.0
295.63 0.0
295.64 0.0
295.65 0.0
295.66 0.0
295.67 0.0
295.68 0.0
295.69 0.0
295.7 0.0
295.71 0.0
295.72 0.0
295.73 0.0
295.74 0.0
295.75 0.0
295.76 0.0
295.77 0.0
295.78 0.0
295.79 0.0
295.8 0.0
295.81 0.0
295.82 0.0
295.83 0.0
295.84 0.0
295.85 0.0
295.86 0.0
295.87 0.0
295.88 0.0
295.89 0.0
295.9 0.0
295.91 0.0
295.92 0.0
295.93 0.0
295.94 0.0
295.95 0.0
295.96 0.0
295.97 0.0
295.98 0.0
295.99 0.0
296.0 0.0
296.01 0.0
296.02 0.0
296.03 0.0
296.04 0.0
296.05 0.0
296.06 0.0
296.07 0.0
296.08 0.0
296.09 0.0
296.1 0.0
296.11 0.0
296.12 0.0
296.13 0.0
296.14 0.0
296.15 0.0
296.16 0.0
296.17 0.0
296.18 0.0
296.19 0.0
296.2 0.0
296.21 0.0
296.22 0.0
296.23 0.0
296.24 0.0
296.25 0.0
296.26 0.0
296.27 0.0
296.28 0.0
296.29 0.0
296.3 0.0
296.31 0.0
296.32 0.0
296.33 0.0
296.34 0.0
296.35 0.0
296.36 0.0
296.37 0.0
296.38 0.0
296.39 0.0
296.4 0.0
296.41 0.0
296.42 0.0
296.43 0.0
296.44 0.0
296.45 0.0
296.46 0.0
296.47 0.0
296.48 0.0
296.49 0.0
296.5 0.0
296.51 0.0
296.52 0.0
296.53 0.0
296.54 0.0
296.55 0.0
296.56 0.0
296.57 0.0
296.58 0.0
296.59 0.0
296.6 0.0
296.61 0.0
296.62 0.0
296.63 0.0
296.64 0.0
296.65 0.0
296.66 0.0
296.67 0.0
296.68 0.0
296.69 0.0
296.7 0.0
296.71 0.0
296.72 0.0
296.73 0.0
296.74 0.0
296.75 0.0
296.76 0.0
296.77 0.0
296.78 0.0
296.79 0.0
296.8 0.0
296.81 0.0
296.82 0.0
296.83 0.0
296.84 0.0
296.85 0.0
296.86 0.0
296.87 0.0
296.88 0.0
296.89 0.0
296.9 0.0
296.91 0.0
296.92 0.0
296.93 0.0
296.94 0.0
296.95 0.0
296.96 0.0
296.97 0.0
296.98 0.0
296.99 0.0
297.0 0.0
297.01 0.0
297.02 0.0
297.03 0.0
297.04 0.0
297.05 0.0
297.06 0.0
297.07 0.0
297.08 0.0
297.09 0.0
297.1 0.0
297.11 0.0
297.12 0.0
297.13 0.0
297.14 0.0
297.15 0.0
297.16 0.0
297.17 0.0
297.18 0.0
297.19 0.0
297.2 0.0
297.21 0.0
297.22 0.0
297.23 0.0
297.24 0.0
297.25 0.0
297.26 0.0
297.27 0.0
297.28 0.0
297.29 0.0
297.3 0.0
297.31 0.0
297.32 0.0
297.33 0.0
297.34 0.0
297.35 0.0
297.36 0.0
297.37 0.0
297.38 0.0
297.39 0.0
297.4 0.0
297.41 0.0
297.42 0.0
297.43 0.0
297.44 0.0
297.45 0.0
297.46 0.0
297.47 0.0
297.48 0.0
297.49 0.0
297.5 0.0
297.51 0.0
297.52 0.0
297.53 0.0
297.54 0.0
297.55 0.0
297.56 0.0
297.57 0.0
297.58 0.0
297.59 0.0
297.6 0.0
297.61 0.0
297.62 0.0
297.63 0.0
297.64 0.0
297.65 0.0
297.66 0.0
297.67 0.0
297.68 0.0
297.69 0.0
297.7 0.0
297.71 0.0
297.72 0.0
297.73 0.0
297.74 0.0
297.75 0.0
297.76 0.0
297.77 0.0
297.78 0.0
297.79 0.0
297.8 0.0
297.81 0.0
297.82 0.0
297.83 0.0
297.84 0.0
297.85 0.0
297.86 0.0
297.87 0.0
297.88 0.0
297.89 0.0
297.9 0.0
297.91 0.0
297.92 0.0
297.93 0.0
297.94 0.0
297.95 0.0
297.96 0.0
297.97 0.0
297.98 0.0
297.99 0.0
298.0 0.0
298.01 0.0
298.02 0.0
298.03 0.0
298.04 0.0
298.05 0.0
298.06 0.0
298.07 0.0
298.08 0.0
298.09 0.0
298.1 0.0
298.11 0.0
298.12 0.0
298.13 0.0
298.14 0.0
298.15 0.0
298.16 0.0
298.17 0.0
298.18 0.0
298.19 0.0
298.2 0.0
298.21 0.0
298.22 0.0
298.23 0.0
298.24 0.0
298.25 0.0
298.26 0.0
298.27 0.0
298.28 0.0
298.29 0.0
298.3 0.0
298.31 0.0
298.32 0.0
298.33 0.0
298.34 0.0
298.35 0.0
298.36 0.0
298.37 0.0
298.38 0.0
298.39 0.0
298.4 0.0
298.41 0.0
298.42 0.0
298.43 0.0
298.44 0.0
298.45 0.0
298.46 0.0
298.47 0.0
298.48 0.0
298.49 0.0
298.5 0.0
298.51 0.0
298.52 0.0
298.53 0.0
298.54 0.0
298.55 0.0
298.56 0.0
298.57 0.0
298.58 0.0
298.59 0.0
298.6 0.0
298.61 0.0
298.62 0.0
298.63 0.0
298.64 0.0
298.65 0.0
298.66 0.0
298.67 0.0
298.68 0.0
298.69 0.0
298.7 0.0
298.71 0.0
298.72 0.0
298.73 0.0
298.74 0.0
298.75 0.0
298.76 0.0
298.77 0.0
298.78 0.0
298.79 0.0
298.8 0.0
298.81 0.0
298.82 0.0
298.83 0.0
298.84 0.0
298.85 0.0
298.86 0.0
298.87 0.0
298.88 0.0
298.89 0.0
298.9 0.0
298.91 0.0
298.92 0.0
298.93 0.0
298.94 0.0
298.95 0.0
298.96 0.0
298.97 0.0
298.98 0.0
298.99 0.0
299.0 0.0
299.01 0.0
299.02 0.0
299.03 0.0
299.04 0.0
299.05 0.0
299.06 0.0
299.07 0.0
299.08 0.0
299.09 0.0
299.1 0.0
299.11 0.0
299.12 0.0
299.13 0.0
299.14 0.0
299.15 0.0
299.16 0.0
299.17 0.0
299.18 0.0
299.19 0.0
299.2 0.0
299.21 0.0
299.22 0.0
299.23 0.0
299.24 0.0
299.25 0.0
299.26 0.0
299.27 0.0
299.28 0.0
299.29 0.0
299.3 0.0
299.31 0.0
299.32 0.0
299.33 0.0
299.34 0.0
299.35 0.0
299.36 0.0
299.37 0.0
299.38 0.0
299.39 0.0
299.4 0.0
299.41 0.0
299.42 0.0
299.43 0.0
299.44 0.0
299.45 0.0
299.46 0.0
299.47 0.0
299.48 0.0
299.49 0.0
299.5 0.0
299.51 0.0
299.52 0.0
299.53 0.0
299.54 0.0
299.55 0.0
299.56 0.0
299.57 0.0
299.58 0.0
299.59 0.0
299.6 0.0
299.61 0.0
299.62 0.0
299.63 0.0
299.64 0.0
299.65 0.0
299.66 0.0
299.67 0.0
299.68 0.0
299.69 0.0
299.7 0.0
299.71 0.0
299.72 0.0
299.73 0.0
299.74 0.0
299.75 0.0
299.76 0.0
299.77 0.0
299.78 0.0
299.79 0.0
299.8 0.0
299.81 0.0
299.82 0.0
299.83 0.0
299.84 0.0
299.85 0.0
299.86 0.0
299.87 0.0
299.88 0.0
299.89 0.0
299.9 0.0
299.91 0.0
299.92 0.0
299.93 0.0
299.94 0.0
299.95 0.0
299.96 0.0
299.97 0.0
299.98 0.0
299.99 0.0
