280.0 0.00029674186114201734
280.01 0.0003210235434559864
280.02 0.0003465063341126649
280.03 0.00037316565783869005
280.03999999999996 0.00040096672007372807
280.04999999999995 0.00042986404690290855
280.05999999999995 0.0004598011153343842
280.06999999999994 0.0004907100858469594
280.0799999999999 0.000522511648332235
280.0899999999999 0.0005551149914895806
280.0999999999999 0.0005884179044040767
280.1099999999999 0.0006223070174573207
280.1199999999999 0.0006566581879051782
280.1299999999999 0.0006913370334282284
280.1399999999999 0.000726199614749201
280.14999999999986 0.0007610932660526045
280.15999999999985 0.0007958575694758451
280.16999999999985 0.0008303254674141033
280.17999999999984 0.0008643245038424554
280.1899999999998 0.0008976781833604537
280.1999999999998 0.0009302074342603379
280.2099999999998 0.0009617321596643144
280.2199999999998 0.0009920728587218927
280.2299999999998 0.0010210522980555988
280.2399999999998 0.0010484972121391981
280.2499999999998 0.001074240010128372
280.25999999999976 0.0010981204658747357
280.26999999999975 0.0011199873674678294
280.27999999999975 0.0011397001026855391
280.28999999999974 0.0011571301572014115
280.2999999999997 0.0011721625032981094
280.3099999999997 0.0011846968581604607
280.3199999999997 0.0011946487925500778
280.3299999999997 0.0012019506727677135
280.3399999999997 0.0012065524212517345
280.3499999999997 0.0012084220838956088
280.3599999999997 0.0012075461951411605
280.36999999999966 0.0012039299350588872
280.37999999999965 0.001197597075898609
280.38999999999965 0.0011885897189170525
280.39999999999964 0.0011769678255963676
280.4099999999996 0.0011628085505920077
280.4199999999996 0.0011462053868250752
280.4299999999996 0.001127267136001871
280.4399999999996 0.0011061167204459497
280.4499999999996 0.0010828898544158732
280.4599999999996 0.0010577335950131771
280.4699999999996 0.0010308047943264243
280.47999999999956 0.0010022684755846062
280.48999999999955 0.0009722961567921371
280.49999999999955 0.000941064145583867
280.50999999999954 0.0009087518288771526
280.5199999999995 0.0008755399803238325
280.5299999999995 0.0008416091076015077
280.5399999999995 0.0008071378602623871
280.5499999999995 0.0007723015172177
280.5599999999995 0.0007372705710207651
280.5699999999995 0.000702209423971238
280.5799999999995 0.0006672752087491214
280.58999999999946 0.0006326167438539779
280.59999999999945 0.0005983736316270416
280.60999999999945 0.0005646755041254697
280.61999999999944 0.000531641419650527
280.6299999999994 0.0004993794103536925
280.6399999999994 0.00046798617910092164
280.6499999999994 0.0004375469417050188
280.6599999999994 0.0004081354087730665
280.6699999999994 0.00037981389978776546
280.6799999999994 0.000352633580669637
280.6899999999994 0.0003266348149660496
280.69999999999936 0.00030184761799125425
280.70999999999935 0.00027829220270110164
280.71999999999935 0.00025597960582302053
280.72999999999934 0.00023491238276694356
280.7399999999993 0.0002150853601020315
280.7499999999993 0.00019648643487895986
280.7599999999993 0.00017909741078626215
280.7699999999993 0.000162894862026955
280.7799999999993 0.0001478510168613731
280.7899999999993 0.00013393465395516026
280.7999999999993 0.00012111200596805903
280.80999999999926 0.00010934766618938043
280.81999999999925 9.860549543964242e-05
280.82999999999925 8.884952788500389e-05
280.83999999999924 8.004487582254756e-05
280.8499999999992 7.215863486175673e-05
280.8599999999992 6.51607922231756e-05
280.8699999999992 5.902514207270914e-05
280.8799999999992 5.3730212883740416e-05
280.8899999999992 4.926021274457287e-05
280.8999999999992 4.5605999281848804e-05
280.9099999999992 4.2766081428531476e-05
280.91999999999916 4.0747660605482854e-05
280.92999999999915 3.956771898703084e-05
280.93999999999915 3.9254162362382884e-05
280.94999999999914 3.984702466635886e-05
280.9599999999991 4.139974051585297e-05
280.9699999999991 4.398049103529412e-05
280.9799999999991 4.767362686966203e-05
280.9899999999991 5.25811705543173e-05
280.9999999999991 5.8824398327207886e-05
281.0099999999991 6.65454990251526e-05
281.0199999999991 7.590930490109848e-05
281.02999999999906 8.710508603877337e-05
281.03999999999905 0.00010034839653745262
281.04999999999905 0.00011588295681337057
281.05999999999904 0.00013398255224587302
281.069999999999 0.00015495292402652677
281.079999999999 0.00017913362350045146
281.089999999999 0.00020689979658590986
281.099999999999 0.00023866386009852586
281.109999999999 0.00027487702708157714
281.119999999999 0.0003160306336582044
281.129999999999 0.0003626572155925828
281.13999999999896 0.0004153312788046768
281.14999999999895 0.00047466970466733565
281.15999999999894 0.0005413317281741797
281.16999999999894 0.0006160184251570331
281.1799999999989 0.0006994716438108854
281.1899999999989 0.0007924723160101578
281.1999999999989 0.0008958380854253176
281.2099999999989 0.0010104201924170965
281.2199999999989 0.0011370995602256219
281.2299999999989 0.0012767820331926866
281.2399999999989 0.0014303927257406498
281.24999999999886 0.0015988694506336482
281.25999999999885 0.0017831552066818446
281.26999999999884 0.001984189719492128
281.27999999999884 0.002202900044047424
281.2899999999988 0.002440190254690649
281.2999999999988 0.0026969302663247085
281.3099999999988 0.002973943850089233
281.3199999999988 0.0032719959271560995
281.3299999999988 0.0035917792452643932
281.3399999999988 0.0039339005638064925
281.3499999999988 0.0042988664942501965
281.35999999999876 0.004687069162968563
281.36999999999875 0.005098771882649484
281.37999999999874 0.005534095035851309
281.38999999999874 0.0059930023894295605
281.3999999999987 0.006475288070957471
281.4099999999987 0.0069805644473922785
281.4199999999987 0.007508251151624295
281.4299999999987 0.008057565503758943
281.4399999999987 0.008627514570658247
281.4499999999987 0.009216889099118839
281.4599999999987 0.009824259544891453
281.46999999999866 0.010447974401456114
281.47999999999865 0.011086161009076412
281.48999999999864 0.011736728996302102
281.49999999999864 0.012397376473035442
281.5099999999986 0.013065599056912538
281.5199999999986 0.013738701773590923
281.5299999999986 0.014413813827212752
281.5399999999986 0.015087906190573949
281.5499999999986 0.015757811916215475
281.5599999999986 0.016420249020687804
281.5699999999986 0.017071845745609743
281.57999999999856 0.017709167951875392
281.58999999999855 0.01832874835850107
281.59999999999854 0.018927117296181517
281.60999999999854 0.019500834608639543
281.6199999999985 0.020046522303240544
281.6299999999985 0.020560897526948802
281.6399999999985 0.0210408054252599
281.6499999999985 0.021483251430848668
281.6599999999985 0.02188543252576791
281.6699999999985 0.022244767026389743
281.6799999999985 0.022558922453988283
281.68999999999846 0.022825841075819753
281.69999999999845 0.023043762731472163
281.70999999999844 0.023211244596655713
281.71999999999844 0.023327177580829143
281.7299999999984 0.023390799105287394
281.7399999999984 0.023401702063603598
281.7499999999984 0.02335983982553471
281.7599999999984 0.023265527207475427
281.7699999999984 0.02311943739602457
281.7799999999984 0.022922594874916397
281.7899999999984 0.02267636446816996
281.79999999999836 0.022382436672548772
281.80999999999835 0.02204280950908996
281.81999999999834 0.02165976717543273
281.82999999999834 0.021235855826941714
281.8399999999983 0.020773856854316156
281.8499999999983 0.020276758057791822
281.8599999999983 0.019747723142648062
281.8699999999983 0.0191900599771821
281.8799999999983 0.018607188062450538
281.8899999999983 0.018002605662942605
281.8999999999983 0.017379857039161905
281.90999999999826 0.01674250020725333
281.91999999999825 0.016094075627879765
281.92999999999824 0.01543807619723229
281.93999999999824 0.014777918878173077
281.9499999999982 0.014116918269984772
281.9599999999982 0.013458262372024913
281.9699999999982 0.01280499075079735
281.9799999999982 0.01215997527260556
281.9899999999982 0.011525903516088567
281.9999999999982 0.010905264931564592
282.0099999999982 0.010300339768167575
282.01999999999816 0.009713190746124567
282.02999999999815 0.00914565741095658
282.03999999999814 0.008599353069548987
282.04999999999814 0.008075664175464767
282.0599999999981 0.007575752002970093
282.0699999999981 0.007100556426279457
282.0799999999981 0.006650801602648836
282.0899999999981 0.00622700334516399
282.0999999999981 0.005829477963280663
282.1099999999981 0.005458352346158934
282.1199999999981 0.0051135750652814
282.12999999999806 0.00479492827835804
282.13999999999805 0.004502040225635447
282.14999999999804 0.004234398121929418
282.15999999999804 0.003991361262438151
282.169999999998 0.003772174177101156
282.179999999998 0.0035759796863769587
282.189999999998 0.00340183173026458
282.199999999998 0.0032487078616594725
282.209999999998 0.0031155213142225317
282.219999999998 0.0030011325734078487
282.229999999998 0.0029043603967536793
282.23999999999796 0.002823992245667308
282.24999999999795 0.0027587941054689545
282.25999999999794 0.002707519683211696
282.26999999999794 0.0026689189836399886
282.2799999999979 0.002641746272530374
282.2899999999979 0.002624767443578158
282.2999999999979 0.002616766810013085
282.3099999999979 0.002616553345355878
282.3199999999979 0.002622966399319219
282.3299999999979 0.0026348809149999916
282.3399999999979 0.002651212172419559
282.34999999999786 0.0026709200813792903
282.35999999999785 0.0026930130437529125
282.36999999999784 0.0027165514019810736
282.37999999999784 0.002740650486906362
282.3899999999978 0.0027644832744159516
282.3999999999978 0.002787282656852527
282.4099999999978 0.002808343331996508
282.4199999999978 0.0028270233097706654
282.4299999999978 0.0028427450347975965
282.4399999999978 0.0028549961216439604
282.4499999999978 0.002863329699072171
282.45999999999776 0.002867364359915793
282.46999999999775 0.002866783714292625
282.47999999999774 0.0028613355457323113
282.48999999999774 0.002850830572358967
282.4999999999977 0.002835140818445379
282.5099999999977 0.00281419760533583
282.5199999999977 0.002787989174795762
282.5299999999977 0.002756557962154187
282.5399999999977 0.002719997541018397
282.5499999999977 0.0026784492657185056
282.5599999999977 0.002632098641843061
282.56999999999766 0.0025811714591251465
282.57999999999765 0.00252592972441095
282.58999999999764 0.0024666674353840444
282.59999999999764 0.002403706238039927
282.6099999999976 0.0023373910125372454
282.6199999999976 0.0022680854329457122
282.6299999999976 0.0021961675465382653
282.6399999999976 0.002122025417630323
282.6499999999976 0.002046052879566451
282.6599999999976 0.0019686454363285048
282.6699999999976 0.0018901963524415063
282.67999999999756 0.0018110929664518964
282.68999999999755 0.0017317132593289153
282.69999999999754 0.0016524227047854281
282.70999999999754 0.0015735714238292696
282.7199999999975 0.0014954916609444904
282.7299999999975 0.0014184955942696737
282.7399999999975 0.0013428734870928208
282.7499999999975 0.0012688921830199937
282.7599999999975 0.0011967939423927808
282.7699999999975 0.0011267956130137622
282.7799999999975 0.0010590881240655548
282.78999999999746 0.0009938362883417985
282.79999999999745 0.0009311788945993255
282.80999999999744 0.000871229069027874
282.81999999999744 0.0008140748825420674
282.8299999999974 0.0007597801788414374
282.8399999999974 0.0007083855969570057
282.8499999999974 0.0006599097612943386
282.8599999999974 0.0006143506119693833
282.8699999999974 0.0005716868484817397
282.8799999999974 0.0005318794604393663
282.88999999999737 0.0004948733200918932
282.89999999999736 0.00046059881279494
282.90999999999735 0.0004289734831603913
282.91999999999734 0.00039990367649144095
282.92999999999734 0.0003732861571005686
282.9399999999973 0.000349009687209215
282.9499999999973 0.0003269565522784048
282.9599999999973 0.00030700402077241324
282.9699999999973 0.0002890257284700154
282.9799999999973 0.00027289297947252615
282.9899999999973 0.0002584759579831579
282.99999999999727 0.00024564484672271304
283.00999999999726 0.00023427084948287534
283.01999999999725 0.00022422711678696591
283.02999999999724 0.00021538957492122876
283.03999999999724 0.00020763765971504642
283.0499999999972 0.00020085495738819713
283.0599999999972 0.00019492975555373496
283.0699999999972 0.00018975550807611303
283.0799999999972 0.00018523121794834847
283.0899999999972 0.0001812617426839526
283.0999999999972 0.00017775802693497687
283.10999999999717 0.0001746372671635062
283.11999999999716 0.00017182301322700942
283.12999999999715 0.00016924521170442623
283.13999999999714 0.00016684019570511603
283.14999999999714 0.00016455062578092143
283.1599999999971 0.00016232538641512408
283.1699999999971 0.0001601194424017311
283.1799999999971 0.0001578936592631625
283.1899999999971 0.00015561459169089782
283.1999999999971 0.00015325424383696513
283.2099999999971 0.0001507898051374813
283.21999999999707 0.0001482033652142794
283.22999999999706 0.00014548161127703017
283.23999999999705 0.0001426155113349758
283.24999999999704 0.00013959998642226404
283.25999999999704 0.00013643357494098446
283.269999999997 0.00013311809212798986
283.279999999997 0.00012965828755184125
283.289999999997 0.00012606150344117022
283.299999999997 0.0001223373365320613
283.309999999997 0.00011849730599678466
283.319999999997 0.00011455452987696941
283.32999999999697 0.0001105234122893832
283.33999999999696 0.00010641934350089401
283.34999999999695 0.00010225841478072627
283.35999999999694 9.805714973335534e-05
283.36999999999694 9.38322535956267e-05
283.3799999999969 8.960038174893567e-05
283.3899999999969 8.537792845416718e-05
283.3999999999969 8.118083656667092e-05
283.4099999999969 7.702442873432572e-05
283.4199999999969 7.2923260327469e-05
283.4299999999969 6.889099409900757e-05
283.43999999999687 6.494029633025637e-05
283.44999999999686 6.108275398672249e-05
283.45999999999685 5.732881219167923e-05
283.46999999999684 5.3687731127135995e-05
283.47999999999683 5.016756129446728e-05
283.4899999999968 4.677513591278496e-05
283.4999999999968 4.351607910386265e-05
283.5099999999968 4.039482840921369e-05
283.5199999999968 3.7414670108381326e-05
283.5299999999968 3.457778575763967e-05
283.5399999999968 3.188530834460324e-05
283.54999999999677 2.933738645566614e-05
283.55999999999676 2.6933254878245467e-05
283.56999999999675 2.4671310106595362e-05
283.57999999999674 2.2549189286265085e-05
283.58999999999673 2.0563851215614772e-05
283.5999999999967 1.8711658120511475e-05
283.6099999999967 1.6988457027631655e-05
283.6199999999967 1.5389659679884182e-05
283.6299999999967 1.3910320061560853e-05
283.6399999999967 1.2545208728234796e-05
283.6499999999967 1.128888326462255e-05
283.65999999999667 1.0135754320261737e-05
283.66999999999666 9.080146795821414e-06
283.67999999999665 8.116355870308092e-06
283.68999999999664 7.238697669785512e-06
283.69999999999663 6.441554480212035e-06
283.7099999999966 5.719414499627166e-06
283.7199999999966 5.06690620748737e-06
283.7299999999966 4.478827501033809e-06
283.7399999999966 3.9501698099995564e-06
283.7499999999966 3.476137451794382e-06
283.7599999999966 3.0521625298109274e-06
283.76999999999657 2.673915708126654e-06
283.77999999999656 2.33731321722931e-06
283.78999999999655 2.0385204581873683e-06
283.79999999999654 1.7739525777272692e-06
283.80999999999653 1.5402723848332315e-06
283.8199999999965 1.3343859716539595e-06
283.8299999999965 1.1534363885940982e-06
283.8399999999965 9.94795706385141e-07
283.8499999999965 8.560557775384449e-07
283.8599999999965 7.35017986703568e-07
283.8699999999965 6.296822548511726e-07
283.87999999999647 5.382355365663961e-07
283.88999999999646 4.5904002369644853e-07
283.89999999999645 3.906212426879104e-07
283.90999999999644 3.316562076380581e-07
283.91999999999643 2.8096176675507137e-07
283.9299999999964 2.3748325688297977e-07
283.9399999999964 2.0028355923547445e-07
283.9499999999964 1.6853262966850045e-07
283.9599999999964 1.4149755881464553e-07
283.9699999999964 1.185332012587123e-07
283.9799999999964 9.907339866266507e-08
283.98999999999637 8.262280931877375e-08
283.99999999999636 6.874934595875978e-08
284.00999999999635 5.707721468446063e-08
284.01999999999634 4.7280540502290025e-08
284.02999999999633 3.9077559015689653e-08
284.0399999999963 3.2225349223747645e-08
284.0499999999963 2.6515078952455324e-08
284.0599999999963 2.1767732069152088e-08
284.0699999999963 1.7830285164448326e-08
284.0799999999963 1.4572300698254773e-08
284.0899999999963 1.1882903573508314e-08
284.09999999999627 9.668108607408416e-09
284.10999999999626 7.848467309741068e-09
284.11999999999625 6.357003655727239e-09
284.12999999999624 5.1374100718697645e-09
284.13999999999623 4.1424765630580374e-09
284.1499999999962 3.332727733500274e-09
284.1599999999962 2.6752443383812045e-09
284.1699999999962 2.1426479020859535e-09
284.1799999999962 1.7122288153519263e-09
284.1899999999962 1.3652001483606898e-09
284.1999999999962 1.0860611668739214e-09
284.20999999999617 8.620561973081039e-10
284.21999999999616 6.827160425263877e-10
284.22999999999615 5.394705958692538e-10
284.23999999999614 4.2532263296728346e-10
284.24999999999613 3.3457397858949385e-10
284.2599999999961 2.625963509831755e-10
284.2699999999961 2.0564018251953132e-10
284.2799999999961 1.6067560803200592e-10
284.2899999999961 1.252606070699446e-10
284.2999999999961 9.743199008850613e-11
284.3099999999961 7.561553842131082e-11
284.31999999999607 5.855215093340951e-11
284.32999999999606 4.523732367517092e-11
284.33999999999605 3.487169960345993e-11
284.34999999999604 2.6820780152691788e-11
284.35999999999603 2.058219539290176e-11
284.369999999996 1.5759190542388538e-11
284.379999999996 1.2039209086806584e-11
284.389999999996 9.176641601711024e-12
284.399999999996 6.9789690192903236e-12
284.409999999996 5.295663503730788e-12
284.419999999996 4.009322848651428e-12
284.42999999999597 3.0286085195076204e-12
284.43999999999596 2.282635888233584e-12
284.44999999999595 1.7165302517700087e-12
284.45999999999594 1.287915978308207e-12
284.46999999999593 9.641503873677728e-13
284.4799999999959 7.201502897526944e-13
284.4899999999959 5.366888130011181e-13
284.4999999999959 3.9906434091516364e-13
284.5099999999959 2.96063052819661e-13
284.5199999999959 2.1915245991222527e-13
284.5299999999959 1.6185617354340074e-13
284.53999999999587 1.192704636423392e-13
284.54999999999586 8.769144030388783e-14
284.55999999999585 6.432830305771657e-14
284.56999999999584 4.708336812175516e-14
284.57999999999583 3.438376472065365e-14
284.5899999999958 2.5053000533852095e-14
284.5999999999958 1.8213207213443763e-14
284.6099999999958 1.3210930635924028e-14
284.6199999999958 9.56094109406763e-15
284.6299999999958 6.903797808901432e-15
284.6399999999958 4.973883644777668e-15
284.64999999999577 3.575388689346151e-15
284.65999999999576 2.564312397229643e-15
284.66999999999575 1.8350106085444653e-15
284.67999999999574 1.3101654798050119e-15
284.68999999999573 9.33326507795132e-16
284.6999999999957 6.63377708166852e-16
284.7099999999957 4.704439872505087e-16
284.7199999999957 3.328700319484806e-16
284.7299999999957 2.3499636916454605e-16
284.7399999999957 1.6552638808267082e-16
284.7499999999957 1.1633031659371072e-16
284.75999999999567 8.157143846771797e-17
284.76999999999566 5.706933684155487e-17
284.77999999999565 3.983703256784831e-17
284.78999999999564 2.7745371300685764e-17
284.79999999999563 1.9280285653517578e-17
284.8099999999956 1.3367669724493316e-17
284.8199999999956 9.247348556959537e-18
284.8299999999956 6.382605247625759e-18
284.8399999999956 4.395395285793464e-18
284.8499999999956 3.0200702609583547e-18
284.8599999999956 2.070404827527459e-18
284.86999999999557 1.41616081574518e-18
284.87999999999556 9.664711939162606e-19
284.88999999999555 6.580884305043624e-19
284.89999999999554 4.470937109897511e-19
284.90999999999553 3.030622149814305e-19
284.9199999999955 2.049669864291067e-19
284.9299999999955 1.383104179901089e-19
284.9399999999955 9.31203697623981e-20
284.9499999999955 6.2553739222968e-20
284.9599999999955 4.1925727777412794e-20
284.9699999999955 2.8036685042469965e-20
284.97999999999547 1.8706450992082048e-20
284.98999999999546 1.2453023005398551e-20
284.99999999999545 8.271357661781341e-21
285.00999999999544 5.481474516457766e-21
285.01999999999543 3.624403622811231e-21
285.0299999999954 2.3910807289374768e-21
285.0399999999954 1.5738756614665718e-21
285.0499999999954 1.033629907245531e-21
285.0599999999954 6.772954404939763e-22
285.0699999999954 4.428020738370571e-22
285.0799999999954 2.8884145305437825e-22
285.08999999999537 1.8798697035236368e-22
285.09999999999536 1.220715057356393e-22
285.10999999999535 7.908955874166166e-23
285.11999999999534 5.112605405911799e-23
285.12999999999533 3.297491178775357e-23
285.1399999999953 2.1219894932484023e-23
285.1499999999953 1.3624513695403767e-23
285.1599999999953 8.728044645324826e-24
285.1699999999953 5.578674885883791e-24
285.1799999999953 3.557650369279988e-24
285.1899999999953 2.263672390223904e-24
285.19999999999527 1.4370833395715607e-24
285.20999999999526 9.10266131486976e-25
285.21999999999525 5.752714746866412e-25
285.22999999999524 3.6273987480843636e-25
285.23999999999523 2.2821056130247846e-25
285.2499999999952 1.4324983784195368e-25
285.2599999999952 8.971611870103046e-26
285.2699999999952 5.606150230187096e-26
285.2799999999952 3.495239036960804e-26
285.2899999999952 2.1742371314727323e-26
285.2999999999952 1.3494437609240295e-26
285.30999999999517 8.356424746601554e-27
285.31999999999516 5.1630227549836974e-27
285.32999999999515 3.1827708237542445e-27
285.33999999999514 1.957602337708881e-27
285.34999999999513 1.2013272836412472e-27
285.3599999999951 7.355563458920776e-28
285.3699999999951 4.493536514412545e-28
285.3799999999951 2.738913446457336e-28
285.3899999999951 1.6656587409039132e-28
285.3999999999951 1.010674755334737e-28
285.4099999999951 6.118633787305514e-29
285.41999999999507 3.695856829437612e-29
285.42999999999506 2.2273754942061394e-29
285.43999999999505 1.339335371500949e-29
285.44999999999504 8.035313532749627e-30
285.45999999999503 4.809876081851184e-30
285.469999999995 2.872648603273787e-30
285.479999999995 1.7117828130836802e-30
285.489999999995 1.0177294572007788e-30
285.499999999995 6.037171865192085e-31
285.509999999995 3.573158083063574e-31
285.519999999995 2.1100289022644365e-31
285.52999999999497 1.243202989778805e-31
285.53999999999496 7.308245739909021e-32
285.54999999999495 4.286488659341052e-32
285.55999999999494 2.5084626757315447e-32
285.56999999999493 1.4646404422395822e-32
285.5799999999949 8.532411679362208e-33
285.5899999999949 4.95940949861531e-33
285.5999999999949 2.876110139764652e-33
285.6099999999949 1.664172803262129e-33
285.6199999999949 9.607462068568781e-34
285.6299999999949 5.533963314910595e-34
285.63999999999487 3.1803960141261158e-34
285.64999999999486 1.8236581876677603e-34
285.65999999999485 1.0433330992519677e-34
285.66999999999484 5.955521857440149e-35
285.67999999999483 3.3918289468338155e-35
285.6899999999948 1.9273710551220866e-35
285.6999999999948 1.0927328094775624e-35
285.7099999999948 6.181300871157269e-36
285.7199999999948 3.488695157670787e-36
285.7299999999948 1.9645513757380125e-36
285.7399999999948 1.1037760790558002e-36
285.74999999999477 6.187508006779839e-37
285.75999999999476 3.460730410193098e-37
285.76999999999475 1.9312431398086237e-37
285.77999999999474 1.075284335230497e-37
285.78999999999473 5.973472309348082e-38
285.7999999999947 3.310911347065572e-38
285.8099999999947 1.8309875964560906e-38
285.8199999999947 1.0102768375597657e-38
285.8299999999947 5.561763593549155e-39
285.8399999999947 3.0549336356287314e-39
285.8499999999947 1.6742031451176508e-39
285.85999999999467 9.154436917541705e-40
285.86999999999466 4.99427233700096e-40
285.87999999999465 2.7185035121628694e-40
285.88999999999464 1.4764021250774443e-40
285.89999999999463 8.000120020938595e-41
285.9099999999946 4.32519222212159e-41
285.9199999999946 2.3330894325615327e-41
285.9299999999946 1.25566680934081e-41
285.9399999999946 6.742710145795239e-42
285.9499999999946 3.612531203708799e-42
285.9599999999946 1.931104414978014e-42
285.96999999999457 1.0299518756496264e-42
285.97999999999456 5.480814814877186e-43
285.98999999999455 2.9099822289258887e-43
285.99999999999454 1.5415320240090551e-43
286.00999999999453 8.147638755272107e-44
286.0199999999945 4.296630158230229e-44
286.0299999999945 2.2606907973015855e-44
286.0399999999945 1.1867830663028487e-44
286.0499999999945 6.216107119521968e-45
286.0599999999945 3.2484980260045126e-45
286.0699999999945 1.6938060781068136e-45
286.07999999999447 8.811740994327579e-46
286.08999999999446 4.573795159772073e-46
286.09999999999445 2.3686922710505772e-46
286.10999999999444 1.2239326349955244e-46
286.11999999999443 6.309912271143171e-47
286.1299999999944 3.2456826654485167e-47
286.1399999999944 1.6657342453503558e-47
286.1499999999944 8.529474809348791e-48
286.1599999999944 4.3576844674205125e-48
286.1699999999944 2.2212946885501316e-48
286.1799999999944 1.1297269231931189e-48
286.18999999999437 5.7326797045675676e-49
286.19999999999436 2.9024100537354845e-49
286.20999999999435 1.4661444153707674e-49
286.21999999999434 7.389441496431934e-50
286.22999999999433 3.7158943618474587e-50
286.2399999999943 1.8643694498459205e-50
286.2499999999943 9.332918362816237e-51
286.2599999999943 4.661437032871969e-51
286.2699999999943 2.3229455976247887e-51
286.2799999999943 1.1549817267796113e-51
286.2899999999943 5.72964930361392e-52
286.29999999999427 2.835945088912666e-52
286.30999999999426 1.400504277055725e-52
286.31999999999425 6.900616663782475e-53
286.32999999999424 3.392408970758144e-53
286.33999999999423 1.6639694051535265e-53
286.3499999999942 8.143278732116254e-54
286.3599999999942 3.9762171093861326e-54
286.3699999999942 1.937125246997684e-54
286.3799999999942 9.415906380556792e-55
286.3899999999942 4.566499109686248e-55
286.3999999999942 2.209639548930371e-55
286.40999999999417 1.0667835246044907e-55
286.41999999999416 5.138637359558827e-56
286.42999999999415 2.469655871678186e-56
286.43999999999414 1.1842454142960423e-56
286.44999999999413 5.665833092810685e-57
286.4599999999941 2.704597445717253e-57
286.4699999999941 1.2881258008804372e-57
286.4799999999941 6.121117418281902e-58
286.4899999999941 2.9021504600220168e-58
286.4999999999941 1.372858945956856e-58
286.5099999999941 6.479607337023775e-59
286.51999999999407 3.0513233529860285e-59
286.52999999999406 1.4336546522061437e-59
286.53999999999405 6.720748319144101e-60
286.54999999999404 3.143456692523999e-60
286.55999999999403 1.466945886576607e-60
286.569999999994 6.830263622400126e-61
286.579999999994 3.1730549725162156e-61
286.589999999994 1.470735181744531e-61
286.599999999994 6.80155350923754e-62
286.609999999994 3.138329266596257e-62
286.619999999994 1.4447930446703882e-62
286.62999999999397 6.636353671741892e-63
286.63999999999396 3.041376222647109e-63
286.64999999999395 1.390680965145807e-63
286.65999999999394 6.34456151528376e-64
286.66999999999393 2.8879684922761037e-64
286.6799999999939 1.3115958165188875e-64
286.6899999999939 5.943254479391691e-65
286.6999999999939 2.6869857263147856e-65
286.7099999999939 1.212057211237489e-65
286.7199999999939 5.45503580409167e-66
286.7299999999939 2.449564132500344e-66
286.73999999999387 1.0974803279352019e-66
286.74999999999386 4.9059305248756914e-67
286.75999999999385 2.1880778021055815e-67
286.76999999999384 9.736902970784251e-68
286.77999999999383 4.3231035452034074e-68
286.7899999999938 1.915080987867914e-68
286.7999999999938 8.464384080477231e-69
286.8099999999938 3.7326759336553584e-69
286.8199999999938 1.642335641190565e-69
286.8299999999938 7.209750794260274e-70
286.8399999999938 3.157877595740767e-70
286.84999999999377 1.3800252470057678e-70
286.85999999999376 6.017214187760704e-71
286.86999999999375 2.6177044290960853e-71
286.87999999999374 1.136220030028875e-71
286.88999999999373 4.920632932731517e-72
286.8999999999937 2.126161207015424e-72
286.9099999999937 9.166174114566801e-73
286.9199999999937 3.942726984731561e-73
286.9299999999937 1.6920843027807002e-73
286.9399999999937 7.24542683228329e-74
286.9499999999937 3.0954417746970463e-74
286.95999999999367 1.3194653441033658e-74
286.96999999999366 5.611642806649168e-75
286.97999999999365 2.3812156739418315e-75
286.98999999999364 1.0081476124207859e-75
286.99999999999363 4.2585936112189476e-76
287.0099999999936 1.794836728762059e-76
287.0199999999936 7.547452256755469e-77
287.0299999999936 3.1665946659877668e-77
287.0399999999936 1.325565679548153e-77
287.0499999999936 5.536390300437174e-78
287.0599999999936 2.307112745958094e-78
287.06999999999357 9.59240724025472e-79
287.07999999999356 3.979266878294059e-79
287.08999999999355 1.6470060476524238e-79
287.09999999999354 6.801488804936177e-80
287.10999999999353 2.802395629670863e-80
287.1199999999935 1.152050644401332e-80
287.1299999999935 4.725310583903723e-81
287.1399999999935 1.9337744121962513e-81
287.1499999999935 7.89583239942096e-82
287.1599999999935 3.2166713700711864e-82
287.1699999999935 1.3074711827471753e-82
287.17999999999347 5.302421114125975e-83
287.18999999999346 2.1455219607514148e-83
287.19999999999345 8.661804331239604e-84
287.20999999999344 3.488995660190735e-84
287.21999999999343 1.402197357733313e-84
287.2299999999934 5.622565370197406e-85
287.2399999999934 2.2494509900416108e-85
287.2499999999934 8.979149644696537e-86
287.2599999999934 3.5761072473180854e-86
287.2699999999934 1.4210275913701482e-86
287.2799999999934 5.633925965839145e-87
287.28999999999337 2.2286219810545632e-87
287.29999999999336 8.79586047178062e-88
287.30999999999335 3.463673130304692e-88
287.31999999999334 1.360855822781101e-88
287.32999999999333 5.3346259935177916e-89
287.3399999999933 2.086471623040666e-89
287.3499999999933 8.142122502053106e-90
287.3599999999933 3.170147178100858e-90
287.3699999999933 1.2315097684898084e-90
287.3799999999933 4.7732363433391973e-91
287.3899999999933 1.845885071483081e-91
287.39999999999327 7.122181169840883e-92
287.40999999999326 2.7418141661061934e-92
287.41999999999325 1.053124349502358e-92
287.42999999999324 4.035877085647435e-93
287.43999999999323 1.5431667098441862e-93
287.4499999999932 5.887140462091349e-94
287.4599999999932 2.2408489684991747e-94
287.4699999999932 8.510153839871945e-95
287.4799999999932 3.2246224331655876e-95
287.4899999999932 1.219093359857545e-95
287.4999999999932 4.598452394188117e-96
287.50999999999317 1.730625336136991e-96
287.51999999999316 6.498469024671898e-97
287.52999999999315 2.434645204962157e-97
287.53999999999314 9.100744915627402e-98
287.54999999999313 3.394179713459507e-98
287.5599999999931 1.2630174650123663e-98
287.5699999999931 4.689218924543743e-99
287.5799999999931 1.7370338906867578e-99
287.5899999999931 6.419965646663755e-100
287.5999999999931 2.367411458408876e-100
287.6099999999931 8.710265936339724e-101
287.61999999999307 3.1974643589795974e-101
287.62999999999306 1.1711071624639059e-101
287.63999999999305 4.2796099538434465e-102
287.64999999999304 1.560372786066294e-102
287.65999999999303 5.676350076131673e-103
287.669999999993 2.0602816846746447e-103
287.679999999993 7.461062139506704e-104
287.689999999993 2.6958227687885794e-104
287.699999999993 9.718486626026633e-105
287.709999999993 3.4956067524815194e-105
287.719999999993 1.2544782078378152e-105
287.72999999999297 4.491798815184214e-106
287.73999999999296 1.6047008913478251e-106
287.74999999999295 5.71984834015538e-107
287.75999999999294 2.0341901903575908e-107
287.76999999999293 7.217972433482232e-108
287.7799999999929 2.555380072516119e-108
287.7899999999929 9.026354983550291e-109
287.7999999999929 3.1811630925065287e-109
287.8099999999929 1.1186032614929234e-109
287.8199999999929 3.924486569113678e-110
287.8299999999929 1.3737453406276425e-110
287.83999999999287 4.797845258090414e-111
287.84999999999286 1.6718713671177313e-111
287.85999999999285 5.812675808329605e-112
287.86999999999284 2.0163501940822522e-112
287.87999999999283 6.978666410072707e-113
287.8899999999928 2.4098806469924495e-113
287.8999999999928 8.303003983440108e-114
287.9099999999928 2.854247145854868e-114
287.9199999999928 9.789590401712652e-115
287.9299999999928 3.3500715547833545e-115
287.9399999999928 1.1438267829533615e-115
287.94999999999277 3.8965751389379653e-116
287.95999999999276 1.3244100408508938e-116
287.96999999999275 4.491366436037814e-117
287.97999999999274 1.519676433512001e-117
287.98999999999273 5.130271898421074e-118
287.9999999999927 1.7280099999023042e-118
288.0099999999927 5.807226084257824e-119
288.0199999999927 1.9471877592227933e-119
288.0299999999927 6.514236791443823e-120
288.0399999999927 2.174382102874761e-120
288.0499999999927 7.2414377498012095e-121
288.05999999999267 2.4061924043421905e-121
288.06999999999266 7.977237351800796e-122
288.07999999999265 2.6387077288984155e-122
288.08999999999264 8.708566578788137e-123
288.09999999999263 2.8676006874558677e-123
288.1099999999926 9.421223073271458e-124
288.1199999999926 3.088250424904651e-124
288.1299999999926 1.0100301642960932e-124
288.1399999999926 3.295890612959745e-125
288.1499999999926 1.0730694873921506e-125
288.1599999999926 3.4857763030462906e-126
288.16999999999257 1.1297641539942078e-126
288.17999999999256 3.653361764839352e-127
288.18999999999255 1.1787295678109007e-127
288.19999999999254 3.7944801584967515e-128
288.20999999999253 1.2187286047947023e-128
288.2199999999925 3.905515202010967e-129
288.2299999999925 1.2487234576202129e-129
288.2399999999925 3.9835549930017186e-130
288.2499999999925 1.2679203520111223e-130
288.2599999999925 4.02651886272111e-131
288.2699999999925 1.2758044473074459e-131
288.27999999999247 4.0332495511264135e-132
288.28999999999246 1.2721627796969188e-132
288.29999999999245 4.003565003623027e-133
288.30999999999244 1.2570938209999145e-133
288.31999999999243 3.9382665535413607e-134
288.3299999999924 1.231003054150194e-134
288.3399999999924 3.8391029770291734e-135
288.3499999999924 1.1945848428578289e-135
288.3599999999924 3.708692670922378e-136
288.3699999999924 1.1487917269830201e-136
288.3799999999924 3.5504087874225094e-137
288.38999999999237 1.0947930386585084e-137
288.39999999999236 3.3682343577952136e-138
288.40999999999235 1.0339253477998283e-138
288.41999999999234 3.1665960839177655e-139
288.42999999999233 9.676376643793504e-140
288.4399999999923 2.950186457188199e-140
288.4499999999923 8.974345222221583e-141
288.4599999999923 2.723784127123872e-141
288.4699999999923 8.248200389615631e-142
288.4799999999923 2.4920819998182667e-142
288.4899999999923 7.512458031266875e-143
288.49999999999227 2.259531472775951e-143
288.50999999999226 6.780650138184325e-144
288.51999999999225 2.0302096312097907e-144
288.52999999999224 6.064947364260565e-145
288.53999999999223 1.8077143007448903e-145
288.5499999999922 5.375874931741114e-146
288.5599999999922 1.5950897493991682e-146
288.5699999999922 4.7221273653279346e-147
288.5799999999922 1.3947837343110213e-147
288.5899999999922 4.110481104615897e-148
288.5999999999922 1.2086346557190882e-148
288.60999999999217 3.54579835315874e-149
288.61999999999216 1.0378859419938292e-149
288.62999999999215 3.0311109217823365e-150
288.63999999999214 8.832235359372729e-151
288.64999999999213 2.5677695340174698e-151
288.6599999999921 7.448315321102421e-152
288.6699999999921 2.155642166592933e-152
288.6799999999921 6.224606334484971e-153
288.6899999999921 1.793344454828249e-153
288.6999999999921 5.155041214856117e-154
288.7099999999921 1.4784858521728308e-154
288.71999999999207 4.2307640738407145e-155
288.72999999999206 1.2079168680424803e-155
288.73999999999205 3.440898703733856e-156
288.74999999999204 9.779650457298741e-157
288.75999999999203 2.773265064280836e-157
288.769999999992 7.846500957171403e-158
288.779999999992 2.2150181360356763e-158
288.789999999992 6.238714963643404e-159
288.799999999992 1.7531925006709122e-159
288.809999999992 4.9156467684347853e-160
288.819999999992 1.3751444918737925e-160
288.82999999999197 3.838244200783878e-161
288.83999999999196 1.068891131809485e-161
288.84999999999195 2.9699623785777065e-162
288.85999999999194 8.233510139458885e-163
288.86999999999193 2.2773810564311994e-163
288.8799999999919 6.28496676360402e-164
288.8899999999919 1.7305608290519669e-164
288.8999999999919 4.754308461894799e-165
288.9099999999919 1.3031801135214899e-165
288.9199999999919 3.5640036054415106e-166
288.9299999999919 9.724973521160728e-167
288.93999999999187 2.6476179841233307e-167
288.94999999999186 7.1918201681880985e-168
288.95999999999185 1.949121527533214e-168
288.96999999999184 5.270546131909676e-169
288.97999999999183 1.4219650482621854e-169
288.9899999999918 3.827708231235563e-170
288.9999999999918 1.0280289202545103e-170
289.0099999999918 2.7547896347347373e-171
289.0199999999918 7.365261143015509e-172
289.0299999999918 1.9647371680343768e-172
289.0399999999918 5.229225541695782e-173
289.04999999999177 1.3886311016497227e-173
289.05999999999176 3.679196672885535e-174
289.06999999999175 9.72603260229165e-175
289.07999999999174 2.5652815615265607e-175
289.08999999999173 6.750733436175718e-176
289.0999999999917 1.7724887226769213e-176
289.1099999999917 4.643362644125716e-177
289.1199999999917 1.2136635999407103e-177
289.1299999999917 3.165050557332739e-178
289.1399999999917 8.235302903671085e-179
289.1499999999917 2.1379379908583064e-179
289.15999999999167 5.537672053469951e-180
289.16999999999166 1.431119706336611e-180
289.17999999999165 3.6901268205428987e-181
289.18999999999164 9.493431543777601e-182
289.19999999999163 2.436810487078401e-182
289.2099999999916 6.24075147201096e-183
289.2199999999916 1.5946619124235863e-183
289.2299999999916 4.0655279947835245e-184
289.2399999999916 1.0341460824827659e-184
289.2499999999916 2.6246018283942445e-185
289.2599999999916 6.6460187724280564e-186
289.26999999999157 1.6790989921159873e-186
289.27999999999156 4.232604007986155e-187
289.28999999999155 1.0645242945874185e-187
289.29999999999154 2.671284329368235e-188
289.30999999999153 6.688076869869999e-189
289.3199999999915 1.6707020141153367e-189
289.3299999999915 4.164025081544242e-190
289.3399999999915 1.0354861104046392e-190
289.3499999999915 2.5691639489975374e-191
289.3599999999915 6.359983092846193e-192
289.3699999999915 1.5708571869805226e-192
289.37999999999147 3.8710969297907443e-193
289.38999999999146 9.51805015080543e-194
289.39999999999145 2.3349550903355487e-194
289.40999999999144 5.71512423273106e-195
289.41999999999143 1.395691453028991e-195
289.4299999999914 3.40071128671827e-196
289.4399999999914 8.267357288263922e-197
289.4499999999914 2.0053041426834273e-197
289.4599999999914 4.853001162198974e-198
289.4699999999914 1.171809837760006e-198
289.4799999999914 2.823062442277736e-199
289.48999999999137 6.785790209844355e-200
289.49999999999136 1.6274099743265604e-200
289.50999999999135 3.89412706204435e-201
289.51999999999134 9.296936458401306e-202
289.52999999999133 2.214553656637144e-202
289.5399999999913 5.263191255989156e-203
289.5499999999913 1.2480405504673439e-203
289.5599999999913 2.95273750761594e-204
289.5699999999913 6.97007714786389e-205
289.5799999999913 1.6415984344828595e-205
289.5899999999913 3.8575616303596684e-206
289.59999999999127 9.04430953135714e-207
289.60999999999126 2.11570231303054e-207
289.61999999999125 4.937991117035568e-208
289.62999999999124 1.1499068143458637e-208
289.63999999999123 2.6717239933101626e-209
289.6499999999912 6.193514139631996e-210
289.6599999999912 1.4325153223136505e-210
289.6699999999912 3.3058109824388262e-211
289.6799999999912 7.611554477074079e-212
289.6899999999912 1.7485791743782284e-212
289.6999999999912 4.0078719992503853e-213
289.70999999999117 9.165559556984216e-214
289.71999999999116 2.0913211244427873e-214
289.72999999999115 4.761009679463455e-215
289.73999999999114 1.0814190212059206e-215
289.74999999999113 2.450786861734976e-216
289.7599999999911 5.541580958883057e-217
289.7699999999911 1.250196909026728e-217
289.7799999999911 2.814101507414023e-218
289.7899999999911 6.320008993990008e-219
289.7999999999911 1.4161597063643379e-219
289.8099999999911 3.1660908298219434e-220
289.81999999999107 7.062380395105896e-221
289.82999999999106 1.5717933296411875e-221
289.83999999999105 3.490248718738375e-222
289.84999999999104 7.732748950912933e-223
289.85999999999103 1.7093383821975262e-223
289.869999999991 3.76997766985913e-224
289.879999999991 8.29594970600933e-225
289.889999999991 1.8214197548350264e-225
289.899999999991 3.989978670078812e-226
289.909999999991 8.720626872746493e-227
289.919999999991 1.9016974976895222e-227
289.92999999999097 4.1376310718821234e-228
289.93999999999096 8.982116703036235e-229
289.94999999999095 1.9454596230859915e-229
289.95999999999094 4.204190139078974e-230
289.96999999999093 9.064817732386941e-231
289.9799999999909 1.9500798834616898e-231
289.9899999999909 4.185644385615376e-232
289.9999999999909 8.963731773361872e-233
290.0099999999909 1.915278689256264e-233
290.0199999999909 4.0831158253225216e-234
290.0299999999909 8.684963992009733e-235
290.03999999999087 1.843151117693067e-235
290.04999999999086 3.902747596471899e-236
290.05999999999085 8.245112488968958e-237
290.06999999999084 1.7379581105402812e-237
290.07999999999083 3.65509461260267e-238
290.0899999999908 7.6696322590273166e-239
290.0999999999908 1.605709800326928e-239
290.1099999999908 3.3541012946693125e-240
290.1199999999908 6.990397783223596e-241
290.1299999999908 1.4535976232215143e-241
290.1399999999908 3.015804034621442e-242
290.14999999999077 6.242788630174237e-243
290.15999999999076 1.2893497569388968e-243
290.16999999999075 2.6569259701896455e-244
290.17999999999074 5.462667465918115e-245
290.18999999999073 1.120589821743776e-245
290.1999999999907 2.293533996519568e-246
290.2099999999907 4.683605308331653e-247
290.2199999999907 9.542715939033869e-248
290.2299999999907 1.9399042835768453e-248
290.2399999999907 3.9346418496830594e-249
290.2499999999907 7.96244986475552e-250
290.25999999999067 1.6076992673565253e-250
290.26999999999066 3.238765585759152e-251
290.27999999999065 6.509847532853515e-252
290.28999999999064 1.305505534439525e-252
290.29999999999063 2.6121807009074936e-253
290.3099999999906 5.214879945987715e-254
290.3199999999906 1.0387284149074192e-254
290.3299999999906 2.0643166168529683e-255
290.3399999999906 4.09323994666525e-256
290.3499999999906 8.097942677472258e-257
290.3599999999906 1.5984490271089859e-257
290.36999999999057 3.1480345057486545e-258
290.37999999999056 6.185812836257328e-259
290.38999999999055 1.2127482758110792e-259
290.39999999999054 2.372253823316387e-260
290.40999999999053 4.62986410256573e-261
290.4199999999905 9.015543869753619e-262
290.4299999999905 1.75158903304217e-262
290.4399999999905 3.3953856015853235e-263
290.4499999999905 6.566933023870964e-264
290.4599999999905 1.2672219012894007e-264
290.4699999999905 2.4398287939647197e-265
290.47999999999047 4.686867041986915e-266
290.48999999999046 8.983023041317474e-267
290.49999999999045 1.7178252920052108e-267
290.50999999999044 3.277570715898589e-268
290.51999999999043 6.239384469621751e-269
290.5299999999904 1.185080967699197e-269
290.5399999999904 2.2457990729576864e-270
290.5499999999904 4.2462970493723147e-271
290.5599999999904 8.010625791120708e-272
290.5699999999904 1.5077839501656842e-272
290.5799999999904 2.8315770684648893e-273
290.58999999999037 5.30559696243914e-274
290.59999999999036 9.918744976679091e-275
290.60999999999035 1.85010250559535e-275
290.61999999999034 3.4431144370349077e-276
290.62999999999033 6.393279957493224e-277
290.6399999999903 1.1844386923588979e-277
290.6499999999903 2.1893643843220784e-278
290.6599999999903 4.03775636569193e-279
290.6699999999903 7.429828187962793e-280
290.6799999999903 1.3640617481339456e-280
290.6899999999903 2.4986526595892586e-281
290.69999999999027 4.5666144408506375e-282
290.70999999999026 8.327207787100752e-283
290.71999999999025 1.5150293854900705e-283
290.72999999999024 2.750168542832672e-284
290.73999999999023 4.9809727149933626e-285
290.7499999999902 9.000893314678304e-286
290.7599999999902 1.6228323796721267e-286
290.7699999999902 2.919297218740275e-287
290.7799999999902 5.239617228370446e-288
290.7899999999902 9.382906924266823e-289
290.7999999999902 1.6764548204063623e-289
290.80999999999017 2.9885663239655234e-290
290.81999999999016 5.315578567841752e-291
290.82999999999015 9.433107503126284e-292
290.83999999999014 1.6702274801224146e-292
290.84999999999013 2.9506185242349914e-293
290.8599999999901 5.2007634781625035e-294
290.8699999999901 9.146137806876817e-295
290.8799999999901 1.6048150073428774e-295
290.8899999999901 2.8094985485715237e-296
290.8999999999901 4.9073749983374056e-297
290.9099999999901 8.55236600765256e-298
290.91999999999007 1.4870990980819335e-298
290.92999999999006 2.579943175779385e-299
290.93999999999005 4.4657763529463724e-300
290.94999999999004 7.712592712097039e-301
290.95999999999003 1.3289860565212291e-301
290.96999999999 2.2848466118822828e-302
290.97999999999 3.919315944861945e-303
290.98999999999 6.7077998812136285e-304
290.99999999999 1.1454246351659186e-304
291.00999999999 1.951504424167355e-305
291.01999999999 3.317333693058152e-306
291.02999999998997 5.626332291510309e-307
291.03999999998996 9.520904197292603e-308
291.04999999998995 1.6074875242910953e-308
291.05999999998994 2.707906256850825e-309
291.06999999998993 4.55130813356783e-310
291.0799999999899 7.632300329543e-311
291.0899999999899 1.27700107382e-311
291.0999999999899 2.131786326434e-312
291.1099999999899 3.5506893771e-313
291.1199999999899 5.900628712e-314
291.1299999999899 9.783640684e-315
291.13999999998987 1.61852458e-315
291.14999999998986 2.6714971e-316
291.15999999998985 4.3995345e-317
291.16999999998984 7.22895e-318
291.17999999998983 1.185115e-318
291.1899999999898 1.93847e-319
291.1999999999898 3.1635e-320
291.2099999999898 5.153e-321
291.2199999999898 8.35e-322
291.2299999999898 1.33e-322
291.2399999999898 2e-323
291.24999999998977 5e-324
291.25999999998976 0.0
291.26999999998975 0.0
291.27999999998974 0.0
291.28999999998973 0.0
291.2999999999897 0.0
291.3099999999897 0.0
291.3199999999897 0.0
291.3299999999897 0.0
291.3399999999897 0.0
291.3499999999897 0.0
291.35999999998967 0.0
291.36999999998966 0.0
291.37999999998965 0.0
291.38999999998964 0.0
291.39999999998963 0.0
291.4099999999896 0.0
291.4199999999896 0.0
291.4299999999896 0.0
291.4399999999896 0.0
291.4499999999896 0.0
291.4599999999896 0.0
291.46999999998957 0.0
291.47999999998956 0.0
291.48999999998955 0.0
291.49999999998954 0.0
291.50999999998953 0.0
291.5199999999895 0.0
291.5299999999895 0.0
291.5399999999895 0.0
291.5499999999895 0.0
291.5599999999895 0.0
291.5699999999895 0.0
291.57999999998947 0.0
291.58999999998946 0.0
291.59999999998945 0.0
291.60999999998944 0.0
291.61999999998943 0.0
291.6299999999894 0.0
291.6399999999894 0.0
291.6499999999894 0.0
291.6599999999894 0.0
291.6699999999894 0.0
291.6799999999894 0.0
291.68999999998937 0.0
291.69999999998936 0.0
291.70999999998935 0.0
291.71999999998934 0.0
291.72999999998933 0.0
291.7399999999893 0.0
291.7499999999893 0.0
291.7599999999893 0.0
291.7699999999893 0.0
291.7799999999893 0.0
291.7899999999893 0.0
291.79999999998927 0.0
291.80999999998926 0.0
291.81999999998925 0.0
291.82999999998924 0.0
291.83999999998923 0.0
291.8499999999892 0.0
291.8599999999892 0.0
291.8699999999892 0.0
291.8799999999892 0.0
291.8899999999892 0.0
291.8999999999892 0.0
291.90999999998917 0.0
291.91999999998916 0.0
291.92999999998915 0.0
291.93999999998914 0.0
291.94999999998913 0.0
291.9599999999891 0.0
291.9699999999891 0.0
291.9799999999891 0.0
291.9899999999891 0.0
291.9999999999891 0.0
292.0099999999891 0.0
292.01999999998907 0.0
292.02999999998906 0.0
292.03999999998905 0.0
292.04999999998904 0.0
292.05999999998903 0.0
292.069999999989 0.0
292.079999999989 0.0
292.089999999989 0.0
292.099999999989 0.0
292.109999999989 0.0
292.119999999989 0.0
292.12999999998897 0.0
292.13999999998896 0.0
292.14999999998895 0.0
292.15999999998894 0.0
292.16999999998893 0.0
292.1799999999889 0.0
292.1899999999889 0.0
292.1999999999889 0.0
292.2099999999889 0.0
292.2199999999889 0.0
292.2299999999889 0.0
292.23999999998887 0.0
292.24999999998886 0.0
292.25999999998885 0.0
292.26999999998884 0.0
292.27999999998883 0.0
292.2899999999888 0.0
292.2999999999888 0.0
292.3099999999888 0.0
292.3199999999888 0.0
292.3299999999888 0.0
292.3399999999888 0.0
292.34999999998877 0.0
292.35999999998876 0.0
292.36999999998875 0.0
292.37999999998874 0.0
292.38999999998873 0.0
292.3999999999887 0.0
292.4099999999887 0.0
292.4199999999887 0.0
292.4299999999887 0.0
292.4399999999887 0.0
292.4499999999887 0.0
292.45999999998867 0.0
292.46999999998866 0.0
292.47999999998865 0.0
292.48999999998864 0.0
292.49999999998863 0.0
292.5099999999886 0.0
292.5199999999886 0.0
292.5299999999886 0.0
292.5399999999886 0.0
292.5499999999886 0.0
292.5599999999886 0.0
292.56999999998857 0.0
292.57999999998856 0.0
292.58999999998855 0.0
292.59999999998854 0.0
292.60999999998853 0.0
292.6199999999885 0.0
292.6299999999885 0.0
292.6399999999885 0.0
292.6499999999885 0.0
292.6599999999885 0.0
292.6699999999885 0.0
292.67999999998847 0.0
292.68999999998846 0.0
292.69999999998845 0.0
292.70999999998844 0.0
292.71999999998843 0.0
292.7299999999884 0.0
292.7399999999884 0.0
292.7499999999884 0.0
292.7599999999884 0.0
292.7699999999884 0.0
292.7799999999884 0.0
292.78999999998837 0.0
292.79999999998836 0.0
292.80999999998835 0.0
292.81999999998834 0.0
292.82999999998833 0.0
292.8399999999883 0.0
292.8499999999883 0.0
292.8599999999883 0.0
292.8699999999883 0.0
292.8799999999883 0.0
292.8899999999883 0.0
292.89999999998827 0.0
292.90999999998826 0.0
292.91999999998825 0.0
292.92999999998824 0.0
292.93999999998823 0.0
292.9499999999882 0.0
292.9599999999882 0.0
292.9699999999882 0.0
292.9799999999882 0.0
292.9899999999882 0.0
292.9999999999882 0.0
293.00999999998817 0.0
293.01999999998816 0.0
293.02999999998815 0.0
293.03999999998814 0.0
293.04999999998813 0.0
293.0599999999881 0.0
293.0699999999881 0.0
293.0799999999881 0.0
293.0899999999881 0.0
293.0999999999881 0.0
293.1099999999881 0.0
293.11999999998807 0.0
293.12999999998806 0.0
293.13999999998805 0.0
293.14999999998804 0.0
293.15999999998803 0.0
293.169999999988 0.0
293.179999999988 0.0
293.189999999988 0.0
293.199999999988 0.0
293.209999999988 0.0
293.219999999988 0.0
293.22999999998797 0.0
293.23999999998796 0.0
293.24999999998795 0.0
293.25999999998794 0.0
293.26999999998793 0.0
293.2799999999879 0.0
293.2899999999879 0.0
293.2999999999879 0.0
293.3099999999879 0.0
293.3199999999879 0.0
293.3299999999879 0.0
293.33999999998787 0.0
293.34999999998786 0.0
293.35999999998785 0.0
293.36999999998784 0.0
293.37999999998783 0.0
293.3899999999878 0.0
293.3999999999878 0.0
293.4099999999878 0.0
293.4199999999878 0.0
293.4299999999878 0.0
293.4399999999878 0.0
293.44999999998777 0.0
293.45999999998776 0.0
293.46999999998775 0.0
293.47999999998774 0.0
293.48999999998773 0.0
293.4999999999877 0.0
293.5099999999877 0.0
293.5199999999877 0.0
293.5299999999877 0.0
293.5399999999877 0.0
293.5499999999877 0.0
293.55999999998767 0.0
293.56999999998766 0.0
293.57999999998765 0.0
293.58999999998764 0.0
293.59999999998763 0.0
293.6099999999876 0.0
293.6199999999876 0.0
293.6299999999876 0.0
293.6399999999876 0.0
293.6499999999876 0.0
293.6599999999876 0.0
293.66999999998757 0.0
293.67999999998756 0.0
293.68999999998755 0.0
293.69999999998754 0.0
293.70999999998753 0.0
293.7199999999875 0.0
293.7299999999875 0.0
293.7399999999875 0.0
293.7499999999875 0.0
293.7599999999875 0.0
293.7699999999875 0.0
293.77999999998747 0.0
293.78999999998746 0.0
293.79999999998745 0.0
293.80999999998744 0.0
293.81999999998743 0.0
293.8299999999874 0.0
293.8399999999874 0.0
293.8499999999874 0.0
293.8599999999874 0.0
293.8699999999874 0.0
293.8799999999874 0.0
293.88999999998737 0.0
293.89999999998736 0.0
293.90999999998735 0.0
293.91999999998734 0.0
293.92999999998733 0.0
293.9399999999873 0.0
293.9499999999873 0.0
293.9599999999873 0.0
293.9699999999873 0.0
293.9799999999873 0.0
293.9899999999873 0.0
293.99999999998727 0.0
294.00999999998726 0.0
294.01999999998725 0.0
294.02999999998724 0.0
294.03999999998723 0.0
294.0499999999872 0.0
294.0599999999872 0.0
294.0699999999872 0.0
294.0799999999872 0.0
294.0899999999872 0.0
294.0999999999872 0.0
294.10999999998717 0.0
294.11999999998716 0.0
294.12999999998715 0.0
294.13999999998714 0.0
294.14999999998713 0.0
294.1599999999871 0.0
294.1699999999871 0.0
294.1799999999871 0.0
294.1899999999871 0.0
294.1999999999871 0.0
294.2099999999871 0.0
294.21999999998707 0.0
294.22999999998706 0.0
294.23999999998705 0.0
294.24999999998704 0.0
294.25999999998703 0.0
294.269999999987 0.0
294.279999999987 0.0
294.289999999987 0.0
294.299999999987 0.0
294.309999999987 0.0
294.319999999987 0.0
294.32999999998697 0.0
294.33999999998696 0.0
294.34999999998695 0.0
294.35999999998694 0.0
294.36999999998693 0.0
294.3799999999869 0.0
294.3899999999869 0.0
294.3999999999869 0.0
294.4099999999869 0.0
294.4199999999869 0.0
294.4299999999869 0.0
294.43999999998687 0.0
294.44999999998686 0.0
294.45999999998685 0.0
294.46999999998684 0.0
294.47999999998683 0.0
294.4899999999868 0.0
294.4999999999868 0.0
294.5099999999868 0.0
294.5199999999868 0.0
294.5299999999868 0.0
294.5399999999868 0.0
294.54999999998677 0.0
294.55999999998676 0.0
294.56999999998675 0.0
294.57999999998674 0.0
294.58999999998673 0.0
294.5999999999867 0.0
294.6099999999867 0.0
294.6199999999867 0.0
294.6299999999867 0.0
294.6399999999867 0.0
294.6499999999867 0.0
294.65999999998667 0.0
294.66999999998666 0.0
294.67999999998665 0.0
294.68999999998664 0.0
294.69999999998663 0.0
294.7099999999866 0.0
294.7199999999866 0.0
294.7299999999866 0.0
294.7399999999866 0.0
294.7499999999866 0.0
294.7599999999866 0.0
294.76999999998657 0.0
294.77999999998656 0.0
294.78999999998655 0.0
294.79999999998654 0.0
294.80999999998653 0.0
294.8199999999865 0.0
294.8299999999865 0.0
294.8399999999865 0.0
294.8499999999865 0.0
294.8599999999865 0.0
294.8699999999865 0.0
294.87999999998647 0.0
294.88999999998646 0.0
294.89999999998645 0.0
294.90999999998644 0.0
294.91999999998643 0.0
294.9299999999864 0.0
294.9399999999864 0.0
294.9499999999864 0.0
294.9599999999864 0.0
294.9699999999864 0.0
294.9799999999864 0.0
294.98999999998637 0.0
294.99999999998636 0.0
295.00999999998635 0.0
295.01999999998634 0.0
295.02999999998633 0.0
295.0399999999863 0.0
295.0499999999863 0.0
295.0599999999863 0.0
295.0699999999863 0.0
295.0799999999863 0.0
295.0899999999863 0.0
295.09999999998627 0.0
295.10999999998626 0.0
295.11999999998625 0.0
295.12999999998624 0.0
295.13999999998623 0.0
295.1499999999862 0.0
295.1599999999862 0.0
295.1699999999862 0.0
295.1799999999862 0.0
295.1899999999862 0.0
295.1999999999862 0.0
295.20999999998617 0.0
295.21999999998616 0.0
295.22999999998615 0.0
295.23999999998614 0.0
295.24999999998613 0.0
295.2599999999861 0.0
295.2699999999861 0.0
295.2799999999861 0.0
295.2899999999861 0.0
295.2999999999861 0.0
295.3099999999861 0.0
295.31999999998607 0.0
295.32999999998606 0.0
295.33999999998605 0.0
295.34999999998604 0.0
295.35999999998603 0.0
295.369999999986 0.0
295.379999999986 0.0
295.389999999986 0.0
295.399999999986 0.0
295.409999999986 0.0
295.419999999986 0.0
295.42999999998597 0.0
295.43999999998596 0.0
295.44999999998595 0.0
295.45999999998594 0.0
295.46999999998593 0.0
295.4799999999859 0.0
295.4899999999859 0.0
295.4999999999859 0.0
295.5099999999859 0.0
295.5199999999859 0.0
295.5299999999859 0.0
295.53999999998587 0.0
295.54999999998586 0.0
295.55999999998585 0.0
295.56999999998584 0.0
295.57999999998583 0.0
295.5899999999858 0.0
295.5999999999858 0.0
295.6099999999858 0.0
295.6199999999858 0.0
295.6299999999858 0.0
295.6399999999858 0.0
295.64999999998577 0.0
295.65999999998576 0.0
295.66999999998575 0.0
295.67999999998574 0.0
295.68999999998573 0.0
295.6999999999857 0.0
295.7099999999857 0.0
295.7199999999857 0.0
295.7299999999857 0.0
295.7399999999857 0.0
295.7499999999857 0.0
295.75999999998567 0.0
295.76999999998566 0.0
295.77999999998565 0.0
295.78999999998564 0.0
295.79999999998563 0.0
295.8099999999856 0.0
295.8199999999856 0.0
295.8299999999856 0.0
295.8399999999856 0.0
295.8499999999856 0.0
295.8599999999856 0.0
295.86999999998557 0.0
295.87999999998556 0.0
295.88999999998555 0.0
295.89999999998554 0.0
295.90999999998553 0.0
295.9199999999855 0.0
295.9299999999855 0.0
295.9399999999855 0.0
295.9499999999855 0.0
295.9599999999855 0.0
295.9699999999855 0.0
295.97999999998547 0.0
295.98999999998546 0.0
295.99999999998545 0.0
296.00999999998544 0.0
296.01999999998543 0.0
296.0299999999854 0.0
296.0399999999854 0.0
296.0499999999854 0.0
296.0599999999854 0.0
296.0699999999854 0.0
296.0799999999854 0.0
296.08999999998537 0.0
296.09999999998536 0.0
296.10999999998535 0.0
296.11999999998534 0.0
296.12999999998533 0.0
296.1399999999853 0.0
296.1499999999853 0.0
296.1599999999853 0.0
296.1699999999853 0.0
296.1799999999853 0.0
296.1899999999853 0.0
296.19999999998527 0.0
296.20999999998526 0.0
296.21999999998525 0.0
296.22999999998524 0.0
296.23999999998523 0.0
296.2499999999852 0.0
296.2599999999852 0.0
296.2699999999852 0.0
296.2799999999852 0.0
296.2899999999852 0.0
296.2999999999852 0.0
296.30999999998517 0.0
296.31999999998516 0.0
296.32999999998515 0.0
296.33999999998514 0.0
296.34999999998513 0.0
296.3599999999851 0.0
296.3699999999851 0.0
296.3799999999851 0.0
296.3899999999851 0.0
296.3999999999851 0.0
296.4099999999851 0.0
296.41999999998507 0.0
296.42999999998506 0.0
296.43999999998505 0.0
296.44999999998504 0.0
296.45999999998503 0.0
296.469999999985 0.0
296.479999999985 0.0
296.489999999985 0.0
296.499999999985 0.0
296.509999999985 0.0
296.519999999985 0.0
296.52999999998497 0.0
296.53999999998496 0.0
296.54999999998495 0.0
296.55999999998494 0.0
296.56999999998493 0.0
296.5799999999849 0.0
296.5899999999849 0.0
296.5999999999849 0.0
296.6099999999849 0.0
296.6199999999849 0.0
296.6299999999849 0.0
296.63999999998487 0.0
296.64999999998486 0.0
296.65999999998485 0.0
296.66999999998484 0.0
296.67999999998483 0.0
296.6899999999848 0.0
296.6999999999848 0.0
296.7099999999848 0.0
296.7199999999848 0.0
296.7299999999848 0.0
296.7399999999848 0.0
296.74999999998477 0.0
296.75999999998476 0.0
296.76999999998475 0.0
296.77999999998474 0.0
296.78999999998473 0.0
296.7999999999847 0.0
296.8099999999847 0.0
296.8199999999847 0.0
296.8299999999847 0.0
296.8399999999847 0.0
296.8499999999847 0.0
296.85999999998467 0.0
296.86999999998466 0.0
296.87999999998465 0.0
296.88999999998464 0.0
296.89999999998463 0.0
296.9099999999846 0.0
296.9199999999846 0.0
296.9299999999846 0.0
296.9399999999846 0.0
296.9499999999846 0.0
296.9599999999846 0.0
296.96999999998457 0.0
296.97999999998456 0.0
296.98999999998455 0.0
296.99999999998454 0.0
297.00999999998453 0.0
297.0199999999845 0.0
297.0299999999845 0.0
297.0399999999845 0.0
297.0499999999845 0.0
297.0599999999845 0.0
297.0699999999845 0.0
297.07999999998447 0.0
297.08999999998446 0.0
297.09999999998445 0.0
297.10999999998444 0.0
297.11999999998443 0.0
297.1299999999844 0.0
297.1399999999844 0.0
297.1499999999844 0.0
297.1599999999844 0.0
297.1699999999844 0.0
297.1799999999844 0.0
297.18999999998437 0.0
297.19999999998436 0.0
297.20999999998435 0.0
297.21999999998434 0.0
297.22999999998433 0.0
297.2399999999843 0.0
297.2499999999843 0.0
297.2599999999843 0.0
297.2699999999843 0.0
297.2799999999843 0.0
297.2899999999843 0.0
297.29999999998427 0.0
297.30999999998426 0.0
297.31999999998425 0.0
297.32999999998424 0.0
297.33999999998423 0.0
297.3499999999842 0.0
297.3599999999842 0.0
297.3699999999842 0.0
297.3799999999842 0.0
297.3899999999842 0.0
297.3999999999842 0.0
297.40999999998417 0.0
297.41999999998416 0.0
297.42999999998415 0.0
297.43999999998414 0.0
297.44999999998413 0.0
297.4599999999841 0.0
297.4699999999841 0.0
297.4799999999841 0.0
297.4899999999841 0.0
297.4999999999841 0.0
297.5099999999841 0.0
297.51999999998407 0.0
297.52999999998406 0.0
297.53999999998405 0.0
297.54999999998404 0.0
297.55999999998403 0.0
297.569999999984 0.0
297.579999999984 0.0
297.589999999984 0.0
297.599999999984 0.0
297.609999999984 0.0
297.619999999984 0.0
297.62999999998397 0.0
297.63999999998396 0.0
297.64999999998395 0.0
297.65999999998394 0.0
297.66999999998393 0.0
297.6799999999839 0.0
297.6899999999839 0.0
297.6999999999839 0.0
297.7099999999839 0.0
297.7199999999839 0.0
297.7299999999839 0.0
297.73999999998387 0.0
297.74999999998386 0.0
297.75999999998385 0.0
297.76999999998384 0.0
297.77999999998383 0.0
297.7899999999838 0.0
297.7999999999838 0.0
297.8099999999838 0.0
297.8199999999838 0.0
297.8299999999838 0.0
297.8399999999838 0.0
297.84999999998377 0.0
297.85999999998376 0.0
297.86999999998375 0.0
297.87999999998374 0.0
297.88999999998373 0.0
297.8999999999837 0.0
297.9099999999837 0.0
297.9199999999837 0.0
297.9299999999837 0.0
297.9399999999837 0.0
297.9499999999837 0.0
297.95999999998367 0.0
297.96999999998366 0.0
297.97999999998365 0.0
297.98999999998364 0.0
297.99999999998363 0.0
298.0099999999836 0.0
298.0199999999836 0.0
298.0299999999836 0.0
298.0399999999836 0.0
298.0499999999836 0.0
298.0599999999836 0.0
298.06999999998357 0.0
298.07999999998356 0.0
298.08999999998355 0.0
298.09999999998354 0.0
298.10999999998353 0.0
298.1199999999835 0.0
298.1299999999835 0.0
298.1399999999835 0.0
298.1499999999835 0.0
298.1599999999835 0.0
298.1699999999835 0.0
298.17999999998347 0.0
298.18999999998346 0.0
298.19999999998345 0.0
298.20999999998344 0.0
298.21999999998343 0.0
298.2299999999834 0.0
298.2399999999834 0.0
298.2499999999834 0.0
298.2599999999834 0.0
298.2699999999834 0.0
298.2799999999834 0.0
298.28999999998337 0.0
298.29999999998336 0.0
298.30999999998335 0.0
298.31999999998334 0.0
298.32999999998333 0.0
298.3399999999833 0.0
298.3499999999833 0.0
298.3599999999833 0.0
298.3699999999833 0.0
298.3799999999833 0.0
298.3899999999833 0.0
298.39999999998327 0.0
298.40999999998326 0.0
298.41999999998325 0.0
298.42999999998324 0.0
298.43999999998323 0.0
298.4499999999832 0.0
298.4599999999832 0.0
298.4699999999832 0.0
298.4799999999832 0.0
298.4899999999832 0.0
298.4999999999832 0.0
298.50999999998317 0.0
298.51999999998316 0.0
298.52999999998315 0.0
298.53999999998314 0.0
298.54999999998313 0.0
298.5599999999831 0.0
298.5699999999831 0.0
298.5799999999831 0.0
298.5899999999831 0.0
298.5999999999831 0.0
298.6099999999831 0.0
298.61999999998307 0.0
298.62999999998306 0.0
298.63999999998305 0.0
298.64999999998304 0.0
298.65999999998303 0.0
298.669999999983 0.0
298.679999999983 0.0
298.689999999983 0.0
298.699999999983 0.0
298.709999999983 0.0
298.719999999983 0.0
298.72999999998297 0.0
298.73999999998296 0.0
298.74999999998295 0.0
298.75999999998294 0.0
298.76999999998293 0.0
298.7799999999829 0.0
298.7899999999829 0.0
298.7999999999829 0.0
298.8099999999829 0.0
298.8199999999829 0.0
298.8299999999829 0.0
298.83999999998287 0.0
298.84999999998286 0.0
298.85999999998285 0.0
298.86999999998284 0.0
298.87999999998283 0.0
298.8899999999828 0.0
298.8999999999828 0.0
298.9099999999828 0.0
298.9199999999828 0.0
298.9299999999828 0.0
298.9399999999828 0.0
298.94999999998277 0.0
298.95999999998276 0.0
298.96999999998275 0.0
298.97999999998274 0.0
298.98999999998273 0.0
298.9999999999827 0.0
299.0099999999827 0.0
299.0199999999827 0.0
299.0299999999827 0.0
299.0399999999827 0.0
299.0499999999827 0.0
299.05999999998267 0.0
299.06999999998266 0.0
299.07999999998265 0.0
299.08999999998264 0.0
299.09999999998263 0.0
299.1099999999826 0.0
299.1199999999826 0.0
299.1299999999826 0.0
299.1399999999826 0.0
299.1499999999826 0.0
299.1599999999826 0.0
299.16999999998256 0.0
299.17999999998256 0.0
299.18999999998255 0.0
299.19999999998254 0.0
299.20999999998253 0.0
299.2199999999825 0.0
299.2299999999825 0.0
299.2399999999825 0.0
299.2499999999825 0.0
299.2599999999825 0.0
299.2699999999825 0.0
299.27999999998246 0.0
299.28999999998246 0.0
299.29999999998245 0.0
299.30999999998244 0.0
299.31999999998243 0.0
299.3299999999824 0.0
299.3399999999824 0.0
299.3499999999824 0.0
299.3599999999824 0.0
299.3699999999824 0.0
299.3799999999824 0.0
299.38999999998236 0.0
299.39999999998236 0.0
299.40999999998235 0.0
299.41999999998234 0.0
299.42999999998233 0.0
299.4399999999823 0.0
299.4499999999823 0.0
299.4599999999823 0.0
299.4699999999823 0.0
299.4799999999823 0.0
299.4899999999823 0.0
299.49999999998226 0.0
299.50999999998226 0.0
299.51999999998225 0.0
299.52999999998224 0.0
299.53999999998223 0.0
299.5499999999822 0.0
299.5599999999822 0.0
299.5699999999822 0.0
299.5799999999822 0.0
299.5899999999822 0.0
299.5999999999822 0.0
299.60999999998216 0.0
299.61999999998216 0.0
299.62999999998215 0.0
299.63999999998214 0.0
299.64999999998213 0.0
299.6599999999821 0.0
299.6699999999821 0.0
299.6799999999821 0.0
299.6899999999821 0.0
299.6999999999821 0.0
299.7099999999821 0.0
299.71999999998206 0.0
299.72999999998206 0.0
299.73999999998205 0.0
299.74999999998204 0.0
299.759999999982 0.0
299.769999999982 0.0
299.779999999982 0.0
299.789999999982 0.0
299.799999999982 0.0
299.809999999982 0.0
299.819999999982 0.0
299.82999999998196 0.0
299.83999999998196 0.0
299.84999999998195 0.0
299.85999999998194 0.0
299.8699999999819 0.0
299.8799999999819 0.0
299.8899999999819 0.0
299.8999999999819 0.0
299.9099999999819 0.0
299.9199999999819 0.0
299.9299999999819 0.0
299.93999999998186 0.0
299.94999999998186 0.0
299.95999999998185 0.0
299.96999999998184 0.0
299.9799999999818 0.0
299.9899999999818 0.0
