285.9606 0.0
285.9705 0.30677
287.5301 0.0
288.8580 0.0
288.9124 0.005429
289.5986 0.0
289.6561 0.0
289.6647 0.002702
290.2822 0.002698
290.2941 0.0
290.3649 0.0
290.8349 0.000571
290.8940 0.0
291.0203 0.0
291.0694 0.029908
287.7976 0.022048
288.7789 0.0
288.7859 0.001783
288.8313 0.005016
289.3471 0.001617
289.4013 0.001227
289.4586 0.000132
289.4609 0.0
289.7538 0.010447
290.1161 0.000597
290.1409 0.000195
290.1595 0.0
290.2001 0.0
290.2046 3e-06
290.3009 -0.0
287.7497 0.0
287.7975 0.021996
288.7824 0.0
288.7859 0.001769
288.8314 0.005032
289.2949 0.0
289.3474 0.001618
289.4009 0.001231
289.4364 0.0
289.4584 0.000138
289.7140 0.0
289.7528 0.010138
290.1163 0.0006
290.1419 0.00018
290.2059 6e-06
