280.0 4.75684979605406e-187
280.01 1.9938586390448076e-186
280.02 8.337310964516732e-186
280.03 3.477878015675334e-185
280.03999999999996 1.4473027927014903e-184
280.04999999999995 6.008432193674526e-184
280.05999999999995 2.4883968235617023e-183
280.06999999999994 1.0280987276702392e-182
280.0799999999999 4.2374707616934245e-182
280.0899999999999 1.7423496685467022e-181
280.0999999999999 7.146948112246671e-181
280.1099999999999 2.924574241741525e-180
280.1199999999999 1.1938819374381308e-179
280.1299999999999 4.86202091028222e-179
280.1399999999999 1.9752813916846478e-178
280.14999999999986 8.005672727215513e-178
280.15999999999985 3.2368561657311034e-177
280.16999999999985 1.3055865882263087e-176
280.17999999999984 5.253450788648748e-176
280.1899999999998 2.108824148950888e-175
280.1999999999998 8.44486621076714e-175
280.2099999999998 3.3736644942063155e-174
280.2199999999998 1.3445213934148066e-173
280.2299999999998 5.3455236200040474e-173
280.2399999999998 2.1201642069671562e-172
280.2499999999998 8.388908422232783e-172
280.25999999999976 3.3112968655106625e-171
280.26999999999975 1.3039096279500047e-170
280.27999999999975 5.122165135893826e-170
280.28999999999974 2.007318877970285e-169
280.2999999999997 7.847582168463223e-169
280.3099999999997 3.0606388311210684e-168
280.3199999999997 1.1908169445709146e-167
280.3299999999997 4.622049977085891e-167
280.3399999999997 1.7897030489273794e-166
280.3499999999997 6.913278112617115e-166
280.3599999999997 2.6640586904031143e-165
280.36999999999966 1.0241421907499063e-164
280.37999999999965 3.927655939269423e-164
280.38999999999965 1.5026689942024015e-163
280.39999999999964 5.735217907833416e-163
280.4099999999996 2.1837012920299872e-162
280.4199999999996 8.294557998167023e-162
280.4299999999996 3.1430404834249083e-161
280.4399999999996 1.1881284933934054e-160
280.4499999999996 4.48057299409103e-160
280.4599999999996 1.6856228591581952e-159
280.4699999999996 6.326215429472615e-159
280.47999999999956 2.3685592405544403e-158
280.48999999999955 8.846698679279694e-158
280.49999999999955 3.296362226073634e-157
280.50999999999954 1.2253081770825138e-156
280.5199999999995 4.5437292437459546e-156
280.5299999999995 1.6808782839103591e-155
280.5399999999995 6.203214487538301e-155
280.5499999999995 2.2837788102075937e-154
280.5599999999995 8.387798517072667e-154
280.5699999999995 3.0732553756738315e-153
280.5799999999995 1.1233265398298198e-152
280.58999999999946 4.096095739133009e-152
280.59999999999945 1.4900158484424693e-151
280.60999999999945 5.407149609042314e-151
280.61999999999944 1.9575037107754317e-150
280.6299999999994 7.069578340750898e-150
280.6399999999994 2.547071511565512e-149
280.6499999999994 9.154728622989395e-149
280.6599999999994 3.282513500118969e-148
280.6699999999994 1.1741518763640463e-147
280.6799999999994 4.189852570257336e-147
280.6899999999994 1.4915228675304518e-146
280.69999999999936 5.296851535939993e-146
280.70999999999935 1.8765597374951578e-145
280.71999999999935 6.632292896183869e-145
280.72999999999934 2.3384156565351637e-144
280.7399999999993 8.225009958255773e-144
280.7499999999993 2.8860766709244294e-143
280.7599999999993 1.0102666243808626e-142
280.7699999999993 3.5279372881734284e-142
280.7799999999993 1.229029810804338e-141
280.7899999999993 4.271306012790435e-141
280.7999999999993 1.4808656745907331e-140
280.80999999999926 5.1218558994880285e-140
280.81999999999925 1.7672409009900673e-139
280.82999999999925 6.083042663825278e-139
280.83999999999924 2.0888279985057373e-138
280.8499999999992 7.155520121812878e-138
280.8599999999992 2.4453241900277545e-137
280.8699999999992 8.336588988077061e-137
280.8799999999992 2.8352871277742276e-136
280.8899999999992 9.619719563304364e-136
280.8999999999992 3.256000676481971e-135
280.9099999999992 1.0994190829648017e-134
280.91999999999916 3.703384161409087e-134
280.92999999999915 1.2444887309590532e-133
280.93999999999915 4.1719575558004374e-133
280.94999999999914 1.3952290303072644e-132
280.9599999999991 4.654872995422726e-132
280.9699999999991 1.54926916683593e-131
280.9799999999991 5.144019768679316e-131
280.9899999999991 1.70386463795757e-130
280.9999999999991 5.6302056713497605e-130
281.0099999999991 1.8559665287413636e-129
281.0199999999991 6.103412587674259e-129
281.02999999999906 2.002313280715134e-128
281.03999999999905 6.553118725464532e-128
281.04999999999905 2.1395416945064855e-127
281.05999999999904 6.968674535456458e-127
281.069999999999 2.264312263721142e-126
281.079999999999 7.339714469960238e-126
281.089999999999 2.373442536038894e-125
281.099999999999 7.65658286275388e-125
281.109999999999 2.464041182888201e-124
281.119999999999 7.910749762145589e-124
281.129999999999 2.5336349490699906e-123
281.13999999999896 8.095191834757756e-123
281.14999999999895 2.5802807249045665e-122
281.15999999999894 8.204714641918131e-122
281.16999999999894 2.602655660356418e-121
281.1799999999989 8.236195661111849e-121
281.1899999999989 2.6001194902355137e-120
281.1999999999989 8.188732186808495e-120
281.2099999999989 2.5727449726491656e-119
281.2199999999989 8.063684334203024e-119
281.2299999999989 2.521314421261626e-118
281.2399999999989 7.864610286888656e-118
281.24999999999886 2.447282562012013e-117
281.25999999999885 7.597098090564357e-117
281.26999999999884 2.352708175375475e-116
281.27999999999884 7.268505089626831e-116
281.2899999999988 2.2401590066892662e-115
281.2999999999988 6.887621960000129e-115
281.3099999999988 2.112596071791436e-114
281.3199999999988 6.4642827345280294e-114
281.3299999999988 1.973244624106546e-113
281.3399999999988 6.008944914990647e-113
281.3499999999988 1.825459604060599e-112
281.35999999999876 5.532264558938475e-112
281.36999999999875 1.6725933411905556e-111
281.37999999999874 5.044690144449126e-111
281.38999999999874 1.517872659208874e-110
281.3999999999987 4.5560962476386344e-110
281.4099999999987 1.3642914305469674e-109
281.4199999999987 4.0754739546114563e-109
281.4299999999987 1.2145231640605743e-108
281.4399999999987 3.6106899086320734e-108
281.4499999999987 1.0708565355504852e-107
281.4599999999987 3.1683204498374135e-107
281.46999999999866 9.351550402798181e-107
281.47999999999865 2.753561919627865e-106
281.48999999999864 8.088403053858839e-106
281.49999999999864 2.3702133043686488e-105
281.5099999999986 6.9289717097850175e-105
281.5199999999986 2.0207233240440627e-104
281.5299999999986 5.878975224730185e-104
281.5399999999986 1.7062910594970966e-103
281.5499999999986 4.940390864224959e-103
281.5599999999986 1.4270073638686027e-102
281.5699999999986 4.111950027663827e-102
281.57999999999856 1.1820236102528338e-101
281.58999999999855 3.3896993830236354e-101
281.59999999999854 9.697346788013276e-101
281.60999999999854 2.767587616616988e-100
281.6199999999985 7.879642976401719e-100
281.6299999999985 2.2380429216406516e-99
281.6399999999985 6.341426918891912e-99
281.6499999999985 1.792512867618958e-98
281.6599999999985 5.054687157564968e-98
281.6699999999985 1.4219456296920322e-97
281.6799999999985 3.990510055519417e-97
281.68999999999846 1.117198998637348e-96
281.69999999999845 3.120249882867472e-96
281.70999999999844 8.693705470907787e-96
281.71999999999844 2.416446474579694e-95
281.7299999999984 6.700483562999971e-95
281.7399999999984 1.8534967211552294e-94
281.7499999999984 5.114865376797035e-94
281.7599999999984 1.4080993648215185e-93
281.7699999999984 3.86713298548847e-93
281.7799999999984 1.059501610540887e-92
281.7899999999984 2.8958152097426745e-92
281.79999999999836 7.895811614529175e-92
281.80999999999835 2.1477287002499133e-91
281.81999999999834 5.827989664534482e-91
281.82999999999834 1.5776651588350502e-90
281.8399999999983 4.260569028171626e-90
281.8499999999983 1.1478287192590865e-89
281.8599999999983 3.084915532458116e-89
281.8699999999983 8.271155335093329e-89
281.8799999999983 2.2123090021919137e-88
281.8899999999983 5.903126711633901e-88
281.8999999999983 1.5713579750706933e-87
281.90999999999826 4.172774080777058e-87
281.91999999999825 1.1054301859919349e-86
281.92999999999824 2.9214232201587962e-86
281.93999999999824 7.702192052855017e-86
281.9499999999982 2.0257736587609998e-85
281.9599999999982 5.3152562327783e-85
281.9699999999982 1.3912789063294931e-84
281.9799999999982 3.63296242023633e-84
281.9899999999982 9.463773112701714e-84
281.9999999999982 2.4593732426916236e-83
282.0099999999982 6.375896773056493e-83
282.01999999999816 1.6489778427659413e-82
282.02999999999815 4.254466149699979e-82
282.03999999999814 1.0950451716508787e-81
282.04999999999814 2.811743540946219e-81
282.0599999999981 7.202380930376004e-81
282.0699999999981 1.840488795492828e-80
282.0799999999981 4.691880886337533e-80
282.0899999999981 1.1932116576950343e-79
282.0999999999981 3.0272250397843184e-79
282.1099999999981 7.661761622121714e-79
282.1199999999981 1.9345024055873285e-78
282.12999999999806 4.87266575936318e-78
282.13999999999805 1.224392552665384e-77
282.14999999999804 3.069244217315911e-77
282.15999999999804 7.675362973417437e-77
282.169999999998 1.9147986328536738e-76
282.179999999998 4.7654509552239594e-76
282.189999999998 1.1831549072077773e-75
282.199999999998 2.930460851414435e-75
282.209999999998 7.240806605467208e-75
282.219999999998 1.784821059945551e-74
282.229999999998 4.3889347570623356e-74
282.23999999999796 1.0766642125987558e-73
282.24999999999795 2.634863613100604e-73
282.25999999999794 6.43269132052485e-73
282.26999999999794 1.5666933253256615e-72
282.2799999999979 3.8065539033578673e-72
282.2899999999979 9.226493593107237e-72
282.2999999999979 2.2309924186652737e-71
282.3099999999979 5.3816594712912916e-71
282.3199999999979 1.295063439159679e-70
282.3299999999979 3.109013312027257e-70
282.3399999999979 7.445790795937203e-70
282.34999999999786 1.7789174175178845e-69
282.35999999999785 4.2399179718063475e-69
282.36999999999784 1.008128357801835e-68
282.37999999999784 2.391282675770237e-68
282.3899999999978 5.658518150687898e-68
282.3999999999978 1.3357685642306948e-67
282.4099999999978 3.1456937067241944e-67
282.4199999999978 7.390236859483062e-67
282.4299999999978 1.7320363084460928e-66
282.4399999999978 4.049601934783937e-66
282.4499999999978 9.445487732660648e-66
282.45999999999776 2.197825211227278e-65
282.46999999999775 5.101743536610184e-65
282.47999999999774 1.1814104405740477e-64
282.48999999999774 2.7292272303400423e-64
282.4999999999977 6.289777699857796e-64
282.5099999999977 1.4460643070580592e-63
282.5199999999977 3.3166269578470357e-63
282.5299999999977 7.588612130262668e-63
282.5399999999977 1.7321471936462306e-62
282.5499999999977 3.944245538054733e-62
282.5599999999977 8.959830643564096e-62
282.56999999999766 2.0304503218485496e-61
282.57999999999765 4.5903060814214396e-61
282.58999999999764 1.035255703339423e-60
282.59999999999764 2.3292190199288338e-60
282.6099999999976 5.227929632741101e-60
282.6199999999976 1.1705927999115446e-59
282.6299999999976 2.614801185455488e-59
282.6399999999976 5.826774452389362e-59
282.6499999999976 1.2953121854965038e-58
282.6599999999976 2.8726148708781748e-58
282.6699999999976 6.355314795824956e-58
282.67999999999756 1.4026633177737923e-57
282.68999999999755 3.088350062233456e-57
282.69999999999754 6.783538791290823e-57
282.70999999999754 1.4864243590366896e-56
282.7199999999975 3.2492716719544275e-56
282.7299999999975 7.085751938947593e-56
282.7399999999975 1.5414966095574095e-55
282.7499999999975 3.3454605496068625e-55
282.7599999999975 7.24312468937654e-55
282.7699999999975 1.5644176956311892e-54
282.7799999999975 3.370824854200526e-54
282.78999999999746 7.245633533523881e-54
282.79999999999745 1.5537217720403479e-53
282.80999999999744 3.3237385006715e-53
282.81999999999744 7.09311749164678e-53
282.8299999999974 1.5100946502979363e-52
282.8399999999974 3.2072136672006576e-52
282.8499999999974 6.795295205990999e-52
282.8599999999974 1.4363010315956318e-51
282.8699999999974 3.0285819238781733e-51
282.8799999999974 6.370740114407869e-51
282.88999999999737 1.3368945769580492e-50
282.89999999999736 2.798730906405051e-50
282.90999999999735 5.844963929914487e-50
282.91999999999734 1.2177530798384372e-49
282.92999999999734 2.5310070063349156e-49
282.9399999999973 5.247883285777264e-49
282.9499999999973 1.0855046732136503e-48
282.9599999999973 2.2399376870248458e-48
282.9699999999973 4.611018723596202e-48
282.9799999999973 9.469227357659114e-48
282.9899999999973 1.9399427435030175e-47
282.99999999999727 3.964788176926837e-47
283.00999999999726 8.083655121961511e-47
283.01999999999725 1.6441910250160364e-46
283.02999999999724 3.3362107647981936e-46
283.03999999999724 6.753227728390116e-46
283.0499999999972 1.3637225446140006e-45
283.0599999999972 2.7472447675509503e-45
283.0699999999972 5.521097277550695e-45
283.0799999999972 1.1069044997746583e-44
283.0899999999972 2.2138674565468003e-44
283.0999999999972 4.417227722461365e-44
283.10999999999717 8.792344000649114e-44
283.11999999999716 1.7458875317127358e-43
283.12999999999715 3.4584743968529677e-43
283.13999999999714 6.83454450600068e-43
283.14999999999714 1.3473837227320888e-42
283.1599999999971 2.649901473016732e-42
283.1699999999971 5.199060439690766e-42
283.1799999999971 1.0175991026741663e-41
283.1899999999971 1.9869423845161654e-41
283.1999999999971 3.870352688997174e-41
283.2099999999971 7.520946857916805e-41
283.21999999999707 1.4579787940369056e-40
283.22999999999706 2.819594171506917e-40
283.23999999999705 5.439747114963794e-40
283.24999999999704 1.046953821410444e-39
283.25999999999704 2.010171224855515e-39
283.269999999997 3.8503063613716544e-39
283.279999999997 7.357228277084318e-39
283.289999999997 1.4024580687582597e-38
283.299999999997 2.6669952917851724e-38
283.309999999997 5.059543359849746e-38
283.319999999997 9.575403961506807e-38
283.32999999999697 1.8078383585827195e-37
283.33999999999696 3.4050131910769037e-37
283.34999999999695 6.397859668570425e-37
283.35999999999694 1.1992433828017229e-36
283.36999999999694 2.2425217356163867e-36
283.3799999999969 4.1833355479455567e-36
283.3899999999969 7.78512249603829e-36
283.3999999999969 1.445322985147817e-35
283.4099999999969 2.6768317686503126e-35
283.4199999999969 4.945770455333025e-35
283.4299999999969 9.115983772989639e-35
283.43999999999687 1.6762154547055813e-34
283.44999999999686 3.0747715015241455e-34
283.45999999999685 5.626684490884286e-34
283.46999999999684 1.0271857575028585e-33
283.47999999999683 1.8706912904937508e-33
283.4899999999968 3.398693250516007e-33
283.4999999999968 6.159968954256235e-33
283.5099999999968 1.1137860835788212e-32
283.5199999999968 2.0090084369309873e-32
283.5299999999968 3.615084420451845e-32
283.5399999999968 6.489508953657566e-32
283.54999999999677 1.1621493348046704e-31
283.55999999999676 2.0761979098442633e-31
283.56999999999675 3.7002602519636456e-31
283.57999999999674 6.578888124148591e-31
283.58999999999673 1.166888719040751e-30
283.5999999999967 2.0647291583038896e-30
283.6099999999967 3.644630037994446e-30
283.6199999999967 6.418011913561282e-30
283.6299999999967 1.1274681887615176e-29
283.6399999999967 1.975899198345077e-29
283.6499999999967 3.4544744299829407e-29
283.65999999999667 6.024983879906743e-29
283.66999999999666 1.0483022204726764e-28
283.67999999999665 1.819591216176331e-28
283.68999999999664 3.150778455447281e-28
283.69999999999663 5.442752828931107e-28
283.7099999999966 9.379421798071987e-28
283.7199999999966 1.612464755789388e-27
283.7299999999966 2.765420032571361e-27
283.7399999999966 4.7313893470867534e-27
283.7499999999966 8.075566177377789e-27
283.7599999999966 1.37503572784814e-26
283.76999999999657 2.3356711395867757e-26
283.77999999999656 3.957911835019368e-26
283.78999999999655 6.690787650814971e-26
283.79999999999654 1.128353257571154e-25
283.80999999999653 1.898320933921355e-25
283.8199999999965 3.186037597368824e-25
283.8299999999965 5.334440377993728e-25
283.8399999999965 8.910119813882634e-25
283.8499999999965 1.4846870897303796e-24
283.8599999999965 2.46798792038947e-24
283.8699999999965 4.092680449166512e-24
283.87999999999647 6.770634245671899e-24
283.88999999999646 1.117397202592652e-23
283.89999999999645 1.8396809681947352e-23
283.90999999999644 3.021580442591996e-23
283.91999999999643 4.950881318708923e-23
283.9299999999964 8.092590782847768e-23
283.9399999999964 1.3196214125982304e-22
283.9499999999964 2.146682606200353e-22
283.9599999999964 3.483718303703524e-22
283.9699999999964 5.639945831684579e-22
283.9799999999964 9.108849885165138e-22
283.98999999999637 1.4676039315069804e-21
283.99999999999636 2.35890742624952e-21
284.00999999999635 3.7824190160665675e-21
284.01999999999634 6.0504139467302576e-21
284.02999999999633 9.655110493014236e-21
284.0399999999963 1.5370433541679115e-20
284.0499999999963 2.4410220152435317e-20
284.0599999999963 3.8673545109841585e-20
284.0699999999963 6.112417106537203e-20
284.0799999999963 9.637595396864362e-20
284.0899999999963 1.515936838700009e-19
284.09999999999627 2.3787578437023823e-19
284.10999999999626 3.723711871658535e-19
284.11999999999625 5.815119112499509e-19
284.12999999999624 9.059367343828743e-19
284.13999999999623 1.4079714049526164e-18
284.1499999999962 2.1829636739459034e-18
284.1599999999962 3.3764155559843993e-18
284.1699999999962 5.2098112083178155e-18
284.1799999999962 8.019453776951641e-18
284.1899999999962 1.2314713169139549e-17
284.1999999999962 1.8865161292914047e-17
284.20999999999617 2.8830584955561e-17
284.21999999999616 4.3954474781780397e-17
284.22999999999615 6.685123664172281e-17
284.23999999999614 1.0143141998645499e-16
284.24999999999613 1.5352965533273225e-16
284.2599999999961 2.318295296080813e-16
284.2699999999961 3.492222793425951e-16
284.2799999999961 5.247976005914005e-16
284.2899999999961 7.867530739257577e-16
284.2999999999961 1.1766350079428703e-15
284.3099999999961 1.7555038747417095e-15
284.31999999999607 2.6128743688253185e-15
284.32999999999606 3.879644878545239e-15
284.33999999999605 5.7467476887041155e-15
284.34999999999604 8.49198062681562e-15
284.35999999999603 1.2518507940467957e-14
284.369999999996 1.840996034793272e-14
284.379999999996 2.700908344359635e-14
284.389999999996 3.9529702843793487e-14
284.399999999996 5.771569931931742e-14
284.409999999996 8.406613566500695e-14
284.419999999996 1.221532189733215e-13
284.42999999999597 1.7707019156696268e-13
284.43999999999596 2.5606056996643366e-13
284.44999999999595 3.693998103230684e-13
284.45999999999594 5.316273774404805e-13
284.46999999999593 7.632638914303934e-13
284.4799999999959 1.0931979436061613e-12
284.4899999999959 1.5619948745607843e-12
284.4999999999959 2.2264713569746273e-12
284.5099999999959 3.16600305706009e-12
284.5199999999959 4.491198568669157e-12
284.5299999999959 6.3557951816086065e-12
284.53999999999587 8.972929168882684e-12
284.54999999999586 1.26373290891224e-11
284.55999999999585 1.7755506279614744e-11
284.56999999999584 2.4886712743495732e-11
284.57999999999583 3.4798355389637094e-11
284.5899999999958 4.8540764600301465e-11
284.5999999999958 6.754780115186978e-11
284.6099999999958 9.377185969157391e-11
284.6199999999958 1.2986453100060564e-10
284.6299999999958 1.7941769929072163e-10
284.6399999999958 2.472844029171582e-10
284.64999999999577 3.4000466497529394e-10
284.65999999999576 4.663690660668238e-10
284.66999999999575 6.381625380758879e-10
284.67999999999574 8.711432701050027e-10
284.68999999999573 1.1863274377384642e-09
284.6999999999957 1.6116705631070644e-09
284.7099999999957 2.184261756194237e-09
284.7199999999957 2.953179191009071e-09
284.7299999999957 3.983195538813316e-09
284.7399999999957 5.359572667508315e-09
284.7499999999957 7.194248087202112e-09
284.75999999999567 9.63379422934065e-09
284.76999999999566 1.2869629114002447e-08
284.77999999999565 1.715107737592333e-08
284.78999999999564 2.2802028844129358e-08
284.79999999999563 3.024212364871914e-08
284.8099999999956 4.0013614919432565e-08
284.8199999999956 5.281533044879873e-08
284.8299999999956 6.95454824104003e-08
284.8399999999956 9.135546997606987e-08
284.8499999999956 1.1971729566973717e-07
284.8599999999956 1.5650778645527505e-07
284.86999999999557 2.0411349065549185e-07
284.87999999999556 2.655609295726405e-07
284.88999999999555 3.446778378988924e-07
284.89999999999554 4.4629215151489415e-07
284.90999999999553 5.76476818977877e-07
284.9199999999955 7.428500497619359e-07
284.9299999999955 9.5494239577169e-07
284.9399999999955 1.22464412192166e-06
284.9499999999955 1.5667486868093791e-06
284.9599999999955 1.999610856299092e-06
284.9699999999955 2.5459410414100645e-06
284.97999999999547 3.233760916145398e-06
284.98999999999546 4.097549257073159e-06
284.99999999999545 5.17961127673099e-06
285.00999999999544 6.53170951349419e-06
285.01999999999543 8.216999599622994e-06
285.0299999999954 1.0312319954536212e-05
285.0399999999954 1.2910890626513315e-05
285.0499999999954 1.6125483101355173e-05
285.0599999999954 2.0092129859861488e-05
285.0699999999954 2.497444972306459e-05
285.0799999999954 3.0968672473977754e-05
285.08999999999537 3.830945375557975e-05
285.09999999999536 4.727657865095407e-05
285.10999999999535 5.8202659449093e-05
285.11999999999534 7.148193964385187e-05
285.12999999999533 8.758032191498695e-05
285.1399999999953 0.00010704674236433173
285.1499999999953 0.00013052601624532456
285.1599999999953 0.0001587732814020786
285.1699999999953 0.00019267016415205947
285.1799999999953 0.00023324278789026306
285.1899999999953 0.0002816817367133486
285.19999999999527 0.0003393640742833968
285.20999999999526 0.00040787750138046835
285.21999999999525 0.000489046713536421
285.22999999999524 0.0005849619922191518
285.23999999999523 0.0006980100287005799
285.2499999999952 0.0008309069385042172
285.2599999999952 0.0009867333757827038
285.2699999999952 0.0011689716008269008
285.2799999999952 0.0013815442900019792
285.2899999999952 0.0016288548057616335
285.2999999999952 0.0019158285652341824
285.30999999999517 0.0022479550596670537
285.31999999999516 0.0026313299844914
285.32999999999515 0.0030726968419560762
285.33999999999514 0.0035794872765308617
285.34999999999513 0.00415985929928379
285.3599999999951 0.004822732453238
285.3699999999951 0.005577818869704257
285.3799999999951 0.006435649068504399
285.3899999999951 0.007407591265910399
285.3999999999951 0.008505862876373954
285.4099999999951 0.009743532831304495
285.41999999999507 0.011134513294036434
285.42999999999506 0.01269353932857543
285.43999999999505 0.014436135084596385
285.44999999999504 0.01637856509624503
285.45999999999503 0.018537769361107057
285.469999999995 0.02093128097142688
285.479999999995 0.023577125214961667
285.489999999995 0.026493699249775186
285.499999999995 0.02969963168705569
285.509999999995 0.03321362168899925
285.519999999995 0.03705425750419387
285.52999999999497 0.04123981471885783
285.53999999999496 0.04578803489555352
285.54999999999495 0.050715885697107194
285.55999999999494 0.056039304046549256
285.56999999999493 0.061772924346717946
285.5799999999949 0.06792979426720214
285.5899999999949 0.07452108109177165
285.5999999999949 0.08155577209550655
285.6099999999949 0.0890403728757432
285.6199999999949 0.09697860798228668
285.6299999999949 0.10537112856728655
285.63999999999487 0.11421523209085309
285.64999999999486 0.12350459936228089
285.65999999999485 0.13322905435667587
285.66999999999484 0.1433743523119015
285.67999999999483 0.15392200157154157
285.6899999999948 0.16484912448829808
285.6999999999948 0.17612836243333335
285.7099999999948 0.1877278295674487
285.7199999999948 0.19961111951935231
285.7299999999948 0.21173736848725933
285.7399999999948 0.22406137753847336
285.74999999999477 0.23653379603637217
285.75999999999476 0.24910136718747053
285.76999999999475 0.2617072356880865
285.77999999999474 0.27429131637851945
285.78999999999473 0.28679072170297404
285.7999999999947 0.29914024464820116
285.8099999999947 0.31127289271703507
285.8199999999947 0.32312046740973893
285.8299999999947 0.3346141826617716
285.8399999999947 0.34568531474640807
285.8499999999947 0.3562658753187688
285.85999999999467 0.366289298576752
285.86999999999466 0.3756911329643005
285.87999999999465 0.3844097274605981
285.88999999999464 0.3923869022988762
285.89999999999463 0.39956859395022387
285.9099999999946 0.40590546439646386
285.9199999999946 0.4113534651024653
285.9299999999946 0.4158743466781441
285.9399999999946 0.4194361059850147
285.9499999999946 0.4220133633780365
285.9599999999946 0.42358766386285257
285.96999999999457 0.4241476971696036
285.97999999999456 0.4236894330721829
285.98999999999455 0.42221616968814396
285.99999999999454 0.41973849394952634
286.00999999999453 0.4162741549073487
286.0199999999945 0.411847851990734
286.0299999999945 0.40649094175422495
286.0399999999945 0.4002410679836969
286.0499999999945 0.3931417212641972
286.0599999999945 0.38524173521660976
286.0699999999945 0.3765947275621406
286.07999999999447 0.3672584949560374
286.08999999999446 0.3572943711307865
286.09999999999445 0.34676655829495834
286.10999999999444 0.33574144194235206
286.11999999999443 0.3242868992373348
286.1299999999944 0.31247161096115067
286.1399999999944 0.3003643866397765
286.1499999999944 0.28803351193994225
286.1599999999944 0.2755461267331067
286.1699999999944 0.2629676414074028
286.1799999999944 0.2503611980771543
286.18999999999437 0.2377871823225526
286.19999999999436 0.22530279001357031
286.20999999999435 0.21296165265760708
286.21999999999434 0.20081352358484578
286.22999999999433 0.18890402617302113
286.2399999999943 0.1772744642369233
286.2499999999943 0.1659616936881161
286.2599999999943 0.15499805362522906
286.2699999999943 0.1444113541602088
286.2799999999943 0.1342249175335031
286.2899999999943 0.12445766843056937
286.29999999999427 0.11512426888945375
286.30999999999426 0.1062352927874328
286.31999999999425 0.09779743461382706
286.32999999999424 0.08981374707326308
286.33999999999423 0.08228390201355247
286.3499999999942 0.07520446922744489
286.3599999999942 0.06856920782842961
286.3699999999942 0.06236936513669305
286.3799999999942 0.05659397832038747
286.3899999999942 0.051230174406966714
286.3999999999942 0.046263464696618864
286.40999999999417 0.041678030061941256
286.41999999999416 0.03745699409249302
286.42999999999415 0.03358268152789735
286.43999999999414 0.03003685990780026
286.44999999999413 0.026800962841348665
286.4599999999941 0.023856293754255492
286.4699999999941 0.021184209400615165
286.4799999999941 0.01876628282340959
286.4899999999941 0.016584445807464182
286.4999999999941 0.014621111188167462
286.5099999999941 0.012859275656521792
286.51999999999407 0.011282603935195725
286.52999999999406 0.009875495391414444
286.53999999999405 0.00862313430191363
286.54999999999404 0.0075115250947537906
286.55999999999403 0.006527513965164312
286.569999999994 0.005658798300893013
286.579999999994 0.004893925360282332
286.589999999994 0.004222281627224625
286.599999999994 0.0036340742251286247
286.609999999994 0.0031203057109286765
286.619999999994 0.0026727434937693782
286.62999999999397 0.002283885034914223
286.63999999999396 0.0019469198890360623
286.64999999999395 0.001655689545442943
286.65999999999394 0.0014046459237488124
286.66999999999393 0.0011888092744453307
286.6799999999939 0.001003726132847514
286.6899999999939 0.0008454278766996161
286.6999999999939 0.0007103903447255017
286.7099999999939 0.0005954948866529957
286.7199999999939 0.0004979911354982365
286.7299999999939 0.0004154617206559457
286.73999999999387 0.0003457890758555664
286.74999999999386 0.0002871244393537367
286.75999999999385 0.00023785909470623603
286.76999999999384 0.00019659785881912545
286.77999999999383 0.00016213478932702538
286.7899999999938 0.00013343105520874187
286.7999999999938 0.00010959489238969143
286.8099999999938 8.986354932300113e-05
286.8199999999938 7.358711559646365e-05
286.8299999999938 6.0214118890460366e-05
286.8399999999938 4.927877153627214e-05
286.84999999999377 4.038974694334971e-05
286.85999999999376 3.3220367759504006e-05
286.86999999999375 2.7500091319517697e-05
286.87999999999374 2.300718328725507e-05
286.88999999999373 1.9562477009358228e-05
286.8999999999937 1.7024123623866188e-05
286.9099999999937 1.528324609541594e-05
286.9199999999937 1.4260418810495896e-05
286.9299999999937 1.3902902928336347e-05
286.9399999999937 1.4182576144924272e-05
286.9499999999937 1.5094503717466762e-05
286.95999999999367 1.665610536709436e-05
286.96999999999366 1.8906879901894918e-05
286.97999999999365 2.1908655970402028e-05
286.98999999999364 2.5746343170568074e-05
286.99999999999363 3.052916271441351e-05
287.0099999999936 3.6392340905134586e-05
287.0199999999936 4.349925174861014e-05
287.0299999999936 5.204399702691378e-05
287.0399999999936 6.225441304389599e-05
287.0499999999936 7.439549295305023e-05
287.0599999999936 8.87732120422149e-05
287.06999999999357 0.00010573874053199828
287.07999999999356 0.0001256930243086249
287.08999999999355 0.0001490917085333271
287.09999999999354 0.0001764503722418279
287.10999999999353 0.0002083500338813807
287.1199999999935 0.0002454428782663418
287.1299999999935 0.0002884581447323277
287.1399999999935 0.0003382081044331986
287.1499999999935 0.00039559404189172477
287.1599999999935 0.0004616121422628666
287.1699999999935 0.0005373591715222795
287.17999999999347 0.0006240378222235102
287.18999999999346 0.0007229615828958834
287.19999999999345 0.0008355589749505629
287.20999999999344 0.0009633769875413281
287.21999999999343 0.0011080835286496333
287.2299999999934 0.0012714687002295829
287.2399999999934 0.0014554446970873915
287.2499999999934 0.001662044123833245
287.2599999999934 0.0018934165222917938
287.2699999999934 0.002151822903747013
287.2799999999934 0.002439628086863216
287.28999999999337 0.002759290653563365
287.29999999999336 0.0031133503519974095
287.30999999999335 0.003504412798357968
287.31999999999334 0.003935131357960223
287.32999999999333 0.004408186120839764
287.3399999999933 0.004926259928139864
287.3499999999933 0.005492011452604621
287.3599999999933 0.006108045389240202
287.3699999999933 0.006776879870142226
287.3799999999933 0.00750091127990885
287.3899999999933 0.008282376714066252
287.39999999999327 0.009123314391431932
287.40999999999326 0.010025522401051685
287.41999999999325 0.010990516233818493
287.42999999999324 0.012019485616517344
287.43999999999323 0.013113251230119857
287.4499999999932 0.014272221952873716
287.4599999999932 0.015496353320246455
287.4699999999932 0.01678510793624732
287.4799999999932 0.018137418602274705
287.4899999999932 0.019551654948738395
287.4999999999932 0.02102559435976861
287.50999999999317 0.02255639797104957
287.51999999999316 0.024140592494182482
287.52999999999315 0.02577405857729163
287.53999999999314 0.027452026350509976
287.54999999999313 0.029169078726594664
287.5599999999931 0.03091916293174021
287.5699999999931 0.03269561063064211
287.5799999999931 0.03449116688443717
287.5899999999931 0.036298028042176654
287.5999999999931 0.038107888518269545
287.6099999999931 0.039911996252551096
287.61999999999307 0.04170121648930907
287.62999999999306 0.043466103350040836
287.63999999999305 0.04519697851542155
287.64999999999304 0.04688401617856278
287.65999999999303 0.04851733328778177
287.669999999993 0.05008708396636491
287.679999999993 0.05158355688260885
287.689999999993 0.05299727424889949
287.699999999993 0.054319091056528906
287.709999999993 0.0555402931056822
287.719999999993 0.05665269236935696
287.72999999999297 0.05764871823712078
287.73999999999296 0.05852150322013887
287.74999999999295 0.05926496176271459
287.75999999999294 0.05987386089689368
287.76999999999293 0.060343881594021556
287.7799999999929 0.060671669808393114
287.7899999999929 0.060854876370566816
287.7999999999929 0.060892185068259254
287.8099999999929 0.06078332844725531
287.8199999999929 0.06052909106935747
287.8299999999929 0.060131300174689074
287.83999999999287 0.059592803907139516
287.84999999999286 0.05891743746984753
287.85999999999285 0.05810997777790242
287.86999999999284 0.05717608736364568
287.87999999999283 0.05612224846214122
287.8899999999928 0.05495568835702894
287.8999999999928 0.05368429719706409
287.9099999999928 0.05231653959873852
287.9199999999928 0.050861361428664556
287.9299999999928 0.04932809320974228
287.9399999999928 0.047726351617065434
287.94999999999277 0.04606594052327625
287.95999999999276 0.04435675301953533
287.96999999999275 0.042608675778927456
287.97999999999274 0.040831497046037876
287.98999999999273 0.03903481943215024
287.9999999999927 0.037227978572992405
288.0099999999927 0.03541996856845433
288.0199999999927 0.033619374974708564
288.0299999999927 0.03183431596228185
288.0399999999927 0.030072392092476724
288.0499999999927 0.02834064500267606
288.05999999999267 0.02664552513186467
288.06999999999266 0.024992868464317253
288.07999999999265 0.02338788212466518
288.08999999999264 0.021835138523937297
288.09999999999263 0.020338577635734073
288.1099999999926 0.018901516876069172
288.1199999999926 0.01752666797077487
288.1299999999926 0.01621616012144641
288.1399999999926 0.014971568724987616
288.1499999999926 0.013793948862790865
288.1599999999926 0.01268387275294072
288.16999999999257 0.01164147035173154
288.17999999999256 0.010666472298112383
288.18999999999255 0.009758254415057855
288.19999999999254 0.0089158830137766
288.20999999999253 0.00813816028845372
288.2199999999925 0.007423669139159681
288.2299999999925 0.006770816816914116
288.2399999999925 0.006177876845973777
288.2499999999925 0.005643028742604198
288.2599999999925 0.005164395115396786
288.2699999999925 0.004740075798254338
288.27999999999247 0.004368178732305294
288.28999999999246 0.0040468473762196346
288.29999999999245 0.0037742844848772726
288.30999999999244 0.003548772153463357
288.31999999999243 0.0033686880773993347
288.3299999999924 0.003232518027800851
288.3399999999924 0.003138864587276803
288.3499999999924 0.003086452231875739
288.3599999999924 0.0030741288819853972
288.3699999999924 0.0031008640782233003
288.3799999999924 0.003165743968105038
288.38999999999237 0.0032679633158595265
288.39999999999236 0.003406814771502663
288.40999999999235 0.003581675656492531
288.41999999999234 0.0037919925422453963
288.42999999999233 0.004037263914713797
288.4399999999923 0.004317021233271353
288.4499999999923 0.004630808705392574
288.4599999999923 0.0049781621100584835
288.4699999999923 0.005358587012376289
288.4799999999923 0.005771536719412176
288.4899999999923 0.006216390332467494
288.49999999999227 0.006692431253688387
288.50999999999226 0.007198826504650214
288.51999999999225 0.007734607211036589
288.52999999999224 0.008298650600365758
288.53999999999223 0.008889663848544734
288.5499999999922 0.00950617009552753
288.5599999999922 0.010146496930247788
288.5699999999922 0.01080876762009244
288.5799999999922 0.011490895330380106
288.5899999999922 0.01219058054461538
288.5999999999922 0.012905311856838346
288.60999999999217 0.013632370263443787
288.61999999999216 0.014368837033806507
288.62999999999215 0.015111605187460114
288.63999999999214 0.015857394551110154
288.64999999999213 0.016602770312220315
288.6599999999921 0.017344164928205123
288.6699999999921 0.018077903192403544
288.6799999999921 0.018800230201076063
288.6899999999921 0.019507341910795457
288.6999999999921 0.02019541792393859
288.7099999999921 0.02086065609267712
288.71999999999207 0.021499308490014243
288.72999999999206 0.022107718261054288
288.73999999999205 0.02268235683975989
288.74999999999204 0.023219860996752828
288.75999999999203 0.023717069172903758
288.769999999992 0.024171056552014483
288.779999999992 0.02457916833410786
288.789999999992 0.024939050688791216
288.799999999992 0.02524867889571691
288.809999999992 0.02550638221598687
288.819999999992 0.025710865083883688
288.82999999999197 0.025861224261808726
288.83999999999196 0.0259569616618298
288.84999999999195 0.025997992603693013
288.85999999999194 0.02598464935029318
288.86999999999193 0.02591767983608254
288.8799999999919 0.025798241580300658
288.8899999999919 0.025627890853759938
288.8999999999919 0.025408567243741867
288.9099999999919 0.02514257383489131
288.9199999999919 0.02483255329344089
288.9299999999919 0.024481460206344462
288.93999999999187 0.02409253008475302
288.94999999999186 0.023669245491677603
288.95999999999185 0.02321529979576125
288.96999999999184 0.022734559086117025
288.97999999999183 0.022231022806661938
288.9899999999918 0.021708783681964182
288.9999999999918 0.021171987510199757
289.0099999999918 0.020624793392455654
289.0199999999918 0.020071334951578364
289.0299999999918 0.019515683068484127
289.0399999999918 0.018961810629916687
289.04999999999177 0.01841355973979898
289.05999999999176 0.017874611797441448
289.06999999999175 0.017348460790907513
289.07999999999174 0.016838390093844115
289.08999999999173 0.01634745299017005
289.0999999999917 0.015878457084320632
289.1099999999917 0.015433952686438617
289.1199999999917 0.015016225193137755
289.1299999999917 0.014627291416389158
289.1399999999917 0.014268899746799162
289.1499999999917 0.013942533974117505
289.15999999999167 0.01364942052823418
289.16999999999166 0.013390538849116052
289.17999999999165 0.013166634544946399
289.18999999999164 0.012978234954916094
289.19999999999163 0.012825666697337097
289.2099999999916 0.012709074755566502
289.2199999999916 0.012628442634097257
289.2299999999916 0.01258361310543355
289.2399999999916 0.012574309065253031
289.2499999999916 0.012600154018972212
289.2599999999916 0.012660691737162241
289.26999999999157 0.01275540464016563
289.27999999999156 0.012883730503469306
289.28999999999155 0.013045077114489243
289.29999999999154 0.013238834557877934
289.30999999999153 0.013464384859605901
289.3199999999915 0.0137211087790868
289.3299999999915 0.014008389602582784
289.3399999999915 0.014325613858990451
289.3499999999915 0.014672168949707496
289.3599999999915 0.015047437756358225
289.3699999999915 0.01545079036237505
289.37999999999147 0.0158815730953943
289.38999999999146 0.016339095165694373
289.39999999999145 0.01682261324003635
289.40999999999144 0.017331314348835277
289.41999999999143 0.017864297576216798
289.4299999999914 0.018420555025903618
289.4399999999914 0.01899895258984998
289.4499999999914 0.01959821107006741
289.4599999999914 0.02021688821631145
289.4699999999914 0.02085336224258418
289.4799999999914 0.02150581737334497
289.48999999999137 0.022172231945763624
289.49999999999136 0.0228503695574209
289.50999999999135 0.02353777369996998
289.51999999999134 0.02423176625911612
289.52999999999133 0.024929450190829747
289.5399999999913 0.02562771660423303
289.5499999999913 0.026323256394594156
289.5599999999913 0.027012576477056134
289.5699999999913 0.027692020575036575
289.5799999999913 0.028357794418727062
289.5899999999913 0.029005995110968488
289.59999999999127 0.029632644322198223
289.60999999999126 0.030233724885376175
289.61999999999125 0.030805220277955223
289.62999999999124 0.03134315640310661
289.63999999999123 0.03184364501841372
289.6499999999912 0.03230292810875416
289.6599999999912 0.032717422462476546
289.6699999999912 0.033083763687315984
289.6799999999912 0.03339884889550169
289.6899999999912 0.03365987729655682
289.6999999999912 0.03386438796134843
289.70999999999117 0.03401029406161472
289.71999999999116 0.0340959129446936
289.72999999999115 0.03411999147236064
289.73999999999114 0.0340817261340821
289.74999999999113 0.033980777536831576
289.7599999999911 0.03381727897388487
289.7699999999911 0.03359183888148059
289.7799999999911 0.03330553710255159
289.7899999999911 0.03295991498845619
289.7999999999911 0.03255695948031043
289.8099999999911 0.03209908141873165
289.81999999999107 0.031589088432249
289.82999999999106 0.031030152848176635
289.83999999999105 0.030425775153462127
289.84999999999104 0.029779743605257897
289.85999999999103 0.029096090650359795
289.869999999991 0.02837904685818691
289.879999999991 0.02763299310295908
289.889999999991 0.026862411746840283
289.899999999991 0.026071837577086917
289.909999999991 0.025265809237045876
289.919999999991 0.024448821863887197
289.92999999999097 0.023625281606223326
289.93999999999096 0.022799462643518408
289.94999999999095 0.021975467267897862
289.95999999999094 0.021157189519279855
289.96999999999093 0.02034828278843685
289.9799999999909 0.01955213172150538
289.9899999999909 0.018771828675469258
289.9999999999909 0.018010154889096994
290.0099999999909 0.017269566449504888
290.0199999999909 0.01655218505262182
290.0299999999909 0.015859793477887737
290.03999999999087 0.015193835624891398
290.04999999999086 0.01455542089351554
290.05999999999085 0.013945332630470328
290.06999999999084 0.013364040314599245
290.07999999999083 0.012811715111552152
290.0899999999908 0.012288248395633954
290.0999999999908 0.011793272812938066
290.1099999999908 0.011326185445146224
290.1199999999908 0.01088617262732359
290.1299999999908 0.010472235975203038
290.1399999999908 0.010083219187240349
290.14999999999077 0.009717835203424511
290.15999999999076 0.009374693325648883
290.16999999999075 0.009052325932531134
290.17999999999074 0.008749214454015294
290.18999999999073 0.008463814306984944
290.1999999999907 0.00819457853155417
290.2099999999907 0.007939979907796853
290.2199999999907 0.007698531373578931
290.2299999999907 0.007468804605077259
290.2399999999907 0.007249446661770402
290.2499999999907 0.0070391946365077505
290.25999999999067 0.006836888288115579
290.26999999999066 0.006641480668371471
290.27999999999065 0.006452046786639441
290.28999999999064 0.006267790383652271
290.29999999999063 0.006088048910575816
290.3099999999906 0.005912296830384684
290.3199999999906 0.0057401473755808955
290.3299999999906 0.005571352909321816
290.3399999999906 0.0054058040460750354
290.3499999999906 0.005243527693026147
290.3599999999906 0.005084684174720987
290.36999999999057 0.00492956360096562
290.37999999999056 0.00477858163201769
290.38999999999055 0.004632274785805667
290.39999999999054 0.0044912954195713665
290.40999999999053 0.004356406503245722
290.4199999999905 0.00422847628437354
290.4299999999905 0.0041084729248689455
290.4399999999905 0.0039974591687096765
290.4499999999905 0.003896587077296351
290.4599999999905 0.0038070928460702106
290.4699999999905 0.003730291692582511
290.47999999999047 0.0036675727830448234
290.48999999999046 0.0036203941419822457
290.49999999999045 0.0035902774684928207
290.50999999999044 0.003578802763322097
290.51999999999043 0.003587602654024967
290.5299999999904 0.003618356291428018
290.5399999999904 0.003672782679923531
290.5499999999904 0.003752633297286345
290.5599999999904 0.0038596838571272984
290.5699999999904 0.003995725069145046
290.5799999999904 0.004162552259303909
290.58999999999037 0.004361953724157969
290.59999999999036 0.004595697710874034
290.60999999999035 0.004865517937083056
290.61999999999034 0.005173097592397637
290.62999999999033 0.00552005179603159
290.6399999999903 0.005907908522070176
290.6499999999903 0.006338088045054251
290.6599999999903 0.006811881003004733
290.6699999999903 0.007330425222037435
290.6799999999903 0.007894681495384685
290.6899999999903 0.008505408558911643
290.69999999999027 0.009163137553953687
290.70999999999026 0.00986814631528187
290.71999999999025 0.010620433865945071
290.72999999999024 0.011419695540324487
290.73999999999023 0.012265299190655173
290.7499999999902 0.01315626295923939
290.7599999999902 0.014091235117388495
290.7699999999902 0.015068476481681933
290.7799999999902 0.016085845917468453
290.7899999999902 0.01714078942788287
290.7999999999902 0.01823033330345472
290.80999999999017 0.01935108177233563
290.81999999999016 0.020499219544233872
290.82999999999015 0.021670519582577017
290.83999999999014 0.022860356369791036
290.84999999999013 0.024063724850763142
290.8599999999901 0.02527526515072898
290.8699999999901 0.02648929306747071
290.8799999999901 0.02769983623557883
290.8899999999901 0.028900675754608404
290.8999999999901 0.030085392965436147
290.9099999999901 0.031247420952339428
290.91999999999007 0.032380100244706424
290.92999999999006 0.03347673809431724
290.93999999999005 0.03453067061424841
290.94999999999004 0.03553532698599036
290.95999999999003 0.03648429487450501
290.96999999999 0.03737138613864078
290.97999999999 0.0381907018882227
290.98999999999 0.03893669592056401
290.99999999999 0.03960423556902998
291.00999999999 0.04018865901512797
291.01999999999 0.04068582815345145
291.02999999998997 0.0410921761552638
291.03999999998996 0.04140474895069686
291.04999999998995 0.04162123994014903
291.05999999998994 0.041740017350755686
291.06999999998993 0.04176014377166855
291.0799999999899 0.04168138752986685
291.0899999999899 0.0415042257036392
291.0999999999899 0.04122983871080862
291.1099999999899 0.04086009655021103
291.1199999999899 0.04039753691481288
291.1299999999899 0.03984533553014957
291.13999999998987 0.03920726919957827
291.14999999998986 0.03848767215546636
291.15999999998985 0.037691386420436554
291.16999999998984 0.03682370697305215
291.17999999998983 0.03589032258611775
291.1899999999898 0.03489725326177581
291.1999999999898 0.03385078522493096
291.2099999999898 0.032757404454823606
291.2199999999898 0.03162372973385523
291.2299999999898 0.03045644617354271
291.2399999999898 0.029262240140675518
291.24999999998977 0.028047736453681284
291.25999999998976 0.02681943865153149
291.26999999998975 0.025583673057183613
291.27999999998974 0.02434653726673325
291.28999999998973 0.023113853596473916
291.2999999999897 0.021891127915366418
291.3099999999897 0.020683514182463638
291.3199999999897 0.019495784900046005
291.3299999999897 0.018332307585926525
291.3399999999897 0.01719702726475983
291.3499999999897 0.01609345488021499
291.35999999998967 0.015024661439284593
291.36999999998966 0.013993277618271528
291.37999999998965 0.013001498488293801
291.38999999998964 0.012051092957347076
291.39999999998963 0.011143417476626572
291.4099999999896 0.010279433521194028
291.4199999999896 0.0094597283291518
291.4299999999896 0.008684538368959226
291.4399999999896 0.007953775000855891
291.4499999999896 0.007267051804795996
291.4599999999896 0.006623713062922928
291.46999999998957 0.006022862908363913
291.47999999998956 0.005463394682838601
291.48999999998955 0.0049440200820306465
291.49999999998954 0.004463297708616714
291.50999999998953 0.004019660697041139
291.5199999999895 0.003611443120361893
291.5299999999895 0.0032369049366349095
291.5399999999895 0.002894255279296625
291.5499999999895 0.002581673941901644
291.5599999999895 0.0022973309515450986
291.5699999999895 0.0020394041666464123
291.57999999998947 0.00180609487292367
291.58999999998946 0.0015956413859087076
291.59999999998945 0.0014063306989348411
291.60999999998944 0.001236508241986633
291.61999999998943 0.0010845858390633322
291.6299999999894 0.000949047969805802
291.6399999999894 0.0008284564551925018
291.6499999999894 0.0007214536973214645
291.6599999999894 0.0006267646099226021
291.6699999999894 0.0005431973795972079
291.6799999999894 0.0004696431982029152
291.68999999998937 0.0004050751046586552
291.69999999998936 0.00034854607011125267
291.70999999998935 0.0002991864542591325
291.71999999998934 0.00025620095303524793
291.72999999998933 0.0002188651491598905
291.7399999999893 0.0001865217676100503
291.7499999999893 0.00015857672811288108
291.7599999999893 0.00013449507662261596
291.7699999999893 0.00011379686761543886
291.7799999999893 9.605305913355637e-05
291.7899999999893 8.088147299213618e-05
291.79999999998927 6.794286356191385e-05
291.80999999998926 5.693713015594383e-05
291.81999999998925 4.759970035207962e-05
291.82999999998924 3.969810461807021e-05
291.83999999998923 3.302875639524676e-05
291.8499999999892 2.741394634128226e-05
291.8599999999892 2.2699054717194413e-05
291.8699999999892 1.8749981899718444e-05
291.8799999999892 1.54507936676797e-05
291.8899999999892 1.2701575202332944e-05
291.8999999999892 1.041648560355471e-05
291.90999999998917 8.522003099734315e-06
291.91999999998916 6.95534996127744e-06
291.92999999998915 5.663085358140284e-06
291.93999999998914 4.599853974657494e-06
291.94999999998913 3.7272780566601685e-06
291.9599999999891 3.012980666487167e-06
291.9699999999891 2.4297282149610545e-06
291.9799999999891 1.9546807840775762e-06
291.9899999999891 1.5687393129280324e-06
291.9999999999891 1.2559793596863494e-06
292.0099999999891 1.0031618462616354e-06
292.01999999998907 7.993119156331591e-07
292.02999999998906 6.353577651446183e-07
292.03999999998905 5.038220460259769e-07
292.04999999998904 3.985591273611188e-07
292.05999999998903 3.145322018282788e-07
292.069999999989 2.4762485361275895e-07
292.079999999989 1.9448231097463652e-07
292.089999999989 1.5237816399404073e-07
292.099999999989 1.1910284053411145e-07
292.109999999989 9.287060025907333e-08
292.119999999989 7.224222843833395e-08
292.12999999998897 5.606098985292868e-08
292.13999999998896 4.339974056800448e-08
292.14999999998895 3.351739421364462e-08
292.15999999998894 2.582320254726953e-08
292.16999999998893 1.9847540406015753e-08
292.1799999999889 1.521808568167219e-08
292.1899999999889 1.1640458605075834e-08
292.1999999999889 8.88253425039333e-09
292.2099999999889 6.7617704569960645e-09
292.2199999999889 5.13500283858541e-09
292.2299999999889 3.89025153511676e-09
292.23999999998887 2.940162991548075e-09
292.24999999998886 2.216776244678285e-09
292.25999999998885 1.6673586927398204e-09
292.26999999998884 1.2511026483945702e-09
292.27999999998883 9.365124905111691e-10
292.2899999999888 6.993441221185373e-10
292.2999999999888 5.209847459074986e-10
292.3099999999888 3.8718257961876695e-10
292.3199999999888 2.870538211849161e-10
292.3299999999888 2.1230859549060724e-10
292.3399999999888 1.5664933041905188e-10
292.34999999998877 1.153044924870777e-10
292.35999999998876 8.46682598177749e-11
292.36999999998875 6.202285564661367e-11
292.37999999998874 4.5325186608576034e-11
292.38999999998873 3.304335692468131e-11
292.3999999999887 2.4031752343056338e-11
292.4099999999887 1.7435862484124045e-11
292.4199999999887 1.2619964902920505e-11
292.4299999999887 9.11233285790159e-12
292.4399999999887 6.563835971258698e-12
292.4499999999887 4.716746972542908e-12
292.45999999998867 3.3813035025554123e-12
292.46999999998866 2.418145586048435e-12
292.47999999998865 1.7251920527049036e-12
292.48999999998864 1.2278608938962204e-12
292.49999999998863 8.718014775622811e-13
292.5099999999886 6.175082263352167e-13
292.5199999999886 4.3633957871755636e-13
292.5299999999886 3.075836043341905e-13
292.5399999999886 2.1630097085889038e-13
292.5499999999886 1.517436298889468e-13
292.5599999999886 1.0619869533490755e-13
292.56999999998857 7.414546731323501e-14
292.57999999998856 5.164243891552784e-14
292.58999999998855 3.588273968825532e-14
292.59999999998854 2.4872598342489845e-14
292.60999999998853 1.7199405306052294e-14
292.6199999999885 1.1864854500595747e-14
292.6299999999885 8.165224208757306e-15
292.6399999999885 5.605708672771617e-15
292.6499999999885 3.839278745826789e-15
292.6599999999885 2.6231642013914333e-15
292.6699999999885 1.7879609128032506e-15
292.67999999998847 1.2157583889766734e-15
292.68999999998846 8.24694770637467e-16
292.69999999998845 5.580793042536672e-16
292.70999999998844 3.767517733449725e-16
292.71999999998843 2.5372975711600744e-16
292.7299999999884 1.7046852880045237e-16
292.7399999999884 1.142546102342839e-16
292.7499999999884 7.639412550050963e-17
292.7599999999884 5.095688892024281e-17
292.7699999999884 3.390802985669346e-17
292.7799999999884 2.2509140871670305e-17
292.78999999998837 1.4906373259751277e-17
292.79999999998836 9.847857937852896e-18
292.80999999998835 6.490352258079818e-18
292.81999999998834 4.267283260325169e-18
292.82999999998833 2.798925804090296e-18
292.8399999999883 1.8314202429020136e-18
292.8499999999883 1.1954773287956747e-18
292.8599999999883 7.784870435722778e-19
292.8699999999883 5.057293323933001e-19
292.8799999999883 3.277491757401621e-19
292.8899999999883 2.118955239444038e-19
292.89999999998827 1.3666542854046167e-19
292.90999999998826 8.793307531939086e-20
292.91999999998825 5.644202240685979e-20
292.92999999998824 3.614178361437943e-20
292.93999999998823 2.3087308485381334e-20
292.9499999999882 1.471274609752007e-20
292.9599999999882 9.353429658984664e-21
292.9699999999882 5.932049122066554e-21
292.9799999999882 3.753144647883836e-21
292.9899999999882 2.3688773553198604e-21
292.9999999999882 1.4915800294786192e-21
293.00999999998817 9.36930233797676e-22
293.01999999998816 5.871170013759884e-22
293.02999999998815 3.6702763859597587e-22
293.03999999998814 2.2889146152133495e-22
293.04999999998813 1.4240233961726301e-22
293.0599999999881 8.838149974291672e-23
293.0699999999881 5.472204497549258e-23
293.0799999999881 3.380025527591804e-23
293.0899999999881 2.0827366125456232e-23
293.0999999999881 1.2802813896398705e-23
293.1099999999881 7.851149066984452e-24
293.11999999998807 4.803056811318774e-24
293.12999999998806 2.931290993232003e-24
293.13999999998805 1.784665602824958e-24
293.14999999998804 1.0839555729829549e-24
293.15999999998803 6.567843889617503e-25
293.169999999988 3.97000332174486e-25
293.179999999988 2.3939530476648785e-25
293.189999999988 1.4401147423678884e-25
293.199999999988 8.64241812221881e-26
293.209999999988 5.174044515119972e-26
293.219999999988 3.090165628367608e-26
293.22999999998797 1.841153780143446e-26
293.23999999998796 1.0943470710399498e-26
293.24999999998795 6.488985525918415e-27
293.25999999998794 3.838444279544802e-27
293.26999999998793 2.265115674243236e-27
293.2799999999879 1.3334668993657594e-27
293.2899999999879 7.831244865563279e-28
293.2999999999879 4.588133828778541e-28
293.3099999999879 2.681625089174937e-28
293.3199999999879 1.5635679255234552e-28
293.3299999999879 9.094779101035777e-29
293.33999999998787 5.277451696440449e-29
293.34999999998786 3.05501318113787e-29
293.35999999998785 1.7642438791252386e-29
293.36999999998784 1.0163911149957489e-29
293.37999999998783 5.841438517898599e-30
293.3899999999878 3.3491567152370114e-30
293.3999999999878 1.9156132792745706e-30
293.4099999999878 1.0930421706327929e-30
293.4199999999878 6.221895407180178e-31
293.4299999999878 3.5331754497731493e-31
293.4399999999878 2.0015406352841365e-31
293.44999999998777 1.1311503354308552e-31
293.45999999998776 6.377242845420931e-32
293.46999999998775 3.5867597819079065e-32
293.47999999998774 2.0124650050535292e-32
293.48999999998773 1.1264478550545223e-32
293.4999999999877 6.289998722085747e-33
293.5099999999877 3.503859890157811e-33
293.5199999999877 1.947150926008073e-33
293.5299999999877 1.0794665992667002e-33
293.5399999999877 5.970016232949081e-34
293.5499999999877 3.2938098547928153e-34
293.55999999998767 1.8129183578210106e-34
293.56999999998766 9.954390608384004e-35
293.57999999998765 5.452652484981872e-35
293.58999999998764 2.9795979743426786e-35
293.59999999998763 1.6242924687784785e-35
293.6099999999876 8.833391937548252e-36
293.6199999999876 4.792338430120337e-36
293.6299999999876 2.5937264379950768e-36
293.6399999999876 1.4004176229772923e-36
293.6499999999876 7.543061964409095e-37
293.6599999999876 4.053166952028977e-37
293.66999999998757 2.172691273458355e-37
293.67999999998756 1.1618719222477305e-37
293.68999999998755 6.198337256890902e-38
293.69999999998754 3.2987458633621043e-38
293.70999999998753 1.7513753138251078e-38
293.7199999999875 9.276118728951502e-39
293.7299999999875 4.9012864272944466e-39
293.7399999999875 2.5835125583815805e-39
293.7499999999875 1.3585254553633506e-39
293.7599999999875 7.12658867559313e-40
293.7699999999875 3.729514636837598e-40
293.77999999998747 1.9470614040292244e-40
293.78999999998746 1.0140600874336352e-40
293.79999999998745 5.268711769983471e-41
293.80999999998744 2.7308755012179517e-41
293.81999999998743 1.412069496849404e-41
293.8299999999874 7.283949923012958e-42
293.8399999999874 3.7483017066467297e-42
293.8499999999874 1.9242382331319867e-42
293.8599999999874 9.854619218977313e-43
293.8699999999874 5.0347460027285945e-43
293.8799999999874 2.5660906439544192e-43
293.88999999998737 1.3047374561515601e-43
293.89999999998736 6.618064213943183e-44
293.90999999998735 3.348848747067492e-44
293.91999999998734 1.690506318687899e-44
293.92999999998733 8.513237973068582e-45
293.9399999999873 4.2769035673636205e-45
293.9499999999873 2.1434869925996597e-45
293.9599999999873 1.071689451817918e-45
293.9699999999873 5.3453207370748e-46
293.9799999999873 2.6597161616489343e-46
293.9899999999873 1.3202419393979792e-46
293.99999999998727 6.537752365670712e-47
294.00999999998726 3.22968463925838e-47
294.01999999998725 1.5916533180020976e-47
294.02999999998724 7.825165822931724e-48
294.03999999998723 3.837914801107218e-48
294.0499999999872 1.8778193894936145e-48
294.0599999999872 9.165771330756657e-49
294.0699999999872 4.4631442835777626e-49
294.0799999999872 2.168051254385151e-49
294.0899999999872 1.050642277705244e-49
294.0999999999872 5.079218665384735e-50
294.10999999998717 2.449602727070232e-50
294.11999999998716 1.178558415199891e-50
294.12999999998715 5.65670172294142e-51
294.13999999998714 2.7085206714409845e-51
294.14999999998713 1.2937719749201392e-51
294.1599999999871 6.165098701365046e-52
294.1699999999871 2.9307517834160477e-52
294.1799999999871 1.3898718261191863e-52
294.1899999999871 6.575475661283687e-53
294.1999999999871 3.103389648754577e-53
294.2099999999871 1.4611747185954748e-53
294.21999999998707 6.863169125270729e-54
294.22999999998706 3.2159105642576076e-54
294.23999999998705 1.5032801854655693e-54
294.24999999998704 7.010235591238738e-55
294.25999999998703 3.2612343144653054e-55
294.269999999987 1.5135197856077055e-55
294.279999999987 7.00730323475226e-56
294.289999999987 3.2364613876250656e-56
294.299999999987 1.4912369566366707e-56
294.309999999987 6.854560210019688e-57
294.319999999987 3.143179929529842e-57
294.32999999998697 1.4378566795580078e-57
294.33999999998696 6.561734671872253e-58
294.34999999998695 2.9872972638769633e-58
294.35999999998694 1.3567346800232854e-58
294.36999999998693 6.147069467386848e-59
294.3799999999869 2.7784208242731666e-59
294.3899999999869 1.2528083496274346e-59
294.3999999999869 5.635441716583748e-60
294.4099999999869 2.5288786821143296e-60
294.4199999999869 1.1320998630826193e-60
294.4299999999869 5.055896674409283e-61
294.43999999998687 2.2525184212053473e-61
294.44999999998686 1.0011409420719003e-61
294.45999999998685 4.438935177199605e-62
294.46999999998684 1.9634465948249144e-62
294.47999999998683 8.66395310097704e-63
294.4899999999868 3.8139043927863967e-63
294.4999999999868 1.6748665947623274e-63
294.5099999999868 7.337487069282533e-64
294.5199999999868 3.2067949182240524e-64
294.5299999999868 1.3981434550777917e-64
294.5399999999868 6.08119585630875e-65
294.54999999998677 2.638657106461027e-65
294.55999999998676 1.142177585736023e-65
294.56999999998675 4.932203859849044e-66
294.57999999998674 2.1247366722747715e-66
294.58999999998673 9.131159275844113e-67
294.5999999999867 3.914744587954501e-67
294.6099999999867 1.6743168811894706e-67
294.6199999999867 7.143788514394997e-68
294.6299999999867 3.0407186081599247e-68
294.6399999999867 1.291161548640308e-68
294.6499999999867 5.469424678244728e-69
294.65999999998667 2.3113164867940476e-69
294.66999999998666 9.743924226161163e-70
294.67999999998665 4.097935215929757e-70
294.68999999998664 1.7193052459114966e-70
294.69999999998663 7.196106758542281e-71
294.7099999999866 3.004684777343967e-71
294.7199999999866 1.2515751891772572e-71
294.7299999999866 5.200818325474101e-72
294.7399999999866 2.1559720725142934e-72
294.7499999999866 8.916025215184364e-73
294.7599999999866 3.6783762910611795e-73
294.76999999998657 1.513901889056215e-73
294.77999999998656 6.21578546584259e-74
294.78999999998655 2.545956692561522e-74
294.79999999998654 1.0403098647758812e-74
294.80999999998653 4.240637320034097e-75
294.8199999999865 1.7244724279141393e-75
294.8299999999865 6.995811328263119e-76
294.8399999999865 2.831239647344356e-76
294.8499999999865 1.1430675180801847e-76
294.8599999999865 4.603878416402477e-77
294.8699999999865 1.8498329772512042e-77
294.87999999998647 7.414773660371999e-78
294.88999999998646 2.9649678541272274e-78
294.89999999998645 1.18276588451553e-78
294.90999999998644 4.706892710242618e-79
294.91999999998643 1.868643774270008e-79
294.9299999999864 7.400745113152329e-80
294.9399999999864 2.9240250263978015e-80
294.9499999999864 1.1525066321437335e-80
294.9599999999864 4.531713971101519e-81
294.9699999999864 1.7776172562997347e-81
294.9799999999864 6.956178760520206e-82
294.98999999998637 2.715563233261429e-82
294.99999999998636 1.0575619465857165e-82
295.00999999998635 4.108737734445442e-83
295.01999999998634 1.5924570770438562e-83
295.02999999998633 6.157207069868266e-84
295.0399999999863 2.374961058634954e-84
295.0499999999863 9.138731889702785e-85
295.0599999999863 3.508101004763058e-85
295.0699999999863 1.3434297186674453e-85
295.0799999999863 5.1323294108395475e-86
295.0899999999863 1.956008800757864e-86
295.09999999998627 7.43676050144306e-87
295.10999999998626 2.8206778998282893e-87
295.11999999998625 1.0672837713824397e-87
295.12999999998624 4.028682344756735e-88
295.13999999998623 1.517060338116752e-88
295.1499999999862 5.6990096574777636e-89
295.1599999999862 2.1357609469546026e-89
295.1699999999862 7.984773453150024e-90
295.1799999999862 2.978031353986499e-90
295.1899999999862 1.1080328664074775e-90
295.1999999999862 4.11275395678873e-91
295.20999999998617 1.5228934706474865e-91
295.21999999998616 5.625524623650592e-92
295.22999999998615 2.0730665534885517e-92
295.23999999998614 7.6211440289526586e-93
295.24999999998613 2.7950128134309924e-93
295.2599999999861 1.0225961343960597e-93
295.2699999999861 3.732340004046443e-94
295.2799999999861 1.3589859358541603e-94
295.2899999999861 4.936344198691374e-95
295.2999999999861 1.7887622293554007e-95
295.3099999999861 6.466309790252199e-96
295.31999999998607 2.3319385814658186e-96
295.32999999998606 8.389467926148165e-97
295.33999999998605 3.010983931135881e-97
295.34999999998604 1.0780506533144e-97
295.35999999998603 3.850584035740019e-98
295.369999999986 1.372052578512494e-98
295.379999999986 4.877211759097387e-99
295.389999999986 1.7295343013615775e-99
295.399999999986 6.118478758805059e-100
295.409999999986 2.1593072512373773e-100
295.419999999986 7.602249859233308e-101
295.42999999998597 2.6700939628878425e-101
295.43999999998596 9.355514149748786e-102
295.44999999998595 3.2701335146948345e-102
295.45999999998594 1.140302348633658e-102
295.46999999998593 3.966717412167438e-103
295.4799999999859 1.3765729009515815e-103
295.4899999999859 4.7656690389547914e-104
295.4999999999859 1.6459068435088985e-104
295.5099999999859 5.670786971019845e-105
295.5199999999859 1.9491179645424384e-105
295.5299999999859 6.6832795185260865e-106
295.53999999998587 2.2861137498839755e-106
295.54999999998586 7.801224136364507e-107
295.55999999998585 2.6557328482973418e-107
295.56999999998584 9.019090077345842e-108
295.57999999998583 3.055608947443323e-108
295.5899999999858 1.0327365111105654e-108
295.5999999999858 3.482074020552808e-109
295.6099999999858 1.171232665214565e-109
295.6199999999858 3.930113230045015e-110
295.6299999999858 1.3155993773940132e-110
295.6399999999858 4.393381987588956e-111
295.64999999998577 1.463628914449112e-111
295.65999999998576 4.864292761759631e-112
295.66999999998575 1.61274290480588e-112
295.67999999998574 5.334175298229986e-113
295.68999999998573 1.7600545871828393e-113
295.6999999999857 5.793509194102785e-114
295.7099999999857 1.9024531610521615e-114
295.7199999999857 6.232222576539236e-115
295.7299999999857 2.0367074263279043e-115
295.7399999999857 6.640045390424339e-116
295.7499999999857 2.1595842869731792e-116
295.75999999998567 7.006900964050837e-117
295.76999999998566 2.2679762847626145e-117
295.77999999998565 7.323315563142662e-118
295.78999999998564 2.3590312677410107e-118
295.79999999998563 7.580822982951905e-119
295.8099999999856 2.4302767028573214e-119
295.8199999999856 7.772340191123002e-120
295.8299999999856 2.479731096436164e-120
295.8399999999856 7.892490808604145e-121
295.8499999999856 2.505995523718177e-121
295.8599999999856 7.937855824849625e-122
295.86999999998557 2.508319368994369e-122
295.87999999998556 7.907135233313365e-123
295.88999999998555 2.4866359651606844e-123
295.89999999998554 7.801209923301473e-124
295.90999999998553 2.4415657711638605e-124
295.9199999999855 7.623099716066364e-125
295.9299999999855 2.374386875995095e-125
295.9399999999855 7.377820334949455e-126
295.9499999999855 2.2869747860897844e-126
295.9599999999855 7.072148763626963e-127
295.9699999999855 2.1817154548129534e-127
295.97999999998547 6.714312309864067e-128
295.98999999998546 2.061397180968038e-128
295.99999999998545 6.31362127409968e-129
296.00999999998544 1.9290882050425695e-129
296.01999999998543 5.8800680727783125e-130
296.0299999999854 1.7880074813892395e-130
296.0399999999854 5.423916798480142e-131
296.0499999999854 1.6413961702450314e-131
296.0599999999854 4.955306501536874e-132
296.0699999999854 1.4923968993396402e-132
296.0799999999854 4.4838891088380524e-133
296.08999999998537 1.3439468647912357e-133
296.09999999998536 4.0185191568307604e-134
296.10999999998535 1.1986894888247576e-134
296.11999999998534 3.5670078134839204e-135
296.12999999998533 1.0589077668841566e-135
296.1399999999853 3.135948460723728e-136
296.1499999999853 9.26480768074412e-137
296.1599999999853 2.730615872633129e-137
296.1699999999853 8.028631437702214e-138
296.1799999999853 2.35493618241151e-138
296.1899999999853 6.890860734029831e-139
296.19999999998527 2.0115207303514895e-139
296.20999999998526 5.8577692797465395e-140
296.21999999998525 1.7017537686671282e-140
296.22999999998524 4.931941192884398e-141
296.23999999998523 1.4259219932483197e-141
296.2499999999852 4.112731477728141e-142
296.2599999999852 1.1833729893715675e-142
296.2699999999852 3.3967975131283683e-143
296.2799999999852 9.726898298227969e-144
296.2899999999852 2.778662504735755e-144
296.2999999999852 7.918700837954667e-145
296.30999999998517 2.2512762033984756e-145
296.31999999998516 6.384991671018209e-146
296.32999999998515 1.8065442298899181e-146
296.33999999998514 5.099100507049483e-147
296.34999999998513 1.4358043185186396e-147
296.3599999999851 4.033236118187363e-148
296.3699999999851 1.1302349940810276e-148
296.3799999999851 3.1596615206519353e-149
296.3899999999851 8.811890307240686e-150
296.3999999999851 2.451626532988961e-150
296.4099999999851 6.804500542617514e-151
296.41999999998507 1.884060752466462e-151
296.42999999998506 5.204155465810043e-152
296.43999999998505 1.4340435176597352e-152
296.44999999998504 3.9421315160606935e-153
296.45999999998503 1.081076922824865e-153
296.469999999985 2.9575956182753054e-154
296.479999999985 8.071935836370854e-155
296.489999999985 2.1977248431023362e-155
296.499999999985 5.969330755503004e-156
296.509999999985 1.6174642071427307e-156
296.519999999985 4.3722040679971826e-157
296.52999999998497 1.179024632430667e-157
296.53999999998496 3.171772597240336e-158
296.54999999998495 8.512123505260848e-159
296.55999999998494 2.2789274496616975e-159
296.56999999998493 6.086670503254029e-160
296.5799999999849 1.6217570497704446e-160
296.5899999999849 4.310707015281822e-161
296.5999999999849 1.143057105329355e-161
296.6099999999849 3.0237373081888744e-162
296.6199999999849 7.979522412118349e-163
296.6299999999849 2.100711673598468e-163
296.63999999998487 5.517123532999894e-164
296.64999999998486 1.445491949606356e-164
296.65999999998485 3.778116590229023e-165
296.66999999998484 9.8512591506349e-166
296.67999999998483 2.5625057084780494e-166
296.6899999999848 6.649586635630114e-167
296.6999999999848 1.721397490033052e-167
296.7099999999848 4.44553866240183e-168
296.7199999999848 1.145313361618681e-168
296.7299999999848 2.943614765144759e-169
296.7399999999848 7.547347169551003e-170
296.74999999998477 1.9304759338243807e-170
296.75999999998476 4.925963230931172e-171
296.76999999998475 1.253933916120872e-171
296.77999999998474 3.184306345036037e-172
296.78999999998473 8.066994200762534e-173
296.7999999999847 2.0387564911402645e-173
296.8099999999847 5.140148646054826e-174
296.8199999999847 1.2928338347651467e-174
296.8299999999847 3.243892474300969e-175
296.8399999999847 8.119829319253137e-176
296.8499999999847 2.0276082988867345e-176
296.85999999998467 5.0510065229605595e-177
296.86999999998466 1.2552450232508535e-177
296.87999999998465 3.111972829428811e-178
296.88999999998464 7.69661555946126e-179
296.89999999998463 1.89898048547534e-179
296.9099999999846 4.674099129291153e-180
296.9199999999846 1.1477096817800156e-180
296.9299999999846 2.8114015586782517e-181
296.9399999999846 6.870216558690273e-182
296.9499999999846 1.6748452347178406e-182
296.9599999999846 4.07319916967793e-183
296.96999999998457 9.882192756344401e-184
296.97999999998456 2.391815656752495e-184
296.98999999998455 5.7750905444370846e-185
296.99999999998454 1.391062363269419e-185
297.00999999998453 3.342651597986782e-186
297.0199999999845 8.012948188616168e-187
297.0299999999845 1.9162416084045724e-187
297.0399999999845 4.5715650825320856e-188
297.0499999999845 1.0880184435938792e-188
297.0599999999845 2.583237385904928e-189
297.0699999999845 6.118558080129894e-190
297.07999999998447 1.445741228224375e-190
297.08999999998446 3.407915003913542e-191
297.09999999998445 8.013895088949217e-192
297.10999999998444 1.8799887931973054e-192
297.11999999998443 4.399705198268232e-193
297.1299999999844 1.0271848476750095e-193
297.1399999999844 2.3923809779817015e-194
297.1499999999844 5.558643048528484e-195
297.1599999999844 1.2884392365464128e-195
297.1699999999844 2.9793107710669446e-196
297.1799999999844 6.872652433343648e-197
297.18999999998437 1.5815745398790366e-197
297.19999999998436 3.630878017093059e-198
297.20999999998435 8.315538174792063e-199
297.21999999998434 1.8998782644054482e-199
297.22999999998433 4.330299115912476e-200
297.2399999999843 9.846156354460912e-201
297.2499999999843 2.2334296079488894e-201
297.2599999999843 5.053991647885199e-202
297.2699999999843 1.1409154995267642e-202
297.2799999999843 2.5693847960757774e-203
297.2899999999843 5.772467936103976e-204
297.29999999998427 1.2937507605774079e-204
297.30999999998426 2.8926535149394522e-205
297.31999999998425 6.452067830198881e-206
297.32999999998424 1.4356816248487938e-206
297.33999999998423 3.186941333895278e-207
297.3499999999842 7.057432051471583e-208
297.3599999999842 1.5591074671949657e-208
297.3699999999842 3.436070826245236e-209
297.3799999999842 7.55448515861861e-210
297.3899999999842 1.656930708742349e-210
297.3999999999842 3.625438406991906e-211
297.40999999998417 7.913587797381421e-212
297.41999999998416 1.7232291333350217e-212
297.42999999998415 3.7434267647162624e-213
297.43999999998414 8.112456171921064e-214
297.44999999998413 1.7538485797973181e-214
297.4599999999841 3.782583613829755e-215
297.4699999999841 8.138449778440891e-216
297.4799999999841 1.7468336460803064e-216
297.4899999999841 3.7404006035875494e-217
297.4999999999841 7.989900996952088e-218
297.5099999999841 1.7026343352898103e-218
297.51999999998407 3.6195792159542657e-219
297.52999999998406 7.676292130502675e-220
297.53999999998405 1.6240582863081725e-220
297.54999999998404 3.4277444709055166e-221
297.55999999998403 7.21725376565288e-222
297.569999999984 1.515975637865303e-222
297.579999999984 3.17664861502227e-223
297.589999999984 6.640531534520612e-224
297.599999999984 1.3848196531894233e-224
297.609999999984 2.880980394493165e-225
297.619999999984 5.9792139929775774e-226
297.62999999998397 1.2379542650939711e-226
297.63999999998396 2.5569475145496027e-227
297.64999999998395 5.2686061702842735e-228
297.65999999998394 1.0829947924188242e-228
297.66999999998393 2.2208217903728243e-229
297.6799999999839 4.543157168179139e-230
297.6899999999839 9.271681877418543e-231
297.6999999999839 1.887626181283518e-231
297.7099999999839 3.8338063484609255e-232
297.7199999999839 7.767854131552044e-233
297.7299999999839 1.5701048694844617e-233
297.73999999998387 3.166015006031714e-234
297.74999999998386 6.368746856045992e-235
297.75999999998385 1.2780613882358635e-235
297.76999999998384 2.558622128194811e-236
297.77999999998383 5.109957618540823e-237
297.7899999999838 1.0180876149838928e-237
297.7999999999838 2.023530337927266e-238
297.8099999999838 4.012277803087836e-239
297.8199999999838 7.936499256915693e-240
297.8299999999838 1.5661150902350016e-240
297.8399999999838 3.0830110266983294e-241
297.84999999998377 6.054568420752387e-242
297.85999999998376 1.1861729453633314e-242
297.86999999998375 2.3182995275103208e-243
297.87999999998374 4.52009735300906e-244
297.88999999998373 8.791900008768251e-245
297.8999999999837 1.7059818296501898e-245
297.9099999999837 3.302347503246613e-246
297.9199999999837 6.377167907471517e-247
297.9299999999837 1.228540962644975e-247
297.9399999999837 2.3610660729600103e-248
297.9499999999837 4.526717053996617e-249
297.95999999998367 8.657953872758972e-250
297.96999999998366 1.6519766158138228e-250
297.97999999998365 3.144482867123855e-251
297.98999999998364 5.971057861498743e-252
297.99999999998363 1.131123528021009e-252
298.0099999999836 2.137595379200467e-253
298.0199999999836 4.0299316235188434e-254
298.0299999999836 7.57925576002551e-255
298.0399999999836 1.4220411275233657e-255
298.0499999999836 2.6616715410572296e-256
298.0599999999836 4.969966652430182e-257
298.06999999998357 9.257829919333723e-258
298.07999999998356 1.720369088397444e-258
298.08999999998355 3.1892662187285926e-259
298.09999999998354 5.8981610186267096e-260
298.10999999998353 1.0881761068093604e-260
298.1199999999835 2.002804030251361e-261
298.1299999999835 3.677345514358615e-262
298.1399999999835 6.735768102159421e-263
298.1499999999835 1.2308256164248739e-263
298.1599999999835 2.243688879084751e-264
298.1699999999835 4.080237602326081e-265
298.17999999998347 7.402271020100434e-266
298.18999999998346 1.339680449260488e-266
298.19999999998345 2.418767734434151e-267
298.20999999998344 4.356561240133519e-268
298.21999999998343 7.827988689455305e-269
298.2299999999834 1.403179610000415e-269
298.2399999999834 2.509187125206755e-270
298.2499999999834 4.4762006430157984e-271
298.2599999999834 7.966044894039858e-272
298.2699999999834 1.4142710890852823e-272
298.2799999999834 2.504835945154874e-273
298.28999999998337 4.4257066066118217e-274
298.29999999998336 7.800863207008673e-275
298.30999999998335 1.3717008708756917e-275
298.31999999998334 2.406206390753684e-276
298.32999999998333 4.210784804424099e-277
298.3399999999833 7.351059325157275e-278
298.3499999999833 1.280246265931943e-278
298.3599999999833 2.2243023337505995e-279
298.3699999999833 3.855234739628104e-280
298.3799999999833 6.665988276424421e-281
298.3899999999833 1.1498335432141359e-281
298.39999999998327 1.9786187108786264e-282
298.40999999998326 3.396612152205488e-283
298.41999999998325 5.816831935280504e-284
298.42999999998324 9.937651954975275e-285
298.43999999998323 1.6937049563881072e-285
298.4499999999832 2.8797079407680656e-286
298.4599999999832 4.884451920352892e-287
298.4699999999832 8.264944538833145e-288
298.4799999999832 1.3951495320394543e-288
298.4899999999832 2.3494071246626065e-289
298.4999999999832 3.946867206177224e-290
298.50999999998317 6.614598032956093e-291
298.51999999998316 1.1058879086191608e-291
298.52999999998315 1.8444864599059254e-292
298.53999999998314 3.06899755782023e-293
298.54999999998313 5.094180437254211e-294
298.5599999999831 8.435460850081778e-295
298.5699999999831 1.3934776713841877e-295
298.5799999999831 2.2964020379684782e-296
298.5899999999831 3.775309341346149e-297
298.5999999999831 6.191756535421805e-298
298.6099999999831 1.0130523989804526e-298
298.61999999998307 1.653509357370997e-299
298.62999999998306 2.692390900830352e-300
298.63999999998305 4.373471299635565e-301
298.64999999998304 7.08714236916316e-302
298.65999999998303 1.145704827191163e-302
298.669999999983 1.8476982106556807e-303
298.679999999983 2.9726655016666255e-304
298.689999999983 4.771091631279875e-305
298.699999999983 7.639170116377046e-306
298.709999999983 1.2202008266867532e-306
298.719999999983 1.9443442401528796e-307
298.72999999998297 3.09080574232874e-308
298.73999999998296 4.901477038918035e-309
298.74999999998295 7.75423474150627e-310
298.75999999998294 1.22379204344947e-310
298.76999999998293 1.9267839320666e-311
298.7799999999829 3.026321869036e-312
298.7899999999829 4.7419167587e-313
298.7999999999829 7.412239529e-314
298.8099999999829 1.155850524e-314
298.8199999999829 1.79808663e-315
298.8299999999829 2.79046296e-316
298.83999999998287 4.320148e-317
298.84999999998286 6.67233e-318
298.85999999998285 1.028047e-318
298.86999999998284 1.58017e-319
298.87999999998283 2.423e-320
298.8899999999828 3.705e-321
298.8999999999828 5.63e-322
298.9099999999828 8.4e-323
298.9199999999828 1.5e-323
298.9299999999828 0.0
298.9399999999828 0.0
298.94999999998277 0.0
298.95999999998276 0.0
298.96999999998275 0.0
298.97999999998274 0.0
298.98999999998273 0.0
298.9999999999827 0.0
299.0099999999827 0.0
299.0199999999827 0.0
299.0299999999827 0.0
299.0399999999827 0.0
299.0499999999827 0.0
299.05999999998267 0.0
299.06999999998266 0.0
299.07999999998265 0.0
299.08999999998264 0.0
299.09999999998263 0.0
299.1099999999826 0.0
299.1199999999826 0.0
299.1299999999826 0.0
299.1399999999826 0.0
299.1499999999826 0.0
299.1599999999826 0.0
299.16999999998256 0.0
299.17999999998256 0.0
299.18999999998255 0.0
299.19999999998254 0.0
299.20999999998253 0.0
299.2199999999825 0.0
299.2299999999825 0.0
299.2399999999825 0.0
299.2499999999825 0.0
299.2599999999825 0.0
299.2699999999825 0.0
299.27999999998246 0.0
299.28999999998246 0.0
299.29999999998245 0.0
299.30999999998244 0.0
299.31999999998243 0.0
299.3299999999824 0.0
299.3399999999824 0.0
299.3499999999824 0.0
299.3599999999824 0.0
299.3699999999824 0.0
299.3799999999824 0.0
299.38999999998236 0.0
299.39999999998236 0.0
299.40999999998235 0.0
299.41999999998234 0.0
299.42999999998233 0.0
299.4399999999823 0.0
299.4499999999823 0.0
299.4599999999823 0.0
299.4699999999823 0.0
299.4799999999823 0.0
299.4899999999823 0.0
299.49999999998226 0.0
299.50999999998226 0.0
299.51999999998225 0.0
299.52999999998224 0.0
299.53999999998223 0.0
299.5499999999822 0.0
299.5599999999822 0.0
299.5699999999822 0.0
299.5799999999822 0.0
299.5899999999822 0.0
299.5999999999822 0.0
299.60999999998216 0.0
299.61999999998216 0.0
299.62999999998215 0.0
299.63999999998214 0.0
299.64999999998213 0.0
299.6599999999821 0.0
299.6699999999821 0.0
299.6799999999821 0.0
299.6899999999821 0.0
299.6999999999821 0.0
299.7099999999821 0.0
299.71999999998206 0.0
299.72999999998206 0.0
299.73999999998205 0.0
299.74999999998204 0.0
299.759999999982 0.0
299.769999999982 0.0
299.779999999982 0.0
299.789999999982 0.0
299.799999999982 0.0
299.809999999982 0.0
299.819999999982 0.0
299.82999999998196 0.0
299.83999999998196 0.0
299.84999999998195 0.0
299.85999999998194 0.0
299.8699999999819 0.0
299.8799999999819 0.0
299.8899999999819 0.0
299.8999999999819 0.0
299.9099999999819 0.0
299.9199999999819 0.0
299.9299999999819 0.0
299.93999999998186 0.0
299.94999999998186 0.0
299.95999999998185 0.0
299.96999999998184 0.0
299.9799999999818 0.0
299.9899999999818 0.0
