280.6067 -0.000000
280.6572 0.007834
281.6104 0.000000
281.6518 -0.000000
281.6729 0.005864
282.1532 0.000000
282.2035 0.000584
282.2526 0.000000
282.2585 0.006911
282.3104 0.000000
280.6068 -0.000000
281.6103 0.000000
281.6456 0.000000
281.6519 0.000000
282.1532 -0.000000
282.2527 -0.000000
282.2722 0.000000
282.3105 0.000000
282.5673 0.000000
282.9379 0.000000
278.8016 -0.000000
278.8056 -0.000000
280.3523 0.000001
281.6813 -0.000000
281.7370 0.000000
282.4582 0.000000
282.4627 0.000000
282.5142 0.000000
283.1176 0.000000
283.1605 0.000000
278.8018 -0.000000
280.3524 0.000001
280.3830 0.000000
281.7369 0.000000
282.4520 -0.000000
282.4581 0.000000
282.5142 0.000000
283.1173 -0.000000
283.1893 0.000000
283.2018 0.000000
