275.0 3.93318987924e-210
275.01 1.78922945161e-209
275.02 8.11977309995e-209
275.03 3.6760251905e-208
275.04 1.66023587751e-207
275.05 7.48027977358e-207
275.06 3.36219284312e-206
275.07 1.50759305746e-205
275.08 6.7437641019e-205
275.09 3.00938217156e-204
275.1 1.33970460419e-203
275.11 5.94973316786e-203
275.12 2.63598334226e-202
275.13 1.16505000906e-201
275.14 5.13692479636e-201
275.15 2.25953244818e-200
275.16 9.91495373226e-200
275.17 4.34029787973e-199
275.18 1.89541850823e-198
275.19 8.25747815666e-198
275.2 3.58877711208e-197
275.21 1.5559737871e-196
275.22 6.7299959597e-196
275.23 2.90391612597e-195
275.24 1.25000016868e-194
275.25 5.36775658577e-194
275.26 2.29949407245e-193
275.27 9.82717104051e-193
275.28 4.18968599989e-192
275.29 1.78193220406e-191
275.3 7.56062362305e-191
275.31 3.20022712981e-190
275.32 1.35132785298e-189
275.33 5.69242603948e-189
275.34 2.39216321577e-188
275.35 1.00286150897e-187
275.36 4.19418769658e-187
275.37 1.74989304745e-186
275.38 7.28336197721e-186
275.39 3.02418969565e-185
275.4 1.25268798034e-184
275.41 5.17646805611e-184
275.42 2.1339336597e-183
275.43 8.77576605877e-183
275.44 3.60035984869e-182
275.45 1.47354543543e-181
275.46 6.0164166311e-181
275.47 2.45058079319e-180
275.48 9.95765095296e-180
275.49 4.03646809599e-179
275.5 1.63231098057e-178
275.51 6.58507966478e-178
275.52 2.65018333341e-177
275.53 1.06401452886e-176
275.54 4.2616320826e-176
275.55 1.70279005244e-175
275.56 6.78739325192e-175
275.57 2.69899250029e-174
275.58 1.07067361794e-173
275.59 4.2371055649e-173
275.6 1.67277768739e-172
275.61 6.58815684909e-172
275.62 2.58848942382e-171
275.63 1.01457842257e-170
275.64 3.96717731346e-170
275.65 1.54751321241e-169
275.66 6.02204344455e-169
275.67 2.33781514933e-168
275.68 9.05384842322e-168
275.69 3.49794549173e-167
275.7 1.34818541383e-166
275.71 5.18373724707e-166
275.72 1.98835124654e-165
275.73 7.60851678426e-165
275.74 2.90444844641e-164
275.75 1.10607382384e-163
275.76 4.20205111404e-163
275.77 1.59255823593e-162
275.78 6.02124210663e-162
275.79 2.27108628597e-161
275.8 8.54550943158e-161
275.81 3.2077392647e-160
275.82 1.20120447921e-159
275.83 4.48736718058e-159
275.84 1.67233413419e-158
275.85 6.21743545001e-158
275.86 2.30598405961e-157
275.87 8.5321425505e-157
275.88 3.1493192814e-156
275.89 1.15966371872e-155
275.9 4.2599474109e-155
275.91 1.56110888896e-154
275.92 5.7071455405e-154
275.93 2.08142848026e-153
275.94 7.57287577321e-153
275.95 2.74863434538e-152
275.96 9.95244767261e-152
275.97 3.59500613545e-151
275.98 1.29546644811e-150
275.99 4.65703503295e-150
276.0 1.67012756438e-149
276.01 5.97511939193e-149
276.02 2.13255547596e-148
276.03 7.59295621675e-148
276.04 2.69698333558e-147
276.05 9.55657871593e-147
276.06 3.37818502412e-146
276.07 1.19130026246e-145
276.08 4.1909826069e-145
276.09 1.47084631569e-144
276.1 5.14962440934e-144
276.11 1.79862503208e-143
276.12 6.26704098186e-143
276.13 2.1784182187e-142
276.14 7.5539970784e-142
276.15 2.61317919985e-141
276.16 9.01816968686e-141
276.17 3.10473433654e-140
276.18 1.06631942425e-139
276.19 3.65348250388e-139
276.2 1.24877323251e-138
276.21 4.25811091664e-138
276.22 1.44846231486e-137
276.23 4.91534804773e-137
276.24 1.66401867238e-136
276.25 5.61977546302e-136
276.26 1.8933747561e-135
276.27 6.36371986754e-135
276.28 2.13374432731e-134
276.29 7.13724429926e-134
276.3 2.38163719665e-133
276.31 7.92825314238e-133
276.32 2.63291158956e-132
276.33 8.72271957177e-132
276.34 2.88286571803e-131
276.35 9.50503648744e-131
276.36 3.12636756895e-130
276.37 1.02584834489e-129
276.38 3.35801913383e-129
276.39 1.09657932278e-128
276.4 3.57234852749e-128
276.41 1.16097931242e-127
276.42 3.76402092459e-127
276.43 1.21740889305e-126
276.44 3.928057229e-126
276.45 1.26437541255e-125
276.46 4.06004810007e-125
276.47 1.30059841489e-124
276.48 4.15635055493e-124
276.49 1.32506758452e-123
276.5 4.21425493423e-123
276.51 1.33708955214e-122
276.52 4.23211155722e-122
276.53 1.33632053614e-121
276.54 4.20940880508e-121
276.55 1.3227826754e-120
276.56 4.14679747465e-120
276.57 1.29686297053e-119
276.58 4.04605978468e-119
276.59 1.25929490422e-118
276.6 3.91002509446e-118
276.61 1.21112395876e-117
276.62 3.74243789714e-117
276.63 1.15365929315e-116
276.64 3.5477866817e-116
276.65 1.08841469569e-115
276.66 3.33110457236e-115
276.67 1.01704252458e-114
276.68 3.09775407863e-114
276.69 9.41264646598e-114
276.7 2.85320873752e-113
276.71 8.62804370613e-113
276.72 2.60284391077e-112
276.73 7.83323065874e-112
276.74 2.35174761192e-111
276.75 7.04364597322e-111
276.76 2.10456015058e-110
276.77 6.27309965585e-110
276.78 1.86534881824e-109
276.79 5.53343682721e-109
276.8 1.63752104962e-108
276.81 4.83432526079e-108
276.82 1.42377672271e-107
276.83 4.18316466756e-107
276.84 1.22609773213e-106
276.85 3.58510829834e-106
276.86 1.045770861e-105
276.87 3.04318158132e-105
276.88 8.83438405387e-105
276.89 2.55847847777e-104
276.9 7.39170031497e-104
276.91 2.13041410868e-103
276.92 6.12548964983e-103
276.93 1.75701188561e-102
276.94 5.02765771118e-102
276.95 1.43520463029e-101
276.96 4.08713589552e-101
276.97 1.16113164935e-100
276.98 3.2907962071e-100
276.99 9.30417049839e-100
277.0 2.62428794935e-99
277.01 7.38418336966e-99
277.02 2.07276767603e-98
277.03 5.80438160143e-98
277.04 1.62150565817e-97
277.05 4.51895659244e-97
277.06 1.25636279756e-96
277.07 3.48456981979e-96
277.08 9.64140854661e-96
277.09 2.66127051064e-95
277.1 7.32815733878e-95
277.11 2.01306494007e-94
277.12 5.51668300354e-94
277.13 1.50818815852e-93
277.14 4.11329904744e-93
277.15 1.1191345749e-92
277.16 3.0376072447e-92
277.17 8.22504370055e-92
277.18 2.2217853799e-91
277.19 5.98719358822e-91
277.2 1.60954013882e-90
277.21 4.31655865589e-90
277.22 1.15486392583e-89
277.23 3.08234557682e-89
277.24 8.20708995684e-89
277.25 2.17998960505e-88
277.26 5.77666290638e-88
277.27 1.52706320087e-87
277.28 4.02711834409e-87
277.29 1.05947125435e-86
277.3 2.78061831634e-86
277.31 7.28032902582e-86
277.32 1.90159520218e-85
277.33 4.95498778131e-85
277.34 1.28802580313e-84
277.35 3.34013492936e-84
277.36 8.64093907143e-84
277.37 2.23005395504e-83
277.38 5.74152561636e-83
277.39 1.47467651365e-82
277.4 3.77853764563e-82
277.41 9.65846897994e-82
277.42 2.46292044622e-81
277.43 6.2654180069e-81
277.44 1.59003726616e-80
277.45 4.02552153485e-80
277.46 1.01670420117e-79
277.47 2.56167900351e-79
277.48 6.43891126368e-79
277.49 1.61457352406e-78
277.5 4.03887937774e-78
277.51 1.00790969845e-77
277.52 2.50922765272e-77
277.53 6.23183894369e-77
277.54 1.54400999456e-76
277.55 3.81629325646e-76
277.56 9.41003274889e-76
277.57 2.31471916955e-75
277.58 5.68019541211e-75
277.59 1.39054823073e-74
277.6 3.39599205561e-74
277.61 8.27380193686e-74
277.62 2.01095076801e-73
277.63 4.87590951485e-73
277.64 1.17941795746e-72
277.65 2.84601871584e-72
277.66 6.85118513883e-72
277.67 1.6453246726e-71
277.68 3.94180822089e-71
277.69 9.42100783474e-71
277.7 2.24624566565e-70
277.71 5.34287695148e-70
277.72 1.26780116329e-69
277.73 3.0011326628e-69
277.74 7.08724320087e-69
277.75 1.66965827611e-68
277.76 3.92406317536e-68
277.77 9.2003118088e-68
277.78 2.15192575614e-67
277.79 5.02123127333e-67
277.8 1.16883011706e-66
277.81 2.71425603453e-66
277.82 6.28794166999e-66
277.83 1.45319700505e-65
277.84 3.35041655336e-65
277.85 7.7060436312e-65
277.86 1.7681637915e-64
277.87 4.04736077691e-64
277.88 9.24229372781e-64
277.89 2.10545548156e-63
277.9 4.78487761473e-63
277.91 1.08481106606e-62
277.92 2.45355562384e-62
277.93 5.53600235298e-62
277.94 1.24610663453e-61
277.95 2.79816141352e-61
277.96 6.26828826013e-61
277.97 1.40082481958e-60
277.98 3.12303891786e-60
277.99 6.94591869368e-60
278.0 1.54113525572e-59
278.01 3.41122690449e-59
278.02 7.53250250349e-59
278.03 1.65930727259e-58
278.04 3.64647496809e-58
278.05 7.99426567857e-58
278.06 1.74840835103e-57
278.07 3.81475064247e-57
278.08 8.30325660458e-57
278.09 1.80297548311e-56
278.1 3.90562259802e-56
278.11 8.44014400224e-56
278.12 1.81956930541e-55
278.13 3.91333068676e-55
278.14 8.3962185208e-55
278.15 1.79713289461e-54
278.16 3.83739025527e-54
278.17 8.17430986107e-54
278.18 1.73710318659e-53
278.19 3.68264257906e-53
278.2 7.78848515766e-53
278.21 1.64325868885e-52
278.22 3.45874412155e-52
278.23 7.26257330544e-52
278.24 1.52132592142e-51
278.25 3.17916951904e-51
278.26 6.62773041938e-51
278.27 1.37840156692e-50
278.28 2.85987136687e-50
278.29 5.91939206029e-50
278.3 1.22227132408e-49
278.31 2.51778184898e-49
278.32 5.17402568135e-49
278.33 1.06071599142e-48
278.34 2.16935065112e-48
278.35 4.42609315606e-48
278.36 9.0088954777e-48
278.37 1.82929101585e-47
278.38 3.70556436988e-47
278.39 7.48835253845e-47
278.4 1.50965814762e-46
278.41 3.03620726743e-46
278.42 6.09178738759e-46
278.43 1.21932263666e-45
278.44 2.43474324166e-45
278.45 4.8500742996e-45
278.46 9.6383870513e-45
278.47 1.91082598887e-44
278.48 3.77919048092e-44
278.49 7.45653996948e-44
278.5 1.46769868319e-43
278.51 2.88202342778e-43
278.52 5.64571848957e-43
278.53 1.1033215606e-42
278.54 2.15102881447e-42
278.55 4.18361443888e-42
278.56 8.11742801478e-42
278.57 1.57125500079e-41
278.58 3.03414548639e-41
278.59 5.84504284734e-41
278.6 1.12331261356e-40
278.61 2.15365076861e-40
278.62 4.11918886103e-40
278.63 7.85977256461e-40
278.64 1.49613291405e-39
278.65 2.8411382826e-39
278.66 5.3824082787e-39
278.67 1.01723911117e-38
278.68 1.917925282e-38
278.69 3.60746908294e-38
278.7 6.76917791501e-38
278.71 1.26716070329e-37
278.72 2.36641004355e-37
278.73 4.40870378903e-37
278.74 8.19397321488e-37
278.75 1.51929091526e-36
278.76 2.81028397664e-36
278.77 5.18587952602e-36
278.78 9.54679672e-36
278.79 1.75329925947e-35
278.8 3.21231135959e-35
278.81 5.871411461e-35
278.82 1.07060874701e-34
278.83 1.94752273998e-34
278.84 3.53425481295e-34
278.85 6.39848037503e-34
278.86 1.15563206495e-33
278.87 2.08221790587e-33
278.88 3.74280083659e-33
278.89 6.71168095131e-33
278.9 1.20068761722e-32
278.91 2.14285606918e-32
278.92 3.81522638267e-32
278.93 6.77660335364e-32
278.94 1.20079360075e-31
278.95 2.12270337836e-31
278.96 3.74347562396e-31
278.97 6.5860582179e-31
278.98 1.15595541844e-30
278.99 2.02405204753e-30
279.0 3.53563518171e-30
279.01 6.16138726945e-30
279.02 1.07116153065e-29
279.03 1.85779136212e-29
279.04 3.21443417003e-29
279.05 5.54852914257e-29
279.06 9.55470010549e-29
279.07 1.64142944157e-28
279.08 2.81315372061e-28
279.09 4.80984315287e-28
279.1 8.20417071793e-28
279.11 1.39606264895e-27
279.12 2.36996369312e-27
279.13 4.01370238218e-27
279.14 6.78133894007e-27
279.15 1.14301695698e-26
279.16 1.9220158167e-26
279.17 3.2242479321e-26
279.18 5.39594133284e-26
279.19 9.00893500277e-26
279.2 1.50053891536e-25
279.21 2.49338176026e-25
279.22 4.13331144767e-25
279.23 6.8355813143e-25
279.24 1.12777089177e-24
279.25 1.85624179556e-24
279.26 3.04801140554e-24
279.27 4.99306408043e-24
279.28 8.15992826372e-24
279.29 1.33037577863e-23
279.3 2.16387039443e-23
279.31 3.51121342458e-23
279.32 5.68397842101e-23
279.33 9.17945640886e-23
279.34 1.47894151954e-22
279.35 2.3771395474e-22
279.36 3.81178271327e-22
279.37 6.09777680199e-22
279.38 9.73161650963e-22
279.39 1.54941826638e-21
279.4 2.46106297706e-21
279.41 3.89984460133e-21
279.42 6.1651343512e-21
279.43 9.72318630823e-21
279.44 1.52983868755e-20
279.45 2.40134076107e-20
279.46 3.76039286213e-20
279.47 5.87467807622e-20
279.48 9.15601522022e-20
279.49 1.42364160923e-19
279.5 2.20834401198e-19
279.51 3.41747091051e-19
279.52 5.27612558228e-19
279.53 8.12639216107e-19
279.54 1.24868513143e-18
279.55 1.91417117745e-18
279.56 2.92739569733e-18
279.57 4.46637383648e-18
279.58 6.7983239003e-18
279.59 1.03233804524e-17
279.6 1.56392337525e-17
279.61 2.36364704239e-17
279.62 3.5638839499e-17
279.63 5.36090876562e-17
279.64 8.04502450892e-17
279.65 1.20445499912e-16
279.66 1.79898770995e-16
279.67 2.68065166895e-16
279.68 3.98499059825e-16
279.69 5.91002211349e-16
279.7 8.74431829002e-16
279.71 1.29073775679e-15
279.72 1.90075190718e-15
279.73 2.79246910882e-15
279.74 4.09286104065e-15
279.75 5.98468724636e-15
279.76 8.73035520021e-15
279.77 1.27056977173e-14
279.78 1.84476661785e-14
279.79 2.67214983487e-14
279.8 3.86150676489e-14
279.81 5.56710696662e-14
279.82 8.00717385501e-14
279.83 1.14896296425e-13
279.84 1.64478839536e-13
279.85 2.34904545046e-13
279.86 3.34695859877e-13
279.87 4.75758925124e-13
279.88 6.74685506329e-13
279.89 9.54539263624e-13
279.9 1.34730009519e-12
279.91 1.89720017525e-12
279.92 2.6652649525e-12
279.93 3.73547798123e-12
279.94 5.22312807247e-12
279.95 7.28608127833e-12
279.96 1.01399620574e-11
279.97 1.40785448175e-11
279.98 1.95010709011e-11
279.99 2.69487450339e-11
280.0 3.7153364946e-11
280.01 5.11019434452e-11
280.02 7.01223505963e-11
280.03 9.59965064224e-11
280.04 1.31109581292e-10
280.05 1.78646123706e-10
280.06 2.42847172479e-10
280.07 3.29346394384e-10
280.08 4.45608331255e-10
280.09 6.01498202994e-10
280.1 8.1002071349e-10
280.11 1.08827533356e-09
280.12 1.45868805955e-09
280.13 1.95059523694e-09
280.14 2.60227437979e-09
280.15 3.46354082654e-09
280.16 4.59905852761e-09
280.17 6.0925494154e-09
280.18 8.0521300271e-09
280.19 1.06170579366e-08
280.2 1.39662359713e-08
280.21 1.83289013128e-08
280.22 2.39980219081e-08
280.23 3.13470370227e-08
280.24 4.08507155165e-08
280.25 5.31110682168e-08
280.26 6.88894437602e-08
280.27 8.91461650986e-08
280.28 1.15089331631e-07
280.29 1.48234725227e-07
280.3 1.90479123312e-07
280.31 2.44189745125e-07
280.32 3.12313045143e-07
280.33 3.9850662752e-07
280.34 5.07298694412e-07
280.35 6.44280166557e-07
280.36 8.16335433156e-07
280.37 1.03191860651e-06
280.38 1.30138318032e-06
280.39 1.63737412343e-06
280.4 2.05529268526e-06
280.41 2.57384554577e-06
280.42 3.21569140831e-06
280.43 4.00819970233e-06
280.44 4.98433772333e-06
280.45 6.18370427447e-06
280.46 7.65372966566e-06
280.47 9.45106374337e-06
280.48 1.16431754307e-05
280.49 1.43101890094e-05
280.5 1.7546984015e-05
280.51 2.14655870859e-05
280.52 2.61978853218e-05
280.53 3.18986915909e-05
280.54 3.8749192675e-05
280.55 4.69608110504e-05
280.56 5.67795103571e-05
280.57 6.84905730721e-05
280.58 8.24238764583e-05
280.59 9.89596893445e-05
280.6 0.000118535007592
280.61 0.00014165044005
280.62 0.000168877649286
280.63 0.000200867342262
280.64 0.000238357795284
280.65 0.000282183884977
280.66 0.000333286582515
280.67 0.000392722852064
280.68 0.00046167587616
280.69 0.000541465510852
280.7 0.000633558851788
280.71 0.000739580769479
280.72 0.000861324247712
280.73 0.00100076033414
280.74 0.00116004748668
280.75 0.00134154007403
280.76 0.0015477957643
280.77 0.00178158151219
280.78 0.00204587783487
280.79 0.0023438810479
280.8 0.00267900311911
280.81 0.00305486878848
280.82 0.00347530959855
280.83 0.00394435448272
280.84 0.00446621656904
280.85 0.0050452758761
280.86 0.00568605760484
280.87 0.00639320576802
280.88 0.00717145194632
280.89 0.00802557901795
280.9 0.00896037977727
280.91 0.00998061043611
280.92 0.0110909390901
280.93 0.0122958893292
280.94 0.0135997792774
280.95 0.0150066564561
280.96 0.016520228985
280.97 0.0181437937483
280.98 0.019880162278
280.99 0.0217315852166
281.0 0.0236996763387
281.01 0.0257853372079
281.02 0.0279886836404
281.03 0.0303089752241
281.04 0.032744549197
281.05 0.0352927600344
281.06 0.0379499261053
281.07 0.0407112847506
281.08 0.043570957102
281.09 0.0465219238916
281.1 0.0495560134112
281.11 0.0526639026552
281.12 0.055835132528
281.13 0.0590581378195
281.14 0.0623202924428
281.15 0.0656079702036
281.16 0.0689066211212
281.17 0.0722008630609
281.18 0.0754745881639
281.19 0.0787110832857
281.2 0.0818931633774
281.21 0.0850033164766
281.22 0.0880238587202
281.23 0.0909370975552
281.24 0.0937255011124
281.25 0.0963718715324
281.26 0.0988595198856
281.27 0.101172440226
281.28 0.103295480265
281.29 0.105214506122
281.3 0.106916558674
281.31 0.10838999907
281.32 0.109624641139
281.33 0.110611868597
281.34 0.111344735136
281.35 0.111818045808
281.36 0.112028418344
281.37 0.111974323398
281.38 0.111656103066
281.39 0.111075967336
281.4 0.110237968548
281.41 0.109147954254
281.42 0.107813499266
281.43 0.106243817974
281.44 0.104449658376
281.45 0.102443179507
281.46 0.100237814239
281.47 0.097848119599
281.48 0.0952896169555
281.49 0.0925786245101
281.5 0.0897320846256
281.51 0.0867673885308
281.52 0.0837022009243
281.53 0.0805542869247
281.54 0.0773413437007
281.55 0.0740808389606
281.56 0.0707898582906
281.57 0.067484963112
281.58 0.0641820607856
281.59 0.060896288126
281.6 0.0576419093217
281.61 0.0544322289697
281.62 0.0512795206622
281.63 0.0481949712844
281.64 0.0451886409243
281.65 0.0422694380506
281.66 0.0394451093864
281.67 0.0367222437115
281.68 0.0341062886452
281.69 0.0316015793214
281.7 0.0292113777461
281.71 0.026937921546
281.72 0.0247824807552
281.73 0.0227454212638
281.74 0.0208262735464
281.75 0.0190238053174
281.76 0.0173360968032
281.77 0.0157606173902
281.78 0.01429430249
281.79 0.0129336295619
281.8 0.0116746923394
281.81 0.0105132724233
281.82 0.00944490752385
281.83 0.00846495575683
281.84 0.00756865551601
281.85 0.00675118056501
281.86 0.00600769010063
281.87 0.00533337364544
281.88 0.00472349072317
281.89 0.00417340535736
281.9 0.00367861550975
281.91 0.00323477764105
281.92 0.00283772663162
281.93 0.00248349134419
281.94 0.0021683061447
281.95 0.00188861872226
281.96 0.00164109456423
281.97 0.00142261844995
281.98 0.00123029332639
281.99 0.00106143692247
282.0 0.000913576446931
282.01 0.000784441697861
282.02 0.000671956892372
282.03 0.000574231501766
282.04 0.000489550353183
282.05 0.000416363232899
282.06 0.000353274200268
282.07 0.000299030795268
282.08 0.000252513297157
282.09 0.000212724167348
282.1 0.000178777786587
282.11 0.000149890575038
282.12 0.000125371564241
282.13 0.000104613472132
282.14 8.70843164338e-05
282.15 7.23195878675e-05
282.16 5.99149925778e-05
282.17 4.95197629952e-05
282.18 4.08305278685e-05
282.19 3.35857253143e-05
282.2 2.7560537301e-05
282.21 2.25623198625e-05
282.22 1.84265003843e-05
282.23 1.50129113597e-05
282.24 1.22025289515e-05
282.25 9.89458436389e-06
282.26 8.00401630688e-06
282.27 6.45923361084e-06
282.28 5.20015820513e-06
282.29 4.17652012441e-06
282.3 3.34637786448e-06
282.31 2.67483920353e-06
282.32 2.13295947481e-06
282.33 1.69679617227e-06
282.34 1.34660064921e-06
282.35 1.06612950105e-06
282.36 8.42059978602e-07
282.37 6.63495442791e-07
282.38 5.215484295e-07
282.39 4.08990338724e-07
282.4 3.19958090137e-07
282.41 2.49709297554e-07
282.42 1.94418609423e-07
282.43 1.5100884545e-07
282.44 1.17011436326e-07
282.45 9.04514506903e-08
282.46 6.97531783051e-08
282.47 5.36628383392e-08
282.48 4.11855044216e-08
282.49 3.1533791214e-08
282.5 2.40862380017e-08
282.51 1.83536601352e-08
282.52 1.39520255772e-08
282.53 1.05806573293e-08
282.54 8.00476863144e-09
282.55 6.0415115357e-09
282.56 4.54886521444e-09
282.57 3.41681217661e-09
282.58 2.56035193784e-09
282.59 1.9139857232e-09
282.6 1.42737516302e-09
282.61 1.06193500696e-09
282.62 7.88166637743e-10
282.63 5.83577331453e-10
282.64 4.31061250719e-10
282.65 3.17643307815e-10
282.66 2.3350734168e-10
282.67 1.71246389937e-10
282.68 1.25285934535e-10
282.69 9.14414634117e-11
282.7 6.65800214271e-11
282.71 4.83620340631e-11
282.72 3.5044914594e-11
282.73 2.53340852279e-11
282.74 1.82702789371e-11
282.75 1.31445224883e-11
282.76 9.4341785502e-12
282.77 6.75496289695e-12
282.78 4.82504536599e-12
282.79 3.43826502106e-12
282.8 2.44420017441e-12
282.81 1.73337937889e-12
282.82 1.2263371191e-12
282.83 8.65536676781e-13
282.84 6.09425177315e-13
282.85 4.28069795833e-13
282.86 2.99963227203e-13
282.87 2.09691415124e-13
282.88 1.46235376767e-13
282.89 1.01738041849e-13
282.9 7.06111676561e-14
282.91 4.8890273782e-14
282.92 3.37699616886e-14
282.93 2.32700681354e-14
282.94 1.59964530782e-14
282.95 1.09700513186e-14
282.96 7.50503134549e-15
282.97 5.12218450161e-15
282.98 3.4875203401e-15
282.99 2.36884733891e-15
283.0 1.6051519817e-15
283.01 1.08506055605e-15
283.02 7.31729382613e-16
283.03 4.92272623209e-16
283.04 3.30384387002e-16
283.05 2.21203482867e-16
283.06 1.47748469532e-16
283.07 9.84492878059e-17
283.08 6.54426229961e-17
283.09 4.33977610535e-17
283.1 2.87099501736e-17
283.11 1.8947679677e-17
283.12 1.24749304034e-17
283.13 8.19367666161e-18
283.14 5.3688141283e-18
283.15 3.50943707647e-18
283.16 2.28853644603e-18
283.17 1.4888255645e-18
283.18 9.66287018559e-19
283.19 6.25707505436e-19
283.2 4.04301237337e-19
283.21 2.60776914305e-19
283.22 1.68059150514e-19
283.23 1.0845768242e-19
283.24 7.04731289899e-20
283.25 4.66960546933e-20
283.26 3.24375452256e-20
283.27 2.48525720658e-20
283.28 2.24014511098e-20
283.29 2.45531012656e-20
283.3 3.16760296287e-20
283.31 4.50959206305e-20
283.32 6.73278114286e-20
283.33 1.02520864453e-19
283.34 1.57189544008e-19
283.35 2.41352212232e-19
283.36 3.70264055134e-19
283.37 5.67025776053e-19
283.38 8.66486654729e-19
283.39 1.32106034274e-18
283.4 2.00936278441e-18
283.41 3.04900498274e-18
283.42 4.615487794e-18
283.43 6.97003560306e-18
283.44 1.05004904536e-17
283.45 1.57812383687e-17
283.46 2.3660796732e-17
283.47 3.53894971164e-17
283.48 5.28051330005e-17
283.49 7.86021825194e-17
283.5 1.16721210008e-16
283.51 1.72910619775e-16
283.52 2.55534924066e-16
283.53 3.76734653127e-16
283.54 5.54086520763e-16
283.55 8.12973351995e-16
283.56 1.18995830659e-15
283.57 1.73757631942e-15
283.58 2.53112004317e-15
283.59 3.67822512102e-15
283.6 5.33237371462e-15
283.61 7.71186753678e-15
283.62 1.11264149656e-14
283.63 1.60142887372e-14
283.64 2.29941185179e-14
283.65 3.29368897422e-14
283.66 4.70657643452e-14
283.67 6.70941036933e-14
283.68 9.54158019137e-14
283.69 1.3536704958e-13
283.7 1.91585365309e-13
283.71 2.70500709847e-13
283.72 3.81005457344e-13
283.73 5.353658848e-13
283.74 7.50458877501e-13
283.75 1.04944532028e-12
283.76 1.46402819493e-12
283.77 2.03749135893e-12
283.78 2.82877770209e-12
283.79 3.91794715528e-12
283.8 5.41346131367e-12
283.81 7.46187914137e-12
283.82 1.02607260639e-11
283.83 1.40755276842e-11
283.84 1.92622931027e-11
283.85 2.6297108496e-11
283.86 3.581498049e-11
283.87 4.86606772643e-11
283.88 6.59550857031e-11
283.89 8.91815750764e-11
283.9 1.20298080371e-10
283.91 1.61882150717e-10
283.92 2.17318122144e-10
283.93 2.91037955661e-10
283.94 3.88830235295e-10
283.95 5.1823547034e-10
283.96 6.89050339154e-10
283.97 9.13969022884e-10
283.98 1.20939651173e-09
283.99 1.59647696393e-09
284.0 2.10239013765e-09
284.01 2.76198092177e-09
284.02 3.61980143372e-09
284.03 4.73266245438e-09
284.04 6.17281161254e-09
284.05 8.031880252e-09
284.06 1.0425769917e-08
284.07 1.35006835404e-08
284.08 1.74405464406e-08
284.09 2.24761089209e-08
284.1 2.88960764528e-08
284.11 3.70606760099e-08
284.12 4.74181390187e-08
284.13 6.05246635367e-08
284.14 7.70685115922e-08
284.15 9.78990029975e-08
284.16 1.24061285196e-07
284.17 1.56837890494e-07
284.18 1.97798237883e-07
284.19 2.48857396807e-07
284.2 3.12345604676e-07
284.21 3.91090218126e-07
284.22 4.88511979139e-07
284.23 6.0873768955e-07
284.24 7.56731608943e-07
284.25 9.38448118493e-07
284.26 1.16100842288e-06
284.27 1.43290428896e-06
284.28 1.76423203747e-06
284.29 2.16696020458e-06
284.3 2.65523446603e-06
284.31 3.24572355602e-06
284.32 3.95801000622e-06
284.33 4.81502956265e-06
284.34 5.84356309612e-06
284.35 7.07478468997e-06
284.36 8.54486934921e-06
284.37 1.02956634118e-05
284.38 1.23754202362e-05
284.39 1.48396030712e-05
284.4 1.77517561704e-05
284.41 2.11844441692e-05
284.42 2.52202584938e-05
284.43 2.99528880946e-05
284.44 3.5488250092e-05
284.45 4.19456739763e-05
284.46 4.94591308274e-05
284.47 5.8178496605e-05
284.48 6.82708359369e-05
284.49 7.99216900134e-05
284.5 9.33363492084e-05
284.51 0.000108741087948
284.52 0.000126384336167
284.53 0.000146537758511
284.54 0.000169497209322
284.55 0.000195583528471
284.56 0.000225143140372
284.57 0.000258548416108
284.58 0.0002961977567
284.59 0.000338515354127
284.6 0.000385950586078
284.61 0.000438977000493
284.62 0.000498090847032
284.63 0.00056380911465
284.64 0.000636667037681
284.65 0.000717215037222
284.66 0.000806015070314
284.67 0.000903636366398
284.68 0.00101065053885
284.69 0.00112762606905
284.7 0.00125512217128
284.71 0.00139368205882
284.72 0.00154382564469
284.73 0.00170604172427
284.74 0.0018807797018
284.75 0.0020684409374
284.76 0.00226936980639
284.77 0.0024838445776
284.78 0.00271206823097
284.79 0.00295415934861
284.8 0.00321014322469
284.81 0.00347994334994
284.82 0.00376337343431
284.83 0.00406013013676
284.84 0.00436978667388
284.85 0.00469178747822
284.86 0.00502544407378
284.87 0.00536993232827
284.88 0.00572429123106
284.89 0.00608742333097
284.9 0.00645809695004
284.91 0.00683495026759
284.92 0.00721649734455
284.93 0.00760113613053
284.94 0.00798715846631
284.95 0.00837276206318
284.96 0.00875606440768
284.97 0.00913511850757
284.98 0.00950793036153
284.99 0.00987247800332
285.0 0.010226731941
285.01 0.0105686767835
285.02 0.0108963338223
285.03 0.0112077843152
285.04 0.0115011932013
285.05 0.0117748329647
285.06 0.012027107359
285.07 0.0122565746991
285.08 0.0124619704342
285.09 0.0126422287228
285.1 0.0127965027446
285.11 0.0129241835027
285.12 0.0130249168945
285.13 0.0130986188522
285.14 0.0131454883876
285.15 0.0131660184048
285.16 0.013161004178
285.17 0.013131549426
285.18 0.0130790699451
285.19 0.0130052947968
285.2 0.0129122650725
285.21 0.0128023302861
285.22 0.0126781424657
285.23 0.0125426480348
285.24 0.0123990775877
285.25 0.0122509336701
285.26 0.0121019766833
285.27 0.0119562090268
285.28 0.0118178575924
285.29 0.0116913547097
285.3 0.0115813176367
285.31 0.0114925266707
285.32 0.0114299019406
285.33 0.0113984789271
285.34 0.011403382741
285.35 0.011449801175
285.36 0.011542956538
285.37 0.0116880762688
285.38 0.0118903623293
285.39 0.0121549593757
285.4 0.0124869217203
285.41 0.012891179109
285.42 0.013372501363
285.43 0.0139354619621
285.44 0.0145844006825
285.45 0.015323385441
285.46 0.0161561735433
285.47 0.0170861725825
285.48 0.0181164012852
285.49 0.0192494506518
285.5 0.0204874457924
285.51 0.0218320089022
285.52 0.0232842238687
285.53 0.0248446030368
285.54 0.02651305669
285.55 0.028288865823
285.56 0.0301706587929
285.57 0.0321563924312
285.58 0.0342433381831
285.59 0.0364280738109
285.6 0.0387064811548
285.61 0.0410737503871
285.62 0.0435243911226
285.63 0.0460522506684
285.64 0.048650539598
285.65 0.0513118647309
285.66 0.054028269488
285.67 0.0567912814709
285.68 0.0595919669959
285.69 0.062420992186
285.7 0.065268690107
285.71 0.0681251333124
285.72 0.0709802110558
285.73 0.0738237103247
285.74 0.0766453997636
285.75 0.0794351154742
285.76 0.0821828476258
285.77 0.0848788267594
285.78 0.08751360865
285.79 0.0900781565789
285.8 0.0925639198862
285.81 0.0949629077012
285.82 0.0972677568009
285.83 0.0994717926162
285.84 0.101569082487
285.85 0.103554480371
285.86 0.10542366233
285.87 0.107173152228
285.88 0.10880033723
285.89 0.110303472827
285.9 0.111681677251
285.91 0.112934915314
285.92 0.114063971849
285.93 0.115070415072
285.94 0.115956550357
285.95 0.116725365025
285.96 0.117380464918
285.97 0.117926003615
285.98 0.118366605297
285.99 0.118707282338
286.0 0.1189533488
286.01 0.119110331082
286.02 0.119183877007
286.03 0.119179664691
286.04 0.119103312527
286.05 0.118960291643
286.06 0.118755842135
286.07 0.118494894368
286.08 0.11818199654
286.09 0.117821249654
286.1 0.117416250913
286.11 0.116970046447
286.12 0.116485094148
286.13 0.115963237216
286.14 0.115405688889
286.15 0.114813028611
286.16 0.114185209744
286.17 0.113521578724
286.18 0.11282090537
286.19 0.112081423862
286.2 0.111300883733
286.21 0.110476610028
286.22 0.109605571614
286.23 0.108684456502
286.24 0.10770975288
286.25 0.106677834461
286.26 0.105585048678
286.27 0.10442780617
286.28 0.103202670005
286.29 0.101906443071
286.3 0.100536252087
286.31 0.0990896267766
286.32 0.0975645727972
286.33 0.0959596371626
286.34 0.0942739650257
286.35 0.0925073468512
286.36 0.0906602551916
286.37 0.088733870476
286.38 0.0867300954265
286.39 0.0846515579321
286.4 0.0825016024217
286.41 0.0802842699907
286.42 0.0780042677384
286.43 0.0756669279632
286.44 0.0732781580401
286.45 0.0708443819561
286.46 0.0683724746172
286.47 0.0658696901417
286.48 0.0633435854401
286.49 0.0608019404312
286.5 0.0582526762704
286.51 0.0557037729579
286.52 0.0531631876703
286.53 0.0506387750943
286.54 0.0481382109677
286.55 0.0456689199295
286.56 0.043238008662
286.57 0.0408522051763
286.58 0.0385178049503
286.59 0.0362406244754
286.6 0.0340259626162
286.61 0.0318785700345
286.62 0.0298026267756
286.63 0.0278017279776
286.64 0.0258788775222
286.65 0.0240364893328
286.66 0.0222763959091
286.67 0.0205998636001
286.68 0.0190076140394
286.69 0.0174998511053
286.7 0.0160762927292
286.71 0.0147362068487
286.72 0.0134784507909
286.73 0.0123015133804
286.74 0.0112035590852
286.75 0.0101824735422
286.76 0.00923590985353
286.77 0.00836133508759
286.78 0.00755607648347
286.79 0.00681736691505
286.8 0.00614238923813
286.81 0.00552831920881
286.82 0.0049723667261
286.83 0.00447181521347
286.84 0.00402405901152
286.85 0.00362663870608
286.86 0.00327727436118
286.87 0.00297389666419
286.88 0.00271467601966
286.89 0.00249804964945
286.9 0.00232274676806
286.91 0.00218781190512
286.92 0.00209262644071
286.93 0.00203692840455
286.94 0.00202083056759
286.95 0.00204483682489
286.96 0.00210985683239
286.97 0.00221721881924
286.98 0.00236868045151
286.99 0.00256643757561
287.0 0.00281313061983
287.01 0.00311184838355
287.02 0.00346612889628
287.03 0.00387995698491
287.04 0.00435775814877
287.05 0.0049043883109
287.06 0.00552511899043
287.07 0.00622561742862
287.08 0.00701192120011
287.09 0.00789040685335
287.1 0.00886775215106
287.11 0.00995089152435
287.12 0.0111469644124
287.13 0.012463256236
287.14 0.0139071318453
287.15 0.0154859613911
287.16 0.0172070386953
287.17 0.0190774923352
287.18 0.0211041898093
287.19 0.0232936353176
287.2 0.025651861861
287.21 0.0281843185429
287.22 0.0308957541377
287.23 0.0337900981643
287.24 0.0368703408824
287.25 0.0401384137817
287.26 0.043595072288
287.27 0.0472397825312
287.28 0.051070614125
287.29 0.0550841409783
287.3 0.0592753521999
287.31 0.0636375751614
287.32 0.0681624127442
287.33 0.0728396967198
287.34 0.0776574590913
287.35 0.0826019230536
287.36 0.0876575150248
287.37 0.0928068989444
287.38 0.0980310337453
287.39 0.103309254577
287.4 0.108619378001
287.41 0.113937830987
287.42 0.119239803152
287.43 0.124499421256
287.44 0.129689944552
287.45 0.134783979202
287.46 0.139753709529
287.47 0.144571143559
287.48 0.149208369934
287.49 0.153637822976
287.5 0.157832552473
287.51 0.161766494525
287.52 0.165414739683
287.53 0.168753794545
287.54 0.171761832987
287.55 0.174418933277
287.56 0.176707297478
287.57 0.178611449761
287.58 0.180118410547
287.59 0.18121784374
287.6 0.1819021747
287.61 0.182166677103
287.62 0.182009527271
287.63 0.181431825109
287.64 0.180437581315
287.65 0.179033671071
287.66 0.177229754955
287.67 0.175038168362
287.68 0.172473781185
287.69 0.169553829999
287.7 0.166297725399
287.71 0.162726837482
287.72 0.15886426281
287.73 0.154734576383
287.74 0.150363572344
287.75 0.145777997225
287.76 0.141005279577
287.77 0.136073259758
287.78 0.131009923572
287.79 0.125843143244
287.8 0.120600429002
287.81 0.115308694253
287.82 0.10999403698
287.83 0.104681539676
287.84 0.0993950896928
287.85 0.0941572215026
287.86 0.0889889819443
287.87 0.0839098191195
287.88 0.0789374951897
287.89 0.0740880229422
287.9 0.0693756256266
287.91 0.0648127192263
287.92 0.0604099160297
287.93 0.0561760481035
287.94 0.05211820905
287.95 0.0482418122517
287.96 0.0445506636742
287.97 0.0410470472088
287.98 0.0377318204867
287.99 0.0346045190913
288.0 0.0316634671261
288.01 0.0289058921548
288.02 0.0263280426303
288.03 0.0239253060441
288.04 0.0216923261701
288.05 0.0196231179333
288.06 0.0177111786025
288.07 0.0159495941847
288.08 0.0143311400747
288.09 0.0128483751973
288.1 0.0114937290517
288.11 0.0102595812364
288.12 0.00913833319329
288.13 0.00812247205381
288.14 0.00720462660466
288.15 0.0063776155093
288.16 0.0056344880239
288.17 0.00496855753415
288.18 0.00437342831131
288.19 0.00384301594205
288.2 0.00337156192867
288.21 0.0029536429845
288.22 0.00258417556493
288.23 0.00225841617851
288.24 0.00197195801732
288.25 0.00172072443104
288.26 0.00150095974776
288.27 0.00130921791712
288.28 0.00114234941942
288.29 0.000997486848993
288.3 0.000872029542809
288.31 0.000763627586694
288.32 0.000670165492775
288.33 0.000589745803605
288.34 0.000520672841463
288.35 0.000461436786168
288.36 0.000410698231778
288.37 0.000367273342045
288.38 0.000330119696796
288.39 0.000298322896452
288.4 0.000271083969858
288.41 0.000247707611384
288.42 0.000227591256791
288.43 0.000210214993508
288.44 0.000195132289577
288.45 0.000181961516357
288.46 0.000170378233004
288.47 0.000160108195447
288.48 0.000150921048923
288.49 0.000142624660841
288.5 0.000135060049644
288.51 0.000128096865213
288.52 0.000121629377035
288.53 0.000115572927666
288.54 0.000109860810831
288.55 0.000104441535659
288.56 9.92764409583e-05
288.57 9.43376260294e-05
288.58 8.96061671372e-05
288.59 8.5070591467e-05
288.6 8.07255830255e-05
288.61 7.65708975516e-05
288.62 7.26104660236e-05
288.63 6.88516687787e-05
288.64 6.53047646034e-05
288.65 6.19824614025e-05
288.66 5.8899617223e-05
288.67 5.60730625096e-05
288.68 5.35215365062e-05
288.69 5.12657327217e-05
288.7 4.93284503461e-05
288.71 4.77348504601e-05
288.72 4.65128178357e-05
288.73 4.56934310739e-05
288.74 4.53115457923e-05
288.75 4.5406497534e-05
288.76 4.60229330268e-05
288.77 4.72117803647e-05
288.78 4.90313705705e-05
288.79 5.15487248269e-05
288.8 5.48410233674e-05
288.81 5.89972735666e-05
288.82 6.41201960981e-05
288.83 7.0328349071e-05
288.84 7.77585107376e-05
288.85 8.65683415996e-05
288.86 9.69393464411e-05
288.87 0.000109080155876
288.88 0.000123230145323
288.89 0.0001396634068
288.9 0.000158693085458
288.91 0.000180676088239
288.92 0.000206018166393
288.93 0.000235179366647
288.94 0.000268679837631
288.95 0.000307105968581
288.96 0.000351116826419
288.97 0.000401450844962
288.98 0.000458932706428
288.99 0.000524480340478
289.0 0.000599111950128
289.01 0.000683952956913
289.02 0.000780242740215
289.03 0.000889341027665
289.04 0.00101273377568
289.05 0.00115203836167
289.06 0.00130900789278
289.07 0.00148553442109
289.08 0.00168365084167
289.09 0.00190553123974
289.1 0.00215348944584
289.11 0.00242997555438
289.12 0.00273757016266
289.13 0.00307897609366
289.14 0.00345700737842
289.15 0.00387457529235
289.16 0.00433467126548
289.17 0.00484034651906
289.18 0.00539468832061
289.19 0.00600079279697
289.2 0.00666173429863
289.21 0.00738053136988
289.22 0.00816010944643
289.23 0.00900326047429
289.24 0.00991259972098
289.25 0.0108905201296
289.26 0.0119391446481
289.27 0.013060277047
289.28 0.0142553518185
289.29 0.0155253838265
289.3 0.0168709184438
289.31 0.0182919829772
289.32 0.0197880402306
289.33 0.0213579450948
289.34 0.0229999050779
289.35 0.0247114456972
289.36 0.026489381645
289.37 0.0283297946113
289.38 0.0302280185996
289.39 0.0321786335013
289.4 0.0341754676088
289.41 0.0362116096358
289.42 0.0382794306899
289.43 0.0403706164966
289.44 0.0424762100167
289.45 0.0445866644275
289.46 0.0466919062581
289.47 0.0487814082856
289.48 0.0508442716068
289.49 0.0528693161199
289.5 0.0548451784658
289.51 0.0567604163143
289.52 0.058603617722
289.53 0.0603635141564
289.54 0.0620290956634
289.55 0.0635897265709
289.56 0.0650352600579
289.57 0.0663561498915
289.58 0.0675435576356
289.59 0.0685894536698
289.6 0.0694867104268
289.61 0.0702291863549
289.62 0.070811799243
289.63 0.0712305877049
289.64 0.0714827598024
289.65 0.0715667279932
289.66 0.0714821298098
289.67 0.0712298339147
289.68 0.0708119314148
289.69 0.07023171257
289.7 0.0694936292663
289.71 0.068603243867
289.72 0.0675671652701
289.73 0.0663929732118
289.74 0.065089132035
289.75 0.0636648953037
289.76 0.0621302027723
289.77 0.0604955713217
289.78 0.0587719815413
289.79 0.0569707616735
289.8 0.0551034706397
289.81 0.0531817818416
289.82 0.0512173693708
289.83 0.0492217981765
289.84 0.0472064196277
289.85 0.0451822737738
289.86 0.0431599994555
289.87 0.0411497532503
289.88 0.0391611380596
289.89 0.0372031419585
289.9 0.0352840877436
289.91 0.0334115934262
289.92 0.0315925437347
289.93 0.0298330725195
289.94 0.0281385557852
289.95 0.0265136149279
289.96 0.0249621296175
289.97 0.0234872596473
289.98 0.0220914749718
289.99 0.0207765930691
290.0 0.0195438227031
290.01 0.0183938131112
290.02 0.0173267076155
290.03 0.0163422006447
290.04 0.0154395971549
290.05 0.0146178734571
290.06 0.0138757384871
290.07 0.0132116945965
290.08 0.0126240969917
290.09 0.0121112110063
290.1 0.0116712664588
290.11 0.0113025084105
290.12 0.0110032437188
290.13 0.0107718828479
290.14 0.0106069764812
290.15 0.0105072465513
290.16 0.0104716113839
290.17 0.0104992047245
290.18 0.0105893884927
290.19 0.0107417591841
290.2 0.0109561479079
290.21 0.0112326141235
290.22 0.0115714332053
290.23 0.0119730780341
290.24 0.01243819488
290.25 0.0129675739055
290.26 0.0135621146795
290.27 0.0142227871575
290.28 0.014950588637
290.29 0.0157464972574
290.3 0.0166114226633
290.31 0.017546154502
290.32 0.0185513094673
290.33 0.0196272776436
290.34 0.0207741689349
290.35 0.0219917603896
290.36 0.0232794452492
290.37 0.0246361845566
290.38 0.0260604621576
290.39 0.0275502439171
290.4 0.0291029419437
290.41 0.0307153845842
290.42 0.0323837928941
290.43 0.034103764232
290.44 0.0358702635471
290.45 0.0376776228442
290.46 0.0395195492073
290.47 0.0413891416555
290.48 0.0432789169822
290.49 0.0451808446022
290.5 0.0470863902939
290.51 0.0489865685882
290.52 0.0508720034114
290.53 0.0527329964515
290.54 0.0545596025781
290.55 0.056341711516
290.56 0.0580691348496
290.57 0.0597316973222
290.58 0.0613193312982
290.59 0.0628221731741
290.6 0.0642306604597
290.61 0.0655356282097
290.62 0.0667284034629
290.63 0.0678008963487
290.64 0.0687456865432
290.65 0.0695561038076
290.66 0.0702263014109
290.67 0.0707513213312
290.68 0.0711271502459
290.69 0.071350765452
290.7 0.0714201700061
290.71 0.0713344165388
290.72 0.0710936193694
290.73 0.0706989547278
290.74 0.0701526490783
290.75 0.0694579557196
290.76 0.0686191200226
290.77 0.0676413338376
290.78 0.0665306797707
290.79 0.0652940661763
290.8 0.0639391538493
290.81 0.062474275516
290.82 0.060908349316
290.83 0.059250787539
290.84 0.0575114019318
290.85 0.0557003069109
290.86 0.0538278220196
290.87 0.0519043749441
290.88 0.0499404063563
290.89 0.0479462777871
290.9 0.0459321836453
290.91 0.0439080683962
290.92 0.0418835497979
290.93 0.0398678489644
290.94 0.0378697278885
290.95 0.0358974349152
290.96 0.0339586585141
290.97 0.0320604895526
290.98 0.0302093921335
290.99 0.0284111829252
291.0 0.0266710187875
291.01 0.0249933923764
291.02 0.0233821353132
291.03 0.021840428405
291.04 0.0203708183324
291.05 0.0189752401566
291.06 0.0176550449497
291.07 0.0164110318213
291.08 0.0152434835986
291.09 0.0141522054112
291.1 0.0131365654428
291.11 0.0121955371336
291.12 0.0113277421488
291.13 0.0105314934702
291.14 0.00980483801575
291.15 0.00914559824939
291.16 0.00855141229966
291.17 0.0080197721717
291.18 0.00754805969975
291.19 0.00713357995303
291.2 0.00677359187182
291.21 0.00646533597274
291.22 0.00620605902194
291.23 0.00599303563029
291.24 0.00582358677659
291.25 0.00569509531124
291.26 0.00560501853475
291.27 0.00555089798145
291.28 0.00553036656992
291.29 0.00554115330668
291.3 0.00558108575001
291.31 0.0056480904556
291.32 0.00574019163552
291.33 0.00585550826777
291.34 0.00599224989456
291.35 0.00614871134519
291.36 0.00632326661316
291.37 0.00651436210828
291.38 0.00672050949324
291.39 0.00694027830033
291.4 0.00717228850889
291.41 0.00741520324764
291.42 0.00766772176855
291.43 0.00792857282108
291.44 0.00819650853784
291.45 0.00847029892412
291.46 0.00874872702703
291.47 0.00903058484229
291.48 0.00931467000108
291.49 0.00959978326392
291.5 0.00988472683453
291.51 0.0101683034939
291.52 0.0104493165427
291.53 0.0107265705299
291.54 0.0109988727371
291.55 0.0112650353778
291.56 0.0115238784665
291.57 0.0117742333053
291.58 0.0120149465306
291.59 0.0122448846591
291.6 0.0124629390679
291.61 0.0126680313423
291.62 0.0128591189216
291.63 0.0130352009712
291.64 0.013195324408
291.65 0.0133385900072
291.66 0.0134641585132
291.67 0.013571256682
291.68 0.0136591831778
291.69 0.0137273142497
291.7 0.0137751091138
291.71 0.0138021149658
291.72 0.0138079715536
291.73 0.0137924152379
291.74 0.0137552824752
291.75 0.0136965126598
291.76 0.0136161502647
291.77 0.0135143462303
291.78 0.013391358554
291.79 0.0132475520414
291.8 0.0130833971912
291.81 0.0128994681926
291.82 0.0126964400257
291.83 0.0124750846687
291.84 0.0122362664238
291.85 0.0119809363895
291.86 0.0117101261178
291.87 0.0114249405076
291.88 0.0111265499972
291.89 0.0108161821312
291.9 0.0104951125873
291.91 0.0101646557573
291.92 0.00982615498482
291.93 0.00948097257107
291.94 0.00913047966013
291.95 0.00877604612291
291.96 0.00841903055639
291.97 0.00806077051509
291.98 0.00770257308797
291.99 0.00734570592882
292.0 0.00699138884082
292.01 0.00664078600724
292.02 0.0062949989496
292.03 0.00595506028296
292.04 0.00562192832472
292.05 0.00529648260012
292.06 0.0049795202731
292.07 0.00467175351677
292.08 0.0043738078237
292.09 0.00408622124204
292.1 0.00380944451065
292.11 0.00354384205365
292.12 0.0032896937841
292.13 0.00304719765641
292.14 0.0028164728989
292.15 0.00259756385101
292.16 0.00239044432478
292.17 0.00219502240643
292.18 0.0020111456125
292.19 0.00183860631439
292.2 0.00167714734679
292.21 0.00152646771807
292.22 0.00138622834459
292.23 0.00125605773614
292.24 0.00113555756547
292.25 0.00102430806188
292.26 0.000921873175641
292.27 0.000827805468168
292.28 0.000741650690183
292.29 0.000662952018182
292.3 0.000591253927071
292.31 0.000526105684207
292.32 0.000467064457051
292.33 0.000413698033074
292.34 0.000365587156442
292.35 0.000322327491201
292.36 0.000283531225211
292.37 0.000248828332936
292.38 0.000217867518254
292.39 0.000190316860921
292.4 0.000165864192058
292.41 0.000144217225128
292.42 0.000125103469453
292.43 0.000108269953313
292.44 9.34827832229e-05
292.45 8.05265651565e-05
292.46 6.92037122886e-05
292.47 5.93336623886e-05
292.48 5.07520263356e-05
292.49 4.33096874211e-05
292.5 3.68718692023e-05
292.51 3.131718772e-05
292.52 2.65367019489e-05
292.53 2.243297443e-05
292.54 1.89191521916e-05
292.55 1.59180763112e-05
292.56 1.33614268309e-05
292.57 1.11889082288e-05
292.58 9.34747927545e-06
292.59 7.7906298754e-06
292.6 6.4777064112e-06
292.61 5.37328616441e-06
292.62 4.44660058928e-06
292.63 3.67100654313e-06
292.64 3.02350403257e-06
292.65 2.48429860173e-06
292.66 2.03640615945e-06
292.67 1.66529780532e-06
292.68 1.35858205812e-06
292.69 1.10572180387e-06
292.7 8.97783254445e-07
292.71 7.27214229998e-07
292.72 5.8764914237e-07
292.73 4.73738151242e-07
292.74 3.80998084661e-07
292.75 3.05682852499e-07
292.76 2.44671230417e-07
292.77 1.95370047543e-07
292.78 1.5563096946e-07
292.79 1.23679225507e-07
292.8 9.80527832833e-08
292.81 7.75506213553e-08
292.82 6.11888918584e-08
292.83 4.81638969229e-08
292.84 3.78209258225e-08
292.85 2.96281130817e-08
292.86 2.31545813763e-08
292.87 1.80522270181e-08
292.88 1.40405904291e-08
292.89 1.0894329689e-08
292.9 8.43288251169e-09
292.91 6.51196143241e-09
292.92 5.01657919257e-09
292.93 3.85534691267e-09
292.94 2.95582727572e-09
292.95 2.26075920712e-09
292.96 1.72500001624e-09
292.97 1.31305620653e-09
292.98 9.9709567424e-10
292.99 7.55352269249e-10
293.0 5.70849110884e-10
293.01 4.30380021136e-10
293.02 3.23699301117e-10
293.03 2.42879138337e-10
293.04 1.81801460874e-10
293.05 1.35757284447e-10
293.06 1.01131733718e-10
293.07 7.51571358915e-11
293.08 5.57200342498e-11
293.09 4.12107805736e-11
293.1 3.04066482966e-11
293.11 2.23812552378e-11
293.12 1.64345737847e-11
293.13 1.2039002581e-11
293.14 8.79793134712e-12
293.15 6.41399436694e-12
293.16 4.66481549937e-12
293.17 3.3845287702e-12
293.18 2.44973858329e-12
293.19 1.76888264905e-12
293.2 1.27419531788e-12
293.21 9.15652423068e-13
293.22 6.56421676376e-13
293.23 4.69453694217e-13
293.24 3.34934707243e-13
293.25 2.38388365062e-13
293.26 1.69265104212e-13
293.27 1.19896706707e-13
293.28 8.47236168922e-14
293.29 5.97254050698e-14
293.3 4.20021067337e-14
293.31 2.94673018183e-14
293.32 2.06237183624e-14
293.33 1.43996137554e-14
293.34 1.00297929709e-14
293.35 6.96931867424e-15
293.36 4.83109841684e-15
293.37 3.34086273626e-15
293.38 2.3047750611e-15
293.39 1.586191456e-15
293.4 1.08902987729e-15
293.41 7.4590083572e-16
293.42 5.09658752047e-16
293.43 3.47404113677e-16
293.44 2.36236766147e-16
293.45 1.60257022059e-16
293.46 1.084535271e-16
293.47 7.32195932959e-17
293.48 4.93137410288e-17
293.49 3.31333678304e-17
293.5 2.22085495439e-17
293.51 1.48501821041e-17
293.52 9.90604559712e-18
293.53 6.59213078466e-18
293.54 4.37631169318e-18
293.55 2.89832849379e-18
293.56 1.91489024525e-18
293.57 1.26210962371e-18
293.58 8.29864472794e-19
293.59 5.44344903612e-19
293.6 3.56203380527e-19
293.61 2.32529892981e-19
293.62 1.51431567871e-19
293.63 9.83809272486e-20
293.64 6.3762048746e-20
293.65 4.12259305278e-20
293.66 2.65910519062e-20
293.67 1.71102915345e-20
293.68 1.09833832075e-20
293.69 7.03350326374e-21
293.7 4.49328613288e-21
293.71 2.86360609196e-21
293.72 1.82061994224e-21
293.73 1.15473445484e-21
293.74 7.30637166269e-22
293.75 4.61188212747e-22
293.76 2.90409912776e-22
293.77 1.82432188904e-22
293.78 1.14326864615e-22
293.79 7.14746283124e-23
293.8 4.45771504075e-23
293.81 2.77350837516e-23
293.82 1.72148577826e-23
293.83 1.06594346782e-23
293.84 6.58448297211e-24
293.85 4.05756939001e-24
293.86 2.49440518222e-24
293.87 1.52976531585e-24
293.88 9.35921411482e-25
293.89 5.7122961714e-25
293.9 3.4780739295e-25
293.91 2.11263104816e-25
293.92 1.28016297324e-25
293.93 7.73862172336e-26
293.94 4.66679501734e-26
293.95 2.80756992845e-26
293.96 1.68499721049e-26
293.97 1.00884521011e-26
293.98 6.02568786192e-27
293.99 3.59042176974e-27
294.0 2.13422915156e-27
294.01 1.26559096889e-27
294.02 7.48690677588e-28
294.03 4.41843246885e-28
294.04 2.60130187727e-28
294.05 1.52781237186e-28
294.06 8.95171042693e-29
294.07 5.23237378221e-29
294.08 3.05104230184e-29
294.09 1.77482046825e-29
294.1 1.02995288545e-29
294.11 5.96261843165e-30
294.12 3.4436056097e-30
294.13 1.98402217997e-30
294.14 1.14034527253e-30
294.15 6.5385723925e-31
294.16 3.74012599042e-31
294.17 2.1342547317e-31
294.18 1.21496284848e-31
294.19 6.89979944141e-32
294.2 3.90900890118e-32
294.21 2.20929431087e-32
294.22 1.24565338104e-32
294.23 7.00644261995e-33
294.24 3.93146713211e-33
294.25 2.20073854184e-33
294.26 1.22896345768e-33
294.27 6.84646211955e-34
294.28 3.80496064187e-34
294.29 2.10955497172e-34
294.3 1.16677803139e-34
294.31 6.43787230282e-35
294.32 3.54366933491e-35
294.33 1.94590099528e-35
294.34 1.06597006058e-35
294.35 5.82540320768e-36
294.36 3.17587712106e-36
294.37 1.72726155557e-36
294.38 9.37150279252e-37
294.39 5.07244196235e-37
294.4 2.73893452044e-37
294.41 1.47537672508e-37
294.42 7.92831544273e-38
294.43 4.25026128168e-38
294.44 2.27303985717e-38
294.45 1.212705054e-38
294.46 6.45446184795e-39
294.47 3.4270591671e-39
294.48 1.81526435803e-39
294.49 9.59212593866e-40
294.5 5.05646001243e-40
294.51 2.65910199121e-40
294.52 1.39501901196e-40
294.53 7.3009936461e-41
294.54 3.81189147129e-41
294.55 1.98543556334e-41
294.56 1.0316390638e-41
294.57 5.34756993527e-42
294.58 2.76529761774e-42
294.59 1.42654014603e-42
294.6 7.34146662671e-43
294.61 3.76910617415e-43
294.62 1.93041474413e-43
294.63 9.86323980261e-44
294.64 5.02742117449e-44
294.65 2.55639323345e-44
294.66 1.29678136256e-44
294.67 6.56239809383e-45
294.68 3.31295163621e-45
294.69 1.66849277615e-45
294.7 8.3828226201e-46
294.71 4.20158286867e-46
294.72 2.10083672949e-46
294.73 1.04792060708e-46
294.74 5.21460204544e-47
294.75 2.58863412161e-47
294.76 1.28196710975e-47
294.77 6.33344211107e-48
294.78 3.12147196249e-48
294.79 1.53474342701e-48
294.8 7.52781324582e-49
294.81 3.6834824175e-49
294.82 1.79806371277e-49
294.83 8.7560505937e-50
294.84 4.25371274596e-50
294.85 2.06150676927e-50
294.86 9.96685367173e-51
294.87 4.80715482263e-51
294.88 2.31299581601e-51
294.89 1.11024364269e-51
294.9 5.3164098403e-52
294.91 2.53965849526e-52
294.92 1.21028848133e-52
294.93 5.75385864857e-53
294.94 2.72889098999e-53
294.95 1.29112977408e-53
294.96 6.09411036704e-54
294.97 2.86950802874e-54
294.98 1.34791120403e-54
294.99 6.31643210484e-55
295.0 2.95283439754e-55
295.01 1.37709233287e-55
295.02 6.40683794803e-56
295.03 2.97359027776e-56
295.04 1.3768138527e-56
295.05 6.35954486743e-57
295.06 2.93044486187e-57
295.07 1.3470936308e-57
295.08 6.17758487669e-58
295.09 2.82615755285e-58
295.1 1.2898248126e-58
295.11 5.8724833636e-59
295.12 2.66728592207e-59
295.13 1.20857626289e-59
295.14 5.46305103239e-60
295.15 2.46350339118e-60
295.16 1.10822458715e-60
295.17 4.97346547803e-61
295.18 2.2266253236e-61
295.19 9.94470466378e-62
295.2 4.43091425444e-62
295.21 1.96947971131e-62
295.22 8.73305884339e-63
295.23 3.8631179764e-63
295.24 1.70477185173e-63
295.25 7.50500991295e-64
295.26 3.29604387538e-64
295.27 1.44408051418e-64
295.28 6.31170280242e-65
295.29 2.75206308017e-65
295.3 1.19709036914e-65
295.31 5.19460105201e-66
295.32 2.24871372756e-66
295.33 9.71119897839e-67
295.34 4.18377426305e-67
295.35 1.79812692796e-67
295.36 7.70955223739e-68
295.37 3.29757495192e-68
295.38 1.40707389368e-68
295.39 5.9895727572e-69
295.4 2.54349854673e-69
295.41 1.07751630956e-69
295.42 4.55378917873e-70
295.43 1.91990039786e-70
295.44 8.07497499351e-71
295.45 3.38813247803e-71
295.46 1.41819611015e-71
295.47 5.9220068599e-72
295.48 2.46693798425e-72
295.49 1.02518977851e-72
295.5 4.25017695859e-73
295.51 1.75778788608e-73
295.52 7.25241473176e-74
295.53 2.98507677316e-74
295.54 1.22570254718e-74
295.55 5.02078219284e-75
295.56 2.05170248355e-75
295.57 8.36400138945e-76
295.58 3.40150033447e-76
295.59 1.38001449894e-76
295.6 5.58538983282e-77
295.61 2.25517392037e-77
295.62 9.08371083151e-78
295.63 3.65008745469e-78
295.64 1.46318738857e-78
295.65 5.85131310506e-79
295.66 2.33433636781e-79
295.67 9.29031081674e-80
295.68 3.68853374812e-80
295.69 1.46094541006e-80
295.7 5.77259281947e-81
295.71 2.27543571723e-81
295.72 8.9477723557e-82
295.73 3.51012022443e-82
295.74 1.37368060467e-82
295.75 5.36298090514e-83
295.76 2.08873548297e-83
295.77 8.11553860297e-84
295.78 3.14563233788e-84
295.79 1.21634082436e-84
295.8 4.69201417372e-85
295.81 1.80559380899e-85
295.82 6.93166408311e-86
295.83 2.654676888e-86
295.84 1.01424421448e-86
295.85 3.86571754886e-87
295.86 1.46985470935e-87
295.87 5.57539199345e-88
295.88 2.10976029851e-88
295.89 7.964298584e-89
295.9 2.99929139155e-89
295.91 1.12679911729e-89
295.92 4.22309688233e-90
295.93 1.57896426384e-90
295.94 5.88938934906e-91
295.95 2.19141657342e-91
295.96 8.13460232749e-92
295.97 3.01234299832e-92
295.98 1.11283102466e-92
295.99 4.10119801302e-93
296.0 1.50781813103e-93
296.01 5.53023891322e-94
296.02 2.02346425012e-94
296.03 7.38590789308e-95
296.04 2.68948389841e-95
296.05 9.76991351402e-96
296.06 3.54053750681e-96
296.07 1.27998355287e-96
296.08 4.61632406419e-97
296.09 1.66090540105e-97
296.1 5.96142680142e-98
296.11 2.13457905483e-98
296.12 7.6248443239e-99
296.13 2.71710504062e-99
296.14 9.65914275543e-100
296.15 3.42552744006e-100
296.16 1.21191741542e-100
296.17 4.27735515204e-101
296.18 1.50603236915e-101
296.19 5.28993103907e-102
296.2 1.85362733077e-102
296.21 6.47964999433e-103
296.22 2.25963025199e-103
296.23 7.86103849233e-104
296.24 2.72821865854e-104
296.25 9.44572149281e-105
296.26 3.26247961889e-105
296.27 1.12413168168e-105
296.28 3.86405480846e-106
296.29 1.32503111752e-106
296.3 4.53278987088e-107
296.31 1.54689845391e-107
296.32 5.26641081119e-108
296.33 1.78864590016e-108
296.34 6.06025249064e-109
296.35 2.04839532307e-109
296.36 6.90706498321e-110
296.37 2.32343227504e-110
296.38 7.7969222473e-111
296.39 2.61019587115e-111
296.4 8.71725404867e-112
296.41 2.90431031289e-112
296.42 9.65301632347e-113
296.43 3.20066170554e-113
296.44 1.0587007395e-113
296.45 3.49352108416e-114
296.46 1.15003280904e-114
296.47 3.77671142209e-115
296.48 1.23729734941e-115
296.49 4.04381308234e-116
296.5 1.31845336461e-116
296.51 4.28839896276e-117
296.52 1.39149708628e-117
296.53 4.50428777895e-118
296.54 1.45454334577e-118
296.55 4.68580180641e-119
296.56 1.50590603097e-119
296.57 4.82801420558e-120
296.58 1.54417286119e-120
296.59 4.92697094524e-121
296.6 1.56826986181e-121
296.61 4.97987339068e-122
296.62 1.57751143369e-122
296.63 4.98520979378e-123
296.64 1.57163276023e-123
296.65 4.94282706389e-124
296.66 1.55080241427e-124
296.67 4.85393806424e-125
296.68 1.51561432725e-125
296.69 4.72106394866e-126
296.7 1.46705965466e-126
296.71 4.54791536453e-127
296.72 1.40648039764e-127
296.73 4.33922033362e-128
296.74 1.33550780893e-128
296.75 4.10050995021e-129
296.76 1.25598952663e-129
296.77 3.83787543954e-130
296.78 1.16990997062e-130
296.79 3.55771142756e-131
296.8 1.07930876704e-131
296.81 3.26646042112e-132
296.82 9.86201833019e-133
296.83 2.97037253097e-133
296.84 8.92509287665e-134
296.85 2.67529253595e-134
296.86 7.9999361562e-135
296.87 2.38648370794e-135
296.88 7.10210577506e-136
296.89 2.1084946724e-136
296.9 6.24474328078e-137
296.91 1.84507226362e-137
296.92 5.43837161812e-138
296.93 1.59912013161e-138
296.94 4.69083341576e-139
296.95 1.37270001776e-139
296.96 4.00735648432e-140
296.97 1.1670703239e-140
296.98 3.39072668114e-141
296.99 9.82754974688e-142
297.0 2.84154427705e-142
297.01 8.19634657573e-143
297.02 2.35853817303e-143
297.03 6.77052295786e-144
297.04 1.93891258675e-144
297.05 5.53924984683e-145
297.06 1.578702833e-145
297.07 4.48855480029e-146
297.08 1.27312012933e-146
297.09 3.60237522711e-147
297.1 1.0168694958e-147
297.11 2.86350668371e-148
297.12 8.04429321566e-149
297.13 2.25441721976e-149
297.14 6.302856265e-150
297.15 1.75791237353e-150
297.16 4.8911812029e-151
297.17 1.3576473968e-151
297.18 3.75938617173e-152
297.19 1.03849305747e-152
297.2 2.86185064538e-153
297.21 7.86768641913e-154
297.22 2.1577634309e-154
297.23 5.90360544469e-155
297.24 1.61134126904e-155
297.25 4.38747288358e-156
297.26 1.1917854254e-156
297.27 3.22952316666e-157
297.28 8.7304262502e-158
297.29 2.35444853227e-158
297.3 6.33431510888e-159
297.31 1.70007012826e-159
297.32 4.55187909903e-160
297.33 1.21582567369e-160
297.34 3.23972845807e-161
297.35 8.61197224114e-162
297.36 2.28377514106e-162
297.37 6.04172245737e-163
297.38 1.59450141887e-163
297.39 4.19803213501e-164
297.4 1.10261352883e-164
297.41 2.88906680687e-165
297.42 7.55176665149e-166
297.43 1.96922911716e-166
297.44 5.12272031061e-167
297.45 1.3294186004e-167
297.46 3.44175194301e-168
297.47 8.88902425435e-169
297.48 2.29026283504e-169
297.49 5.88671851543e-170
297.5 1.50944718996e-170
297.51 3.86117322843e-171
297.52 9.85320137894e-172
297.53 2.50837313694e-172
297.54 6.37035496955e-173
297.55 1.61395653261e-173
297.56 4.07921639828e-174
297.57 1.02853331906e-174
297.58 2.58712072448e-175
297.59 6.49189869821e-176
297.6 1.62511269617e-176
297.61 4.05837282893e-177
297.62 1.01106042067e-177
297.63 2.51280615511e-178
297.64 6.23013667583e-179
297.65 1.54096534121e-179
297.66 3.80228684482e-180
297.67 9.35952034452e-181
297.68 2.29836509706e-181
297.69 5.63042467262e-182
297.7 1.37600495201e-182
297.71 3.35471438286e-183
297.72 8.15920441947e-184
297.73 1.97968816551e-184
297.74 4.79184177451e-185
297.75 1.15708392809e-185
297.76 2.78730159145e-186
297.77 6.69822564719e-187
297.78 1.60580310877e-187
297.79 3.84044477546e-188
297.8 9.16278432282e-189
297.81 2.18087168164e-189
297.82 5.17832700316e-190
297.83 1.22660728648e-190
297.84 2.89853345914e-191
297.85 6.83294311705e-192
297.86 1.60691906049e-192
297.87 3.76996144343e-193
297.88 8.82341130644e-194
297.89 2.06012157304e-194
297.9 4.79850426281e-195
297.91 1.11500195661e-195
297.92 2.58465203578e-196
297.93 5.97702740585e-197
297.94 1.3788757071e-197
297.95 3.17337724298e-198
297.96 7.28576225041e-199
297.97 1.66872586292e-199
297.98 3.81286745406e-200
297.99 8.69110764688e-201
298.0 1.97631087044e-201
298.01 4.48324114459e-202
298.02 1.01457848562e-202
298.03 2.29052959626e-203
298.04 5.15873092739e-204
298.05 1.1590616974e-204
298.06 2.59792699001e-205
298.07 5.80903561287e-206
298.08 1.29579961215e-206
298.09 2.88355581261e-207
298.1 6.40140916841e-208
298.11 1.417684277e-208
298.12 3.13213280043e-209
298.13 6.90331231541e-210
298.14 1.51785954419e-210
298.15 3.32937227897e-211
298.16 7.28534029243e-212
298.17 1.59035483883e-212
298.18 3.46333846724e-213
298.19 7.52406516328e-214
298.2 1.63067295816e-214
298.21 3.52563947292e-215
298.22 7.60441202673e-216
298.23 1.63625162069e-216
298.24 3.51229713106e-217
298.25 7.52123429612e-218
298.26 1.6067329351e-218
298.27 3.4241673656e-219
298.28 7.27985922591e-220
298.29 1.54400139416e-220
298.3 3.26684932778e-221
298.31 6.89552330454e-222
298.32 1.45198478693e-222
298.33 3.05009671934e-223
298.34 6.39178069546e-224
298.35 1.33624726672e-224
298.36 2.78681733628e-225
298.37 5.79811582538e-226
298.38 1.20343317493e-226
298.39 2.49180344401e-227
298.4 5.14709629721e-228
298.41 1.0606388112e-228
298.42 2.18036622411e-229
298.43 4.47144698734e-230
298.44 9.14794271064e-231
298.45 1.86704805272e-231
298.46 3.80140607719e-232
298.47 7.72128784928e-233
298.48 1.56455895016e-233
298.49 3.16264778857e-234
298.5 6.37773450281e-235
298.51 1.2830357361e-235
298.52 2.57494394468e-236
298.53 5.15529491727e-237
298.54 1.02966502271e-237
298.55 2.05161145403e-238
298.56 4.07803528744e-239
298.57 8.08655516096e-240
298.58 1.59967897507e-240
298.59 3.1568854961e-241
298.6 6.2150057152e-242
298.61 1.22062130066e-242
298.62 2.39153678907e-243
298.63 4.67444330985e-244
298.64 9.1146382748e-245
298.65 1.7729875585e-245
298.66 3.4405561331e-246
298.67 6.66052276623e-247
298.68 1.28630718621e-247
298.69 2.47820816931e-248
298.7 4.76307677836e-249
298.71 9.13259270863e-250
298.72 1.74685680713e-250
298.73 3.33332172676e-251
298.74 6.3453249718e-252
298.75 1.20500046553e-252
298.76 2.28284944131e-253
298.77 4.3144360335e-254
298.78 8.13443716263e-255
298.79 1.52998682965e-255
298.8 2.87081089413e-256
298.81 5.37375903625e-257
298.82 1.00347949075e-257
298.83 1.86937109263e-258
298.84 3.4740755123e-259
298.85 6.44079823988e-260
298.86 1.19123335527e-260
298.87 2.1979140511e-261
298.88 4.04558448404e-262
298.89 7.42862702743e-263
298.9 1.36079449183e-263
298.91 2.48675638004e-264
298.92 4.533468981e-265
298.93 8.24488810017e-266
298.94 1.49587599368e-266
298.95 2.70746673134e-267
298.96 4.88863231992e-268
298.97 8.8057901181e-269
298.98 1.58236254667e-269
298.99 2.83661483204e-270
299.0 5.0728433724e-271
299.01 9.05022230028e-272
299.02 1.61073371781e-272
299.03 2.85986124525e-273
299.04 5.06550658974e-274
299.05 8.95071061766e-275
299.06 1.57778875877e-275
299.07 2.77457780763e-276
299.08 4.86745190007e-277
299.09 8.518500208e-278
299.1 1.48724089112e-278
299.11 2.59033662767e-279
299.12 4.5007802075e-280
299.13 7.80146407476e-281
299.14 1.34902851744e-281
299.15 2.32714185595e-282
299.16 4.00480425796e-283
299.17 6.87537578306e-284
299.18 1.17752000936e-284
299.19 2.01185585337e-285
299.2 3.42911567594e-286
299.21 5.8307459576e-287
299.22 9.89060399341e-288
299.23 1.67370231548e-288
299.24 2.82546758863e-289
299.25 4.75838033674e-290
299.26 7.99437808947e-291
299.27 1.33988314996e-291
299.28 2.24029844055e-292
299.29 3.73681447954e-293
299.3 6.21804566523e-294
299.31 1.0321979371e-294
299.32 1.70934126071e-295
299.33 2.82391275218e-296
299.34 4.65404397806e-297
299.35 7.65184916548e-298
299.36 1.25504421971e-298
299.37 2.05356457844e-299
299.38 3.35208027911e-300
299.39 5.45854841811e-301
299.4 8.8674067956e-302
299.41 1.43705307164e-302
299.42 2.32330213658e-303
299.43 3.74710002117e-304
299.44 6.02894871297e-305
299.45 9.6770860425e-306
299.46 1.5495454716e-306
299.47 2.47525962179e-307
299.48 3.94451760831e-308
299.49 6.270811561e-309
299.5 9.94512648864e-310
299.51 1.57345229954e-310
299.52 2.4834393678e-311
299.53 3.91030155574e-312
299.54 6.14219570052e-313
299.55 9.62484530714e-314
299.56 1.5045983324e-314
299.57 2.34641109592e-315
299.58 3.6504326307e-316
299.59 5.66553969268e-317
299.6 8.77192803434e-318
299.61 1.35489598322e-318
299.62 2.08772379307e-319
299.63 3.20895636974e-320
299.64 4.92089383258e-321
299.65 7.50979781679e-322
299.66 1.13635098543e-322
299.67 1.97626258336e-323
299.68 4.94065645841e-324
299.69 0.0
299.7 0.0
299.71 0.0
299.72 0.0
299.73 0.0
299.74 0.0
299.75 0.0
299.76 0.0
299.77 0.0
299.78 0.0
299.79 0.0
299.8 0.0
299.81 0.0
299.82 0.0
299.83 0.0
299.84 0.0
299.85 0.0
299.86 0.0
299.87 0.0
299.88 0.0
299.89 0.0
299.9 0.0
299.91 0.0
299.92 0.0
299.93 0.0
299.94 0.0
299.95 0.0
299.96 0.0
299.97 0.0
299.98 0.0
299.99 0.0
