199.0000 3e-06
199.0008 3e-06
199.1134 0.0
202.0955 0.0
202.1639 0.00066
202.1672 0.000502
202.3917 0.006375
202.3977 0.006896
202.8777 5.7e-05
203.2111 1.2e-05
203.2260 1.2e-05
203.3508 0.0
203.3529 0.0
203.3619 0.000483
203.4500 0.000517
204.0155 0.0
204.0239 0.000494
204.1102 0.000428
204.7927 2.2e-05
204.7936 2.1e-05
204.9101 0.0
205.3397 0.000218
205.3529 0.000147
205.3914 0.000839
205.3948 0.001277
205.4854 5.2e-05
205.5451 0.004199
206.5665 1e-06
206.5730 0.0
206.6225 0.0
206.6333 2.7e-05
206.6941 0.00025
206.6973 2.4e-05
206.7085 5.1e-05
206.7216 0.0
206.7385 3.4e-05
206.7492 3.1e-05
206.7819 0.0
206.8040 0.000167
207.6601 0.0
