270.0 0.000123404032377
270.01 0.000123571772029
270.02 0.00012373987167
270.03 0.00012390833238
270.04 0.000124077155247
270.05 0.000124246341359
270.06 0.000124415891812
270.07 0.000124585807703
270.08 0.000124756090135
270.09 0.000124926740216
270.1 0.000125097759057
270.11 0.000125269147775
270.12 0.000125440907489
270.13 0.000125613039324
270.14 0.00012578554441
270.15 0.00012595842388
270.16 0.000126131678873
270.17 0.000126305310531
270.18 0.000126479320001
270.19 0.000126653708436
270.2 0.000126828476991
270.21 0.000127003626829
270.22 0.000127179159113
270.23 0.000127355075016
270.24 0.000127531375711
270.25 0.000127708062378
270.26 0.000127885136203
270.27 0.000128062598373
270.28 0.000128240450083
270.29 0.000128418692532
270.3 0.000128597326923
270.31 0.000128776354464
270.32 0.000128955776369
270.33 0.000129135593856
270.34 0.000129315808148
270.35 0.000129496420473
270.36 0.000129677432063
270.37 0.000129858844157
270.38 0.000130040657998
270.39 0.000130222874834
270.4 0.000130405495917
270.41 0.000130588522507
270.42 0.000130771955865
270.43 0.000130955797262
270.44 0.000131140047969
270.45 0.000131324709266
270.46 0.000131509782437
270.47 0.000131695268771
270.48 0.000131881169563
270.49 0.000132067486112
270.5 0.000132254219724
270.51 0.000132441371709
270.52 0.000132628943383
270.53 0.000132816936067
270.54 0.000133005351089
270.55 0.000133194189779
270.56 0.000133383453476
270.57 0.000133573143523
270.58 0.000133763261269
270.59 0.000133953808069
270.6 0.000134144785281
270.61 0.000134336194272
270.62 0.000134528036413
270.63 0.00013472031308
270.64 0.000134913025657
270.65 0.000135106175532
270.66 0.000135299764099
270.67 0.000135493792758
270.68 0.000135688262915
270.69 0.000135883175982
270.7 0.000136078533376
270.71 0.000136274336521
270.72 0.000136470586846
270.73 0.000136667285787
270.74 0.000136864434786
270.75 0.00013706203529
270.76 0.000137260088752
270.77 0.000137458596633
270.78 0.000137657560399
270.79 0.000137856981522
270.8 0.000138056861479
270.81 0.000138257201757
270.82 0.000138458003845
270.83 0.000138659269241
270.84 0.000138860999449
270.85 0.000139063195979
270.86 0.000139265860346
270.87 0.000139468994075
270.88 0.000139672598693
270.89 0.000139876675738
270.9 0.000140081226751
270.91 0.000140286253282
270.92 0.000140491756886
270.93 0.000140697739125
270.94 0.000140904201569
270.95 0.000141111145793
270.96 0.00014131857338
270.97 0.000141526485919
270.98 0.000141734885007
270.99 0.000141943772245
271.0 0.000142153149245
271.01 0.000142363017623
271.02 0.000142573379003
271.03 0.000142784235016
271.04 0.0001429955873
271.05 0.000143207437501
271.06 0.000143419787269
271.07 0.000143632638265
271.08 0.000143845992155
271.09 0.000144059850614
271.1 0.000144274215322
271.11 0.000144489087968
271.12 0.000144704470248
271.13 0.000144920363865
271.14 0.00014513677053
271.15 0.000145353691962
271.16 0.000145571129885
271.17 0.000145789086034
271.18 0.000146007562149
271.19 0.00014622655998
271.2 0.000146446081282
271.21 0.00014666612782
271.22 0.000146886701366
271.23 0.000147107803699
271.24 0.000147329436607
271.25 0.000147551601886
271.26 0.000147774301339
271.27 0.000147997536778
271.28 0.000148221310022
271.29 0.000148445622899
271.3 0.000148670477245
271.31 0.000148895874904
271.32 0.000149121817728
271.33 0.000149348307578
271.34 0.000149575346322
271.35 0.000149802935838
271.36 0.000150031078011
271.37 0.000150259774735
271.38 0.000150489027914
271.39 0.000150718839458
271.4 0.000150949211286
271.41 0.000151180145329
271.42 0.000151411643522
271.43 0.000151643707811
271.44 0.000151876340152
271.45 0.000152109542507
271.46 0.000152343316849
271.47 0.000152577665161
271.48 0.000152812589431
271.49 0.000153048091659
271.5 0.000153284173855
271.51 0.000153520838035
271.52 0.000153758086227
271.53 0.000153995920467
271.54 0.0001542343428
271.55 0.000154473355282
271.56 0.000154712959976
271.57 0.000154953158956
271.58 0.000155193954306
271.59 0.000155435348118
271.6 0.000155677342496
271.61 0.00015591993955
271.62 0.000156163141404
271.63 0.000156406950189
271.64 0.000156651368046
271.65 0.000156896397127
271.66 0.000157142039594
271.67 0.000157388297618
271.68 0.000157635173381
271.69 0.000157882669075
271.7 0.000158130786901
271.71 0.000158379529071
271.72 0.00015862889781
271.73 0.000158878895348
271.74 0.000159129523931
271.75 0.000159380785811
271.76 0.000159632683254
271.77 0.000159885218534
271.78 0.000160138393937
271.79 0.00016039221176
271.8 0.00016064667431
271.81 0.000160901783906
271.82 0.000161157542877
271.83 0.000161413953562
271.84 0.000161671018314
271.85 0.000161928739495
271.86 0.000162187119478
271.87 0.000162446160648
271.88 0.000162705865402
271.89 0.000162966236148
271.9 0.000163227275304
271.91 0.000163488985302
271.92 0.000163751368583
271.93 0.000164014427601
271.94 0.000164278164823
271.95 0.000164542582726
271.96 0.000164807683799
271.97 0.000165073470544
271.98 0.000165339945475
271.99 0.000165607111116
272.0 0.000165874970006
272.01 0.000166143524694
272.02 0.000166412777743
272.03 0.000166682731728
272.04 0.000166953389236
272.05 0.000167224752866
272.06 0.000167496825232
272.07 0.000167769608957
272.08 0.00016804310668
272.09 0.000168317321052
272.1 0.000168592254737
272.11 0.00016886791041
272.12 0.000169144290762
272.13 0.000169421398495
272.14 0.000169699236326
272.15 0.000169977806985
272.16 0.000170257113214
272.17 0.000170537157769
272.18 0.000170817943422
272.19 0.000171099472954
272.2 0.000171381749165
272.21 0.000171664774864
272.22 0.000171948552878
272.23 0.000172233086045
272.24 0.000172518377219
272.25 0.000172804429266
272.26 0.00017309124507
272.27 0.000173378827526
272.28 0.000173667179544
272.29 0.000173956304049
272.3 0.000174246203981
272.31 0.000174536882295
272.32 0.00017482834196
272.33 0.000175120585959
272.34 0.000175413617292
272.35 0.000175707438973
272.36 0.000176002054032
272.37 0.000176297465512
272.38 0.000176593676474
272.39 0.000176890689993
272.4 0.000177188509161
272.41 0.000177487137084
272.42 0.000177786576884
272.43 0.0001780868317
272.44 0.000178387904686
272.45 0.000178689799012
272.46 0.000178992517865
272.47 0.000179296064448
272.48 0.000179600441979
272.49 0.000179905653695
272.5 0.000180211702848
272.51 0.000180518592705
272.52 0.000180826326554
272.53 0.000181134907697
272.54 0.000181444339452
272.55 0.000181754625158
272.56 0.000182065768168
272.57 0.000182377771852
272.58 0.000182690639601
272.59 0.00018300437482
272.6 0.000183318980933
272.61 0.000183634461381
272.62 0.000183950819626
272.63 0.000184268059143
272.64 0.00018458618343
272.65 0.000184905195999
272.66 0.000185225100385
272.67 0.000185545900136
272.68 0.000185867598824
272.69 0.000186190200037
272.7 0.000186513707381
272.71 0.000186838124482
272.72 0.000187163454987
272.73 0.000187489702559
272.74 0.000187816870883
272.75 0.000188144963661
272.76 0.000188473984618
272.77 0.000188803937494
272.78 0.000189134826054
272.79 0.000189466654079
272.8 0.000189799425373
272.81 0.000190133143758
272.82 0.000190467813078
272.83 0.000190803437197
272.84 0.00019114002
272.85 0.000191477565391
272.86 0.000191816077298
272.87 0.000192155559668
272.88 0.00019249601647
272.89 0.000192837451693
272.9 0.000193179869351
272.91 0.000193523273475
272.92 0.000193867668121
272.93 0.000194213057367
272.94 0.000194559445312
272.95 0.000194906836076
272.96 0.000195255233805
272.97 0.000195604642665
272.98 0.000195955066844
272.99 0.000196306510555
273.0 0.000196658978033
273.01 0.000197012473537
273.02 0.000197367001347
273.03 0.00019772256577
273.04 0.000198079171134
273.05 0.000198436821791
273.06 0.000198795522119
273.07 0.000199155276517
273.08 0.000199516089412
273.09 0.000199877965253
273.1 0.000200240908514
273.11 0.000200604923694
273.12 0.000200970015317
273.13 0.000201336187932
273.14 0.000201703446115
273.15 0.000202071794465
273.16 0.000202441237607
273.17 0.000202811780195
273.18 0.000203183426905
273.19 0.000203556182441
273.2 0.000203930051534
273.21 0.000204305038941
273.22 0.000204681149445
273.23 0.000205058387858
273.24 0.000205436759018
273.25 0.000205816267789
273.26 0.000206196919065
273.27 0.000206578717766
273.28 0.000206961668841
273.29 0.000207345777267
273.3 0.000207731048049
273.31 0.000208117486219
273.32 0.000208505096842
273.33 0.000208893885007
273.34 0.000209283855836
273.35 0.000209675014479
273.36 0.000210067366114
273.37 0.000210460915951
273.38 0.000210855669229
273.39 0.000211251631218
273.4 0.000211648807218
273.41 0.000212047202559
273.42 0.000212446822601
273.43 0.000212847672739
273.44 0.000213249758396
273.45 0.000213653085026
273.46 0.000214057658118
273.47 0.00021446348319
273.48 0.000214870565794
273.49 0.000215278911513
273.5 0.000215688525965
273.51 0.000216099414798
273.52 0.000216511583695
273.53 0.000216925038373
273.54 0.000217339784581
273.55 0.000217755828103
273.56 0.000218173174757
273.57 0.000218591830395
273.58 0.000219011800904
273.59 0.000219433092206
273.6 0.000219855710259
273.61 0.000220279661054
273.62 0.000220704950621
273.63 0.000221131585023
273.64 0.000221559570361
273.65 0.000221988912772
273.66 0.00022241961843
273.67 0.000222851693545
273.68 0.000223285144367
273.69 0.00022371997718
273.7 0.000224156198309
273.71 0.000224593814115
273.72 0.000225032831
273.73 0.000225473255401
273.74 0.000225915093799
273.75 0.000226358352709
273.76 0.000226803038689
273.77 0.000227249158337
273.78 0.000227696718289
273.79 0.000228145725225
273.8 0.000228596185862
273.81 0.000229048106962
273.82 0.000229501495324
273.83 0.000229956357794
273.84 0.000230412701255
273.85 0.000230870532637
273.86 0.00023132985891
273.87 0.000231790687087
273.88 0.000232253024226
273.89 0.000232716877428
273.9 0.000233182253838
273.91 0.000233649160646
273.92 0.000234117605086
273.93 0.000234587594438
273.94 0.000235059136026
273.95 0.000235532237221
273.96 0.000236006905441
273.97 0.00023648314815
273.98 0.000236960972857
273.99 0.00023744038712
274.0 0.000237921398546
274.01 0.000238404014787
274.02 0.000238888243546
274.03 0.000239374092573
274.04 0.000239861569669
274.05 0.000240350682682
274.06 0.000240841439513
274.07 0.000241333848111
274.08 0.000241827916478
274.09 0.000242323652663
274.1 0.000242821064772
274.11 0.000243320160959
274.12 0.000243820949432
274.13 0.000244323438452
274.14 0.000244827636332
274.15 0.000245333551439
274.16 0.000245841192196
274.17 0.000246350567078
274.18 0.000246861684617
274.19 0.000247374553398
274.2 0.000247889182065
274.21 0.000248405579315
274.22 0.000248923753903
274.23 0.000249443714644
274.24 0.000249965470406
274.25 0.000250489030119
274.26 0.000251014402769
274.27 0.000251541597402
274.28 0.000252070623125
274.29 0.000252601489103
274.3 0.000253134204563
274.31 0.000253668778791
274.32 0.000254205221138
274.33 0.000254743541015
274.34 0.000255283747895
274.35 0.000255825851314
274.36 0.000256369860875
274.37 0.000256915786241
274.38 0.000257463637142
274.39 0.000258013423372
274.4 0.000258565154792
274.41 0.000259118841329
274.42 0.000259674492976
274.43 0.000260232119794
274.44 0.000260791731914
274.45 0.000261353339531
274.46 0.000261916952913
274.47 0.000262482582397
274.48 0.00026305023839
274.49 0.000263619931369
274.5 0.000264191671884
274.51 0.000264765470556
274.52 0.00026534133808
274.53 0.000265919285223
274.54 0.000266499322827
274.55 0.000267081461809
274.56 0.000267665713158
274.57 0.000268252087944
274.58 0.00026884059731
274.59 0.000269431252477
274.6 0.000270024064744
274.61 0.000270619045489
274.62 0.000271216206169
274.63 0.00027181555832
274.64 0.00027241711356
274.65 0.000273020883587
274.66 0.000273626880182
274.67 0.000274235115209
274.68 0.000274845600614
274.69 0.000275458348429
274.7 0.000276073370768
274.71 0.000276690679835
274.72 0.000277310287916
274.73 0.000277932207388
274.74 0.000278556450712
274.75 0.000279183030442
274.76 0.000279811959217
274.77 0.000280443249771
274.78 0.000281076914925
274.79 0.000281712967594
274.8 0.000282351420785
274.81 0.0002829922876
274.82 0.000283635581233
274.83 0.000284281314974
274.84 0.000284929502211
274.85 0.000285580156427
274.86 0.000286233291202
274.87 0.000286888920218
274.88 0.000287547057253
274.89 0.000288207716187
274.9 0.000288870911001
274.91 0.00028953665578
274.92 0.00029020496471
274.93 0.000290875852083
274.94 0.000291549332293
274.95 0.000292225419844
274.96 0.000292904129345
274.97 0.000293585475514
274.98 0.000294269473175
274.99 0.000294956137267
275.0 0.000295645482835
275.01 0.000296337525041
275.02 0.000297032279155
275.03 0.000297729760565
275.04 0.000298429984773
275.05 0.000299132967397
275.06 0.000299838724171
275.07 0.000300547270951
275.08 0.000301258623709
275.09 0.00030197279854
275.1 0.000302689811659
275.11 0.000303409679406
275.12 0.000304132418242
275.13 0.000304858044757
275.14 0.000305586575665
275.15 0.000306318027807
275.16 0.000307052418156
275.17 0.000307789763812
275.18 0.000308530082007
275.19 0.000309273390108
275.2 0.000310019705611
275.21 0.000310769046151
275.22 0.000311521429499
275.23 0.000312276873562
275.24 0.000313035396387
275.25 0.000313797016161
275.26 0.000314561751214
275.27 0.000315329620017
275.28 0.000316100641186
275.29 0.000316874833485
275.3 0.000317652215822
275.31 0.000318432807255
275.32 0.000319216626994
275.33 0.000320003694398
275.34 0.00032079402898
275.35 0.000321587650407
275.36 0.000322384578504
275.37 0.000323184833252
275.38 0.000323988434791
275.39 0.000324795403423
275.4 0.000325605759611
275.41 0.000326419523982
275.42 0.000327236717331
275.43 0.000328057360617
275.44 0.00032888147497
275.45 0.000329709081689
275.46 0.000330540202246
275.47 0.000331374858289
275.48 0.000332213071637
275.49 0.000333054864292
275.5 0.000333900258431
275.51 0.000334749276414
275.52 0.000335601940784
275.53 0.000336458274268
275.54 0.000337318299781
275.55 0.000338182040425
275.56 0.000339049519493
275.57 0.000339920760471
275.58 0.000340795787039
275.59 0.000341674623072
275.6 0.000342557292646
275.61 0.000343443820036
275.62 0.00034433422972
275.63 0.000345228546378
275.64 0.000346126794902
275.65 0.000347029000387
275.66 0.000347935188142
275.67 0.00034884538369
275.68 0.000349759612768
275.69 0.000350677901331
275.7 0.000351600275552
275.71 0.000352526761831
275.72 0.000353457386787
275.73 0.00035439217727
275.74 0.000355331160357
275.75 0.000356274363358
275.76 0.000357221813817
275.77 0.000358173539514
275.78 0.000359129568469
275.79 0.000360089928943
275.8 0.000361054649442
275.81 0.000362023758717
275.82 0.000362997285772
275.83 0.00036397525986
275.84 0.000364957710491
275.85 0.000365944667432
275.86 0.000366936160709
275.87 0.000367932220613
275.88 0.000368932877702
275.89 0.0003699381628
275.9 0.000370948107005
275.91 0.000371962741691
275.92 0.000372982098506
275.93 0.000374006209383
275.94 0.000375035106537
275.95 0.00037606882247
275.96 0.000377107389975
275.97 0.000378150842137
275.98 0.000379199212341
275.99 0.000380252534268
276.0 0.000381310841905
276.01 0.000382374169545
276.02 0.000383442551791
276.03 0.000384516023558
276.04 0.000385594620082
276.05 0.000386678376916
276.06 0.000387767329938
276.07 0.000388861515355
276.08 0.000389960969705
276.09 0.00039106572986
276.1 0.000392175833034
276.11 0.000393291316781
276.12 0.000394412219004
276.13 0.000395538577955
276.14 0.000396670432242
276.15 0.000397807820831
276.16 0.000398950783053
276.17 0.000400099358602
276.18 0.000401253587548
276.19 0.000402413510334
276.2 0.000403579167783
276.21 0.000404750601104
276.22 0.000405927851892
276.23 0.000407110962139
276.24 0.000408299974231
276.25 0.000409494930961
276.26 0.000410695875524
276.27 0.000411902851531
276.28 0.00041311590301
276.29 0.000414335074408
276.3 0.000415560410601
276.31 0.000416791956897
276.32 0.000418029759038
276.33 0.000419273863212
276.34 0.000420524316052
276.35 0.000421781164645
276.36 0.000423044456534
276.37 0.000424314239729
276.38 0.000425590562706
276.39 0.000426873474418
276.4 0.000428163024297
276.41 0.000429459262263
276.42 0.000430762238726
276.43 0.000432072004597
276.44 0.000433388611288
276.45 0.000434712110725
276.46 0.000436042555347
276.47 0.00043737999812
276.48 0.000438724492536
276.49 0.000440076092624
276.5 0.000441434852956
276.51 0.000442800828653
276.52 0.000444174075391
276.53 0.00044555464941
276.54 0.000446942607521
276.55 0.000448338007109
276.56 0.000449740906145
276.57 0.000451151363191
276.58 0.000452569437409
276.59 0.000453995188567
276.6 0.000455428677045
276.61 0.000456869963848
276.62 0.000458319110608
276.63 0.000459776179597
276.64 0.000461241233732
276.65 0.000462714336582
276.66 0.000464195552382
276.67 0.000465684946035
276.68 0.000467182583125
276.69 0.000468688529922
276.7 0.000470202853397
276.71 0.000471725621223
276.72 0.00047325690179
276.73 0.000474796764214
276.74 0.000476345278341
276.75 0.000477902514764
276.76 0.000479468544828
276.77 0.000481043440641
276.78 0.000482627275084
276.79 0.000484220121821
276.8 0.00048582205531
276.81 0.000487433150813
276.82 0.000489053484406
276.83 0.000490683132992
276.84 0.000492322174309
276.85 0.000493970686944
276.86 0.000495628750341
276.87 0.000497296444817
276.88 0.000498973851569
276.89 0.00050066105269
276.9 0.000502358131179
276.91 0.000504065170951
276.92 0.000505782256854
276.93 0.000507509474681
276.94 0.000509246911178
276.95 0.000510994654062
276.96 0.000512752792034
276.97 0.00051452141479
276.98 0.000516300613035
276.99 0.000518090478501
277.0 0.000519891103955
277.01 0.000521702583218
277.02 0.000523525011177
277.03 0.000525358483803
277.04 0.000527203098163
277.05 0.000529058952435
277.06 0.000530926145926
277.07 0.000532804779089
277.08 0.000534694953534
277.09 0.00053659677205
277.1 0.000538510338616
277.11 0.000540435758425
277.12 0.000542373137895
277.13 0.000544322584688
277.14 0.000546284207731
277.15 0.000548258117231
277.16 0.000550244424694
277.17 0.000552243242944
277.18 0.000554254686141
277.19 0.000556278869804
277.2 0.000558315910826
277.21 0.000560365927497
277.22 0.000562429039524
277.23 0.000564505368051
277.24 0.00056659503568
277.25 0.000568698166493
277.26 0.000570814886075
277.27 0.000572945321533
277.28 0.000575089601524
277.29 0.000577247856271
277.3 0.000579420217591
277.31 0.00058160681892
277.32 0.000583807795333
277.33 0.000586023283571
277.34 0.000588253422067
277.35 0.000590498350969
277.36 0.000592758212168
277.37 0.000595033149326
277.38 0.000597323307896
277.39 0.00059962883516
277.4 0.000601949880248
277.41 0.000604286594169
277.42 0.000606639129843
277.43 0.000609007642125
277.44 0.000611392287842
277.45 0.000613793225817
277.46 0.000616210616902
277.47 0.000618644624011
277.48 0.000621095412154
277.49 0.000623563148464
277.5 0.000626048002235
277.51 0.000628550144957
277.52 0.000631069750345
277.53 0.00063360699438
277.54 0.000636162055344
277.55 0.000638735113854
277.56 0.000641326352901
277.57 0.00064393595789
277.58 0.000646564116674
277.59 0.000649211019599
277.6 0.000651876859541
277.61 0.000654561831946
277.62 0.000657266134876
277.63 0.000659989969047
277.64 0.000662733537877
277.65 0.000665497047526
277.66 0.000668280706942
277.67 0.000671084727911
277.68 0.000673909325099
277.69 0.000676754716102
277.7 0.000679621121493
277.71 0.000682508764875
277.72 0.00068541787293
277.73 0.000688348675468
277.74 0.000691301405484
277.75 0.000694276299208
277.76 0.000697273596164
277.77 0.000700293539222
277.78 0.000703336374655
277.79 0.0007064023522
277.8 0.000709491725117
277.81 0.000712604750245
277.82 0.00071574168807
277.83 0.000718902802782
277.84 0.000722088362345
277.85 0.000725298638557
277.86 0.000728533907122
277.87 0.000731794447714
277.88 0.000735080544049
277.89 0.000738392483954
277.9 0.000741730559442
277.91 0.000745095066787
277.92 0.000748486306594
277.93 0.000751904583883
277.94 0.000755350208161
277.95 0.00075882349351
277.96 0.000762324758661
277.97 0.000765854327084
277.98 0.000769412527072
277.99 0.000772999691826
278.0 0.000776616159548
278.01 0.00078026227353
278.02 0.000783938382246
278.03 0.000787644839452
278.04 0.000791382004275
278.05 0.000795150241322
278.06 0.000798949920774
278.07 0.000802781418493
278.08 0.000806645116128
278.09 0.00081054140122
278.1 0.000814470667318
278.11 0.000818433314088
278.12 0.00082242974743
278.13 0.000826460379594
278.14 0.000830525629305
278.15 0.000834625921884
278.16 0.000838761689372
278.17 0.000842933370663
278.18 0.000847141411634
278.19 0.000851386265279
278.2 0.000855668391849
278.21 0.000859988258993
278.22 0.000864346341899
278.23 0.000868743123447
278.24 0.000873179094355
278.25 0.000877654753336
278.26 0.000882170607257
278.27 0.000886727171298
278.28 0.000891324969121
278.29 0.000895964533034
278.3 0.00090064640417
278.31 0.000905371132663
278.32 0.000910139277826
278.33 0.000914951408342
278.34 0.000919808102451
278.35 0.000924709948145
278.36 0.000929657543368
278.37 0.000934651496223
278.38 0.000939692425177
278.39 0.000944780959275
278.4 0.000949917738365
278.41 0.000955103413317
278.42 0.000960338646256
278.43 0.000965624110798
278.44 0.000970960492289
278.45 0.000976348488056
278.46 0.00098178880766
278.47 0.000987282173155
278.48 0.000992829319355
278.49 0.000998430994108
278.5 0.00100408795857
278.51 0.00100980098751
278.52 0.00101557086958
278.53 0.00102139840764
278.54 0.00102728441904
278.55 0.00103322973597
278.56 0.00103923520576
278.57 0.00104530169123
278.58 0.00105143007102
278.59 0.00105762123995
278.6 0.00106387610938
278.61 0.00107019560758
278.62 0.0010765806801
278.63 0.00108303229019
278.64 0.00108955141914
278.65 0.00109613906676
278.66 0.00110279625175
278.67 0.00110952401219
278.68 0.0011163234059
278.69 0.00112319551097
278.7 0.0011301414262
278.71 0.00113716227158
278.72 0.00114425918879
278.73 0.00115143334173
278.74 0.00115868591697
278.75 0.00116601812438
278.76 0.00117343119762
278.77 0.00118092639472
278.78 0.00118850499868
278.79 0.00119616831803
278.8 0.0012039176875
278.81 0.00121175446861
278.82 0.00121968005032
278.83 0.00122769584973
278.84 0.00123580331276
278.85 0.00124400391481
278.86 0.00125229916158
278.87 0.00126069058974
278.88 0.00126917976772
278.89 0.00127776829653
278.9 0.00128645781056
278.91 0.00129524997841
278.92 0.00130414650378
278.93 0.00131314912633
278.94 0.00132225962263
278.95 0.00133147980709
278.96 0.00134081153293
278.97 0.0013502566932
278.98 0.00135981722179
278.99 0.00136949509451
279.0 0.00137929233018
279.01 0.00138921099177
279.02 0.00139925318757
279.03 0.00140942107237
279.04 0.0014197168487
279.05 0.00143014276814
279.06 0.00144070113261
279.07 0.00145139429575
279.08 0.00146222466427
279.09 0.00147319469947
279.1 0.00148430691869
279.11 0.00149556389684
279.12 0.00150696826804
279.13 0.0015185227272
279.14 0.00153023003175
279.15 0.00154209300341
279.16 0.00155411452993
279.17 0.00156629756702
279.18 0.00157864514027
279.19 0.0015911603471
279.2 0.00160384635886
279.21 0.00161670642296
279.22 0.00162974386502
279.23 0.00164296209122
279.24 0.00165636459059
279.25 0.00166995493745
279.26 0.00168373679397
279.27 0.0016977139127
279.28 0.00171189013933
279.29 0.00172626941544
279.3 0.00174085578139
279.31 0.0017556533793
279.32 0.00177066645615
279.33 0.00178589936696
279.34 0.00180135657815
279.35 0.00181704267091
279.36 0.00183296234479
279.37 0.00184912042141
279.38 0.00186552184824
279.39 0.00188217170254
279.4 0.00189907519556
279.41 0.00191623767667
279.42 0.00193366463789
279.43 0.00195136171839
279.44 0.00196933470927
279.45 0.00198758955851
279.46 0.00200613237606
279.47 0.00202496943915
279.48 0.00204410719784
279.49 0.00206355228072
279.5 0.00208331150089
279.51 0.0021033918621
279.52 0.00212380056521
279.53 0.00214454501487
279.54 0.00216563282645
279.55 0.00218707183327
279.56 0.00220887009408
279.57 0.00223103590094
279.58 0.00225357778725
279.59 0.00227650453632
279.6 0.00229982519006
279.61 0.00232354905823
279.62 0.00234768572798
279.63 0.00237224507375
279.64 0.00239723726766
279.65 0.00242267279031
279.66 0.00244856244202
279.67 0.00247491735459
279.68 0.0025017490035
279.69 0.00252906922072
279.7 0.00255689020798
279.71 0.00258522455072
279.72 0.00261408523254
279.73 0.00264348565041
279.74 0.00267343963048
279.75 0.00270396144456
279.76 0.00273506582746
279.77 0.00276676799501
279.78 0.00279908366296
279.79 0.00283202906667
279.8 0.00286562098184
279.81 0.00289987674606
279.82 0.00293481428143
279.83 0.00297045211827
279.84 0.00300680941992
279.85 0.00304390600869
279.86 0.00308176239307
279.87 0.00312039979634
279.88 0.00315984018641
279.89 0.00320010630721
279.9 0.00324122171167
279.91 0.00328321079618
279.92 0.00332609883694
279.93 0.00336991202798
279.94 0.00341467752121
279.95 0.00346042346846
279.96 0.00350717906563
279.97 0.00355497459921
279.98 0.00360384149512
279.99 0.00365381237013
280.0 0.00370492108602
280.01 0.00375720280657
280.02 0.00381069405755
280.03 0.00386543279005
280.04 0.00392145844709
280.05 0.00397881203395
280.06 0.00403753619233
280.07 0.00409767527861
280.08 0.00415927544646
280.09 0.00422238473407
280.1 0.0042870531563
280.11 0.00435333280213
280.12 0.00442127793756
280.13 0.00449094511463
280.14 0.00456239328658
280.15 0.0046356839299
280.16 0.00471088117354
280.17 0.00478805193574
280.18 0.00486726606917
280.19 0.0049485965147
280.2 0.00503211946463
280.21 0.00511791453586
280.22 0.00520606495376
280.23 0.0052966577475
280.24 0.00538978395761
280.25 0.00548553885666
280.26 0.00558402218399
280.27 0.0056853383955
280.28 0.00578959692961
280.29 0.00589691249055
280.3 0.00600740535022
280.31 0.00612120167012
280.32 0.00623843384468
280.33 0.0063592408677
280.34 0.00648376872367
280.35 0.00661217080578
280.36 0.00674460836269
280.37 0.00688125097638
280.38 0.00702227707331
280.39 0.00716787447173
280.4 0.0073182409677
280.41 0.00747358496322
280.42 0.00763412613956
280.43 0.00780009617949
280.44 0.00797173954251
280.45 0.00814931429715
280.46 0.00833309301517
280.47 0.00852336373266
280.48 0.00872043098365
280.49 0.00892461691208
280.5 0.00913626246886
280.51 0.00935572870104
280.52 0.0095833981407
280.53 0.00981967630224
280.54 0.010064993297
280.55 0.010319805575
280.56 0.0105845978053
280.57 0.0108598849055
280.58 0.011146214234
280.59 0.0114441679586
280.6 0.0117543656161
280.61 0.0120774668787
280.62 0.0124141745449
280.63 0.0127652377733
280.64 0.0131314555795
280.65 0.0135136806158
280.66 0.0139128232586
280.67 0.0143298560257
280.68 0.0147658183478
280.69 0.0152218217224
280.7 0.015699055275
280.71 0.0161987917544
280.72 0.0167223939903
280.73 0.0172713218381
280.74 0.0178471396348
280.75 0.0184515241872
280.76 0.0190862733084
280.77 0.0197533149101
280.78 0.0204547166512
280.79 0.0211926961256
280.8 0.021969631558
280.81 0.0227880729476
280.82 0.0236507535719
280.83 0.0245606017187
280.84 0.025520752463
280.85 0.0265345592368
280.86 0.0276056048571
280.87 0.0287377115659
280.88 0.0299349495093
280.89 0.031201642912
280.9 0.0325423730079
280.91 0.0339619765416
280.92 0.0354655383656
280.93 0.0370583763149
280.94 0.0387460161469
280.95 0.0405341538829
280.96 0.0424286024015
280.97 0.0444352186152
280.98 0.0465598070624
280.99 0.0488079952992
281.0 0.051185076183
281.01 0.0536958120855
281.02 0.0563441964358
281.03 0.0591331689177
281.04 0.0620642823738
281.05 0.0651373221743
281.06 0.068349882675
281.07 0.071696910467
281.08 0.0751702302528
281.09 0.0787580759499
281.1 0.0824446562077
281.11 0.0862097887449
281.12 0.0900286403859
281.13 0.093871608039
281.14 0.0977043694141
281.15 0.101488121431
281.16 0.10518001107
281.17 0.10873375138
281.18 0.112100408614
281.19 0.115229348085
281.2 0.1180693362
281.21 0.120569809634
281.22 0.122682330884
281.23 0.124362241962
281.24 0.125570497469
281.25 0.126275604664
281.26 0.126455532255
281.27 0.12609939049
281.28 0.12520865526
281.29 0.123797725154
281.3 0.121893667229
281.31 0.119535113116
281.32 0.116770388095
281.33 0.11365506302
281.34 0.110249188658
281.35 0.106614491913
281.36 0.102811785695
281.37 0.098898781847
281.38 0.0949284179736
281.39 0.0909477318513
281.4 0.0869972538986
281.41 0.0831108452655
281.42 0.0793158868784
281.43 0.0756337199343
281.44 0.0720802457784
281.45 0.0686666076188
281.46 0.0653998938421
281.47 0.062283819744
281.48 0.0593193594943
281.49 0.0565053122989
281.5 0.0538387958778
281.51 0.0513156668223
281.52 0.0489308715852
281.53 0.0466787343057
281.54 0.0445531888517
281.55 0.0425479627589
281.56 0.0406567204967
281.57 0.0388731729015
281.58 0.0371911588706
281.59 0.0356047046062
281.6 0.0341080649148
281.61 0.0326957503335
281.62 0.0313625432023
281.63 0.0301035052324
281.64 0.0289139786317
281.65 0.0277895824412
281.66 0.0267262053941
281.67 0.0257199963335
281.68 0.0247673529925
281.69 0.0238649097623
281.7 0.0230095249226
281.71 0.0221982676943
281.72 0.0214284053792
281.73 0.0206973907819
281.74 0.0200028500478
281.75 0.0193425710119
281.76 0.0187144921155
281.77 0.0181166919233
281.78 0.0175473792553
281.79 0.0170048839315
281.8 0.0164876481181
281.81 0.0159942182571
281.82 0.0155232375538
281.83 0.0150734389972
281.84 0.0146436388828
281.85 0.014232730808
281.86 0.0138396801119
281.87 0.0134635187279
281.88 0.0131033404221
281.89 0.0127582963903
281.9 0.012427591186
281.91 0.0121104789567
281.92 0.0118062599645
281.93 0.0115142773692
281.94 0.0112339142536
281.95 0.0109645908737
281.96 0.0107057621141
281.97 0.010456915134
281.98 0.0102175671891
281.99 0.00998726361428
282.0 0.00976557595557
282.01 0.00955210023956
282.02 0.00934645536891
282.03 0.00914828163466
282.04 0.00895723933599
282.05 0.00877300749913
282.06 0.00859528268766
282.07 0.00842377789729
282.08 0.00825822152845
282.09 0.00809835643084
282.1 0.0079439390144
282.11 0.00779473842174
282.12 0.00765053575722
282.13 0.00751112336872
282.14 0.00737630417778
282.15 0.00724589105491
282.16 0.00711970623645
282.17 0.00699758078007
282.18 0.00687935405604
282.19 0.00676487327176
282.2 0.00665399302697
282.21 0.00654657489771
282.22 0.00644248704674
282.23 0.00634160385867
282.24 0.00624380559811
282.25 0.00614897808906
282.26 0.00605701241429
282.27 0.00596780463316
282.28 0.00588125551671
282.29 0.00579727029881
282.3 0.00571575844231
282.31 0.00563663341917
282.32 0.00555981250361
282.33 0.00548521657752
282.34 0.00541276994718
282.35 0.00534240017071
282.36 0.0052740378954
282.37 0.00520761670437
282.38 0.00514307297202
282.39 0.00508034572756
282.4 0.00501937652624
282.41 0.00496010932773
282.42 0.00490249038124
282.43 0.00484646811697
282.44 0.0047919930434
282.45 0.00473901765029
282.46 0.00468749631671
282.47 0.00463738522419
282.48 0.00458864227431
282.49 0.00454122701073
282.5 0.0044951005453
282.51 0.00445022548798
282.52 0.00440656588039
282.53 0.00436408713282
282.54 0.00432275596439
282.55 0.0042825403463
282.56 0.0042434094479
282.57 0.00420533358549
282.58 0.00416828417365
282.59 0.00413223367899
282.6 0.00409715557614
282.61 0.00406302430598
282.62 0.00402981523576
282.63 0.00399750462129
282.64 0.00396606957083
282.65 0.00393548801076
282.66 0.00390573865291
282.67 0.00387680096332
282.68 0.00384865513261
282.69 0.0038212820476
282.7 0.00379466326433
282.71 0.00376878098232
282.72 0.00374361801996
282.73 0.00371915779106
282.74 0.00369538428251
282.75 0.00367228203282
282.76 0.00364983611178
282.77 0.00362803210092
282.78 0.00360685607492
282.79 0.00358629458375
282.8 0.0035663346357
282.81 0.00354696368106
282.82 0.00352816959664
282.83 0.00350994067083
282.84 0.00349226558938
282.85 0.0034751334218
282.86 0.00345853360833
282.87 0.00344245594748
282.88 0.00342689058405
282.89 0.0034118279978
282.9 0.00339725899242
282.91 0.00338317468511
282.92 0.00336956649657
282.93 0.00335642614133
282.94 0.00334374561865
282.95 0.00333151720364
282.96 0.00331973343885
282.97 0.00330838712619
282.98 0.00329747131922
282.99 0.00328697931567
283.0 0.00327690465043
283.01 0.00326724108865
283.02 0.00325798261933
283.03 0.00324912344902
283.04 0.00324065799584
283.05 0.00323258088383
283.06 0.0032248869374
283.07 0.00321757117615
283.08 0.00321062880982
283.09 0.00320405523354
283.1 0.0031978460232
283.11 0.00319199693108
283.12 0.0031865038817
283.13 0.00318136296777
283.14 0.00317657044639
283.15 0.00317212273542
283.16 0.00316801640999
283.17 0.00316424819919
283.18 0.00316081498294
283.19 0.00315771378896
283.2 0.00315494178992
283.21 0.00315249630077
283.22 0.00315037477616
283.23 0.00314857480797
283.24 0.00314709412308
283.25 0.00314593058116
283.26 0.00314508217263
283.27 0.00314454701677
283.28 0.0031443233599
283.29 0.00314440957368
283.3 0.00314480415359
283.31 0.00314550571746
283.32 0.00314651300411
283.33 0.00314782487212
283.34 0.00314944029873
283.35 0.00315135837879
283.36 0.00315357832387
283.37 0.00315609946144
283.38 0.00315892123412
283.39 0.00316204319913
283.4 0.00316546502775
283.41 0.00316918650491
283.42 0.00317320752888
283.43 0.00317752811107
283.44 0.00318214837591
283.45 0.00318706856084
283.46 0.00319228901638
283.47 0.00319781020636
283.48 0.00320363270817
283.49 0.00320975721315
283.5 0.00321618452709
283.51 0.00322291557085
283.52 0.003229951381
283.53 0.00323729311069
283.54 0.00324494203049
283.55 0.00325289952949
283.56 0.00326116711637
283.57 0.0032697464207
283.58 0.00327863919423
283.59 0.00328784731245
283.6 0.00329737277615
283.61 0.00330721771315
283.62 0.00331738438018
283.63 0.00332787516482
283.64 0.00333869258769
283.65 0.00334983930466
283.66 0.00336131810928
283.67 0.00337313193532
283.68 0.00338528385952
283.69 0.00339777710441
283.7 0.00341061504141
283.71 0.00342380119396
283.72 0.00343733924099
283.73 0.00345123302043
283.74 0.00346548653302
283.75 0.00348010394624
283.76 0.00349508959854
283.77 0.00351044800366
283.78 0.00352618385536
283.79 0.00354230203216
283.8 0.00355880760259
283.81 0.00357570583043
283.82 0.00359300218048
283.83 0.00361070232442
283.84 0.00362881214706
283.85 0.00364733775292
283.86 0.00366628547311
283.87 0.00368566187253
283.88 0.0037054737575
283.89 0.00372572818376
283.9 0.00374643246483
283.91 0.00376759418084
283.92 0.00378922118783
283.93 0.00381132162744
283.94 0.00383390393723
283.95 0.00385697686139
283.96 0.00388054946216
283.97 0.00390463113167
283.98 0.00392923160458
283.99 0.00395436097127
284.0 0.00398002969175
284.01 0.00400624861037
284.02 0.00403302897124
284.03 0.00406038243456
284.04 0.00408832109378
284.05 0.00411685749374
284.06 0.00414600464983
284.07 0.00417577606815
284.08 0.00420618576684
284.09 0.00423724829868
284.1 0.00426897877486
284.11 0.00430139289021
284.12 0.00433450694987
284.13 0.00436833789747
284.14 0.00440290334506
284.15 0.00443822160477
284.16 0.00447431172234
284.17 0.00451119351275
284.18 0.00454888759799
284.19 0.00458741544712
284.2 0.00462679941892
284.21 0.0046670628071
284.22 0.00470822988844
284.23 0.004750325974
284.24 0.00479337746362
284.25 0.00483741190394
284.26 0.00488245805027
284.27 0.00492854593254
284.28 0.00497570692565
284.29 0.00502397382458
284.3 0.00507338092459
284.31 0.00512396410694
284.32 0.00517576093057
284.33 0.00522881073012
284.34 0.00528315472098
284.35 0.00533883611166
284.36 0.00539590022438
284.37 0.00545439462425
284.38 0.005514369258
284.39 0.00557587660276
284.4 0.00563897182607
284.41 0.00570371295763
284.42 0.00577016107419
284.43 0.00583838049829
284.44 0.00590843901226
284.45 0.00598040808868
284.46 0.00605436313861
284.47 0.00613038377916
284.48 0.00620855412197
284.49 0.00628896308435
284.5 0.00637170472496
284.51 0.00645687860602
284.52 0.00654459018431
284.53 0.00663495123312
284.54 0.00672808029779
284.55 0.00682410318737
284.56 0.0069231535052
284.57 0.0070253732213
284.58 0.00713091328959
284.59 0.00723993431301
284.6 0.00735260725968
284.61 0.00746911423317
284.62 0.00758964929986
284.63 0.00771441937602
284.64 0.00784364517709
284.65 0.00797756223071
284.66 0.00811642195437
284.67 0.00826049279738
284.68 0.00841006144496
284.69 0.00856543408017
284.7 0.00872693769642
284.71 0.00889492144935
284.72 0.0090697580318
284.73 0.0092518450491
284.74 0.00944160636366
284.75 0.00963949336711
284.76 0.00984598612498
284.77 0.0100615943221
284.78 0.0102868579163
284.79 0.0105223473815
284.8 0.01076866339
284.81 0.0110264357461
284.82 0.011296321334
284.83 0.0115790007914
284.84 0.0118751735512
284.85 0.0121855508251
284.86 0.0125108460134
284.87 0.012851761942
284.88 0.0132089742343
284.89 0.0135831100405
284.9 0.0139747212841
284.91 0.0143842515566
284.92 0.0148119958307
284.93 0.0152580523037
284.94 0.0157222659712
284.95 0.0162041640298
284.96 0.0167028839683
284.97 0.0172170963018
284.98 0.0177449253553
284.99 0.0182838733192
285.0 0.0188307548897
285.01 0.0193816519649
285.02 0.0199318997469
285.03 0.0204761166741
285.04 0.0210082902277
285.05 0.0215219281458
285.06 0.0220102794206
285.07 0.0224666215669
285.08 0.0228846006291
285.09 0.0232585996742
285.1 0.0235841022855
285.11 0.0238580122854
285.12 0.0240788916774
285.13 0.0242470864471
285.14 0.02436472357
285.15 0.0244355797649
285.16 0.0244648396089
285.17 0.0244587740299
285.18 0.0244243774409
285.19 0.0243690021308
285.2 0.0243000229452
285.21 0.0242245558942
285.22 0.0241492435939
285.23 0.0240801105218
285.24 0.024022483338
285.25 0.023980966529
285.26 0.0239594612702
285.27 0.0239612151294
285.28 0.023988891373
285.29 0.0240446485481
285.3 0.0241302231781
285.31 0.0242470104859
285.32 0.0243961398564
285.33 0.0245785431849
285.34 0.0247950153261
285.35 0.0250462666084
285.36 0.02533296786
285.37 0.0256557886725
285.38 0.0260154297635
285.39 0.0264126503298
285.4 0.0268482912548
285.41 0.027323294963
285.42 0.0278387226271
285.43 0.0283957693358
285.44 0.0289957777354
285.45 0.029640250566
285.46 0.0303308624236
285.47 0.031069470999
285.48 0.0318581279634
285.49 0.0326990895937
285.5 0.0335948271501
285.51 0.0345480369349
285.52 0.035561649867
285.53 0.0366388403024
285.54 0.037783033704
285.55 0.0389979126206
285.56 0.0402874202544
285.57 0.041655760688
285.58 0.0431073945853
285.59 0.0446470288801
285.6 0.0462795986079
285.61 0.048010238622
285.62 0.0498442424647
285.63 0.0517870051395
285.64 0.0538439459756
285.65 0.0560204072213
285.66 0.0583215234976
285.67 0.0607520568858
285.68 0.0633161923302
285.69 0.0660172883888
285.7 0.0688575794067
285.71 0.0718378272081
285.72 0.0749569237569
285.73 0.0782114512969
285.74 0.0815952135578
285.75 0.0850987608745
285.76 0.0887089433269
285.77 0.0924085385717
285.78 0.096176013395
285.79 0.0999854877469
285.8 0.103806973731
285.81 0.107606955719
285.82 0.111349357641
285.83 0.114996907228
285.84 0.118512855422
285.85 0.121862947531
285.86 0.125017481485
285.87 0.127953241668
285.88 0.130655078942
285.89 0.1331169289
285.9 0.135342122962
285.91 0.137342941271
285.92 0.139139463974
285.93 0.140757875016
285.94 0.142228439287
285.95 0.143583397099
285.96 0.144854998009
285.97 0.146073837728
285.98 0.147267582778
285.99 0.148460085535
286.0 0.149670823511
286.01 0.150914552779
286.02 0.152201052274
286.03 0.153534852928
286.04 0.154914887083
286.05 0.15633404929
286.06 0.157778717137
286.07 0.159228328572
286.08 0.160655141399
286.09 0.162024306483
286.1 0.163294368229
286.11 0.164418267486
286.12 0.165344869247
286.13 0.166020978071
286.14 0.166393745916
286.15 0.166413327132
286.16 0.166035598578
286.17 0.165224742113
286.18 0.163955483131
286.19 0.162214793204
286.2 0.160002898126
286.21 0.157333485614
286.22 0.154233077765
286.23 0.150739615958
286.24 0.146900388691
286.25 0.142769501307
286.26 0.138405127244
286.27 0.133866785925
286.28 0.129212863272
286.29 0.124498535819
286.3 0.119774191593
286.31 0.11508437392
286.32 0.110467218531
286.33 0.105954315665
286.34 0.101570908136
286.35 0.097336331278
286.36 0.0932646070558
286.37 0.0893651178078
286.38 0.0856433012368
286.39 0.0821013244251
286.4 0.0787387090592
286.41 0.0755528918512
286.42 0.0725397131348
286.43 0.0696938330021
286.44 0.0670090785458
286.45 0.0644787282557
286.46 0.0620957408376
286.47 0.0598529360658
286.48 0.0577431350565
286.49 0.0557592667861
286.5 0.0538944469447
286.51 0.0521420344251
286.52 0.0504956699579
286.53 0.0489493006829
286.54 0.0474971937853
286.55 0.0461339417568
286.56 0.0448544613527
286.57 0.0436539879038
286.58 0.0425280662987
286.59 0.0414725396741
286.6 0.0404835366181
286.61 0.0395574575102
286.62 0.0386909604718
286.63 0.0378809472828
286.64 0.0371245495293
286.65 0.0364191151704
286.66 0.0357621956609
286.67 0.0351515337158
286.68 0.0345850517762
286.69 0.0340608412043
286.7 0.033577152222
286.71 0.0331323845889
286.72 0.0327250790097
286.73 0.0323539092509
286.74 0.0320176749449
286.75 0.0317152950568
286.76 0.0314458019849
286.77 0.0312083362713
286.78 0.0310021418957
286.79 0.030826562127
286.8 0.0306810359118
286.81 0.0305650947791
286.82 0.0304783602416
286.83 0.0304205416804
286.84 0.0303914346982
286.85 0.0303909199318
286.86 0.030418962316
286.87 0.0304756107945
286.88 0.030560998476
286.89 0.0306753432367
286.9 0.0308189487715
286.91 0.0309922061044
286.92 0.0311955955635
286.93 0.0314296892364
286.94 0.0316951539213
286.95 0.031992754591
286.96 0.0323233583929
286.97 0.0326879392101
286.98 0.0330875828087
286.99 0.0335234926046
287.0 0.03399699608
287.01 0.0345095518859
287.02 0.035062757667
287.03 0.0356583586472
287.04 0.0362982570121
287.05 0.0369845221289
287.06 0.0377194016352
287.07 0.0385053334287
287.08 0.0393449585817
287.09 0.04024113519
287.1 0.0411969531568
287.11 0.0422157498858
287.12 0.0433011268315
287.13 0.0444569668184
287.14 0.0456874519872
287.15 0.0469970821664
287.16 0.0483906933802
287.17 0.0498734760989
287.18 0.0514509927027
287.19 0.0531291934582
287.2 0.0549144300913
287.21 0.0568134657771
287.22 0.0588334800325
287.23 0.0609820666
287.24 0.0632672219155
287.25 0.0656973211729
287.26 0.0682810783003
287.27 0.0710274853615
287.28 0.0739457259818
287.29 0.07704505639
287.3 0.0803346466117
287.31 0.0838233732943
287.32 0.0875195547318
287.33 0.0914306180261
287.34 0.0955626882617
287.35 0.0999200903944
287.36 0.104504756749
287.37 0.109315537121
287.38 0.114347415157
287.39 0.119590644539
287.4 0.125029832095
287.41 0.130643012399
287.42 0.136400779211
287.43 0.142265561735
287.44 0.148191155062
287.45 0.154122629925
287.46 0.15999675078
287.47 0.165743016668
287.48 0.171285400401
287.49 0.176544795424
287.5 0.181442089248
287.51 0.185901677569
287.52 0.189855131937
287.53 0.193244658599
287.54 0.196025959068
287.55 0.198170139194
287.56 0.199664415178
287.57 0.200511518859
287.58 0.200727884135
287.59 0.200340868068
287.6 0.199385391765
287.61 0.197900454221
287.62 0.195925966799
287.63 0.19350028096
287.64 0.190658652877
287.65 0.187432729188
287.66 0.183850975073
287.67 0.179939825434
287.68 0.175725244378
287.69 0.171234341799
287.7 0.166496722656
287.71 0.161545325916
287.72 0.156416626763
287.73 0.151150201273
287.74 0.14578776143
287.75 0.140371840604
287.76 0.134944337376
287.77 0.129545112054
287.78 0.124210787175
287.79 0.118973845942
287.8 0.113862065154
287.81 0.108898271647
287.82 0.104100378561
287.83 0.0994816402999
287.84 0.0950510604227
287.85 0.0908138911768
287.86 0.0867721730965
287.87 0.0829252749291
287.88 0.0792704058753
287.89 0.0758030824463
287.9 0.0725175405436
287.91 0.0694070895842
287.92 0.0664644097942
287.93 0.0636817965364
287.94 0.0610513570557
287.95 0.0585651656805
287.96 0.0562153835709
287.97 0.0539943487923
287.98 0.0518946419609
287.99 0.0499091320892
288.0 0.0480310066115
288.01 0.0462537889524
288.02 0.0445713464347
288.03 0.0429778908214
288.04 0.041467973352
288.05 0.040036475766
288.06 0.0386785984976
288.07 0.0373898469733
288.08 0.0361660167338
288.09 0.0350031779374
288.1 0.0338976596629
288.11 0.0328460343266
288.12 0.0318451024404
288.13 0.0308918778719
288.14 0.0299835737182
288.15 0.0291175888601
288.16 0.0282914952379
288.17 0.0275030258645
288.18 0.0267500635745
288.19 0.0260306304957
288.2 0.0253428782223
288.21 0.0246850786594
288.22 0.0240556155082
288.23 0.0234529763572
288.24 0.0228757453437
288.25 0.0223225963501
288.26 0.0217922867
288.27 0.0212836513208
288.28 0.020795597339
288.29 0.0203270990775
288.3 0.0198771934267
288.31 0.0194449755594
288.32 0.0190295949659
288.33 0.0186302517837
288.34 0.0182461933996
288.35 0.0178767113035
288.36 0.0175211381743
288.37 0.0171788451806
288.38 0.0168492394781
288.39 0.0165317618908
288.4 0.0162258847595
288.41 0.0159311099464
288.42 0.0156469669832
288.43 0.0153730113515
288.44 0.0151088228859
288.45 0.0148540042901
288.46 0.0146081797578
288.47 0.0143709936908
288.48 0.0141421095053
288.49 0.0139212085233
288.5 0.0137079889388
288.51 0.0135021648569
288.52 0.0133034653979
288.53 0.0131116338637
288.54 0.0129264269606
288.55 0.0127476140753
288.56 0.0125749766011
288.57 0.0124083073087
288.58 0.0122474097615
288.59 0.0120920977696
288.6 0.0119421948825
288.61 0.0117975339162
288.62 0.0116579565131
288.63 0.0115233127336
288.64 0.0113934606757
288.65 0.0112682661228
288.66 0.0111476022173
288.67 0.0110313491575
288.68 0.0109193939196
288.69 0.0108116299996
288.7 0.0107079571777
288.71 0.0106082813019
288.72 0.0105125140905
288.73 0.0104205729533
288.74 0.0103323808301
288.75 0.0102478660456
288.76 0.0101669621811
288.77 0.0100896079607
288.78 0.010015747153
288.79 0.00994532848683
288.8 0.00987830557949
288.81 0.00981463687844
288.82 0.00975428561378
288.83 0.00969721976127
288.84 0.00964341201401
288.85 0.00959283976124
288.86 0.00954548507184
288.87 0.00950133467986
288.88 0.00946037996853
288.89 0.00942261694846
288.9 0.00938804622476
288.91 0.00935667294655
288.92 0.00932850673088
288.93 0.0093035615518
288.94 0.00928185558342
288.95 0.00926341098405
288.96 0.00924825360719
288.97 0.00923641262343
288.98 0.00922792003704
288.99 0.00922281008141
289.0 0.00922111847951
289.01 0.0092228815608
289.02 0.0092281352336
289.03 0.00923691382484
289.04 0.00924924881642
289.05 0.0092651675302
289.06 0.00928469184135
289.07 0.00930783702995
289.08 0.00933461090958
289.09 0.00936501339405
289.1 0.00939903666985
289.11 0.00943666612614
289.12 0.00947788214744
289.13 0.009522662797
289.14 0.00957098731577
289.15 0.00962284025244
289.16 0.00967821594837
289.17 0.00973712305842
289.18 0.0097995888169
289.19 0.00986566286201
289.2 0.00993542059098
289.21 0.0100089661867
289.22 0.010086435577
289.23 0.0101679996081
289.24 0.0102538676163
289.25 0.0103442913754
289.26 0.0104395691567
289.27 0.0105400494208
289.28 0.0106461335594
289.29 0.0107582771535
289.3 0.0108769894048
289.31 0.0110028306855
289.32 0.0111364084519
289.33 0.0112783720039
289.34 0.01142940669
289.35 0.0115902281366
289.36 0.0117615769456
289.37 0.0119442140891
289.38 0.0121389169943
289.39 0.01234647608
289.4 0.0125676913206
289.41 0.0128033682635
289.42 0.0130543128228
289.43 0.01332132409
289.44 0.013605184344
289.45 0.0139066453841
289.46 0.0142264102595
289.47 0.0145651094257
289.48 0.014923270336
289.49 0.0153012795019
289.5 0.0156993361571
289.51 0.0161173968918
289.52 0.0165551110326
289.53 0.0170117472061
289.54 0.0174861125032
289.55 0.0179764670179
289.56 0.0184804382919
289.57 0.0189949423231
289.58 0.0195161201434
289.59 0.0200393012596
289.6 0.0205590070095
289.61 0.0210690074839
289.62 0.0215624443555
289.63 0.0220320280414
289.64 0.0224703107155
289.65 0.0228700269485
289.66 0.0232244822456
289.67 0.0235279583877
289.68 0.0237760958846
289.69 0.0239662106253
289.7 0.0240975057899
289.71 0.0241711514588
289.72 0.0241902213608
289.73 0.0241594954425
289.74 0.0240851543459
289.75 0.0239744039252
289.76 0.0238350726762
289.77 0.0236752223897
289.78 0.0235028041652
289.79 0.0233253807178
289.8 0.0231499243073
289.81 0.0229826896521
289.82 0.0228291539687
289.83 0.0226940120806
289.84 0.0225812129953
289.85 0.0224940247927
289.86 0.0224351163408
289.87 0.0224066466108
289.88 0.0224103547215
289.89 0.0224476459935
289.9 0.022519671088
289.91 0.0226273966891
289.92 0.0227716671928
289.93 0.0229532575353
289.94 0.0231729177009
289.95 0.0234314096598
289.96 0.0237295375541
289.97 0.0240681719224
289.98 0.0244482686691
289.99 0.0248708833603
290.0 0.0253371812948
290.01 0.0258484436586
290.02 0.0264060699478
290.03 0.0270115767325
290.04 0.0276665927602
290.05 0.02837285036
290.06 0.0291321731214
290.07 0.029946459904
290.08 0.0308176653861
290.09 0.0317477775826
290.1 0.0327387930588
290.11 0.0337926908797
290.12 0.0349114066299
290.13 0.0360968080037
290.14 0.0373506733809
290.15 0.0386746743334
290.16 0.0400703620038
290.17 0.0415391556951
290.18 0.0430823298275
290.19 0.0447009928193
290.2 0.046396048777
290.21 0.0481681306101
290.22 0.0500174918843
290.23 0.0519438449656
290.24 0.0539461352512
290.25 0.0560222458488
290.26 0.0581686340347
290.27 0.0603799100547
290.28 0.0626483799284
290.29 0.0649635862066
290.3 0.0673118931381
290.31 0.0696761740464
290.32 0.0720356670232
290.33 0.0743660678988
290.34 0.0766399239718
290.35 0.0788273753456
290.36 0.0808972609839
290.37 0.0828185639798
290.38 0.0845621186746
290.39 0.0861024488266
290.4 0.087419562122
290.41 0.0885005041041
290.42 0.0893404836664
290.43 0.089943425764
290.44 0.0903218793004
290.45 0.0904962953799
290.46 0.0904937747955
290.47 0.0903464462346
290.48 0.0900896667869
290.49 0.0897602314052
290.5 0.0893947439453
290.51 0.0890282507839
290.52 0.0886931817274
290.53 0.0884185930056
290.54 0.0882296705676
290.55 0.0881474313149
290.56 0.0881885542933
290.57 0.088365279985
290.58 0.0886853295813
290.59 0.0891518136447
290.6 0.089763117966
290.61 0.0905127718883
290.62 0.0913893199342
290.63 0.0923762307291
290.64 0.093451887347
290.65 0.0945897093363
290.66 0.0957584574072
290.67 0.0969227655571
290.68 0.0980439312773
290.69 0.0990809726063
290.7 0.0999919331054
290.71 0.100735385971
290.72 0.101272061142
290.73 0.101566498838
290.74 0.101588622339
290.75 0.101315122501
290.76 0.100730555316
290.77 0.0998280696586
290.78 0.098609704295
290.79 0.0970862210988
290.8 0.0952764755522
290.81 0.0932063646098
290.82 0.0909074316842
290.83 0.0884152422398
290.84 0.0857676641437
290.85 0.0830031896841
290.86 0.0801594204296
290.87 0.0772718056848
290.88 0.0743726870658
290.89 0.0714906632311
290.9 0.0686502562455
290.91 0.0658718380567
290.92 0.0631717630219
290.93 0.0605626491551
290.94 0.0580537543998
290.95 0.0556514021169
290.96 0.0533594197354
290.97 0.0511795643799
290.98 0.049111918146
290.99 0.0471552429788
291.0 0.0453072906784
291.01 0.043565067527
291.02 0.0419250556391
291.03 0.0403833946843
291.04 0.0389360284001
291.05 0.0375788205352
291.06 0.0363076447492
291.07 0.0351184526689
291.08 0.0340073238697
291.09 0.0329705010747
291.1 0.0320044133713
291.11 0.0311056897777
291.12 0.0302711650361
291.13 0.0294978791036
291.14 0.0287830714388
291.15 0.0281241708579
291.16 0.0275187814644
291.17 0.0269646649331
291.18 0.0264597192743
291.19 0.0260019541054
291.2 0.0255894624444
291.21 0.0252203891161
291.22 0.0248928960515
291.23 0.0246051250801
291.24 0.0243551592897
291.25 0.0241409846493
291.26 0.0239604543612
291.27 0.0238112592603
291.28 0.0236909084145
291.29 0.023596724728
291.3 0.0235258605748
291.31 0.0234753380087
291.32 0.0234421166581
291.33 0.0234231898436
291.34 0.0234157058243
291.35 0.0234171067386
291.36 0.0234252734766
291.37 0.0234386613604
291.38 0.0234564101031
291.39 0.0234784127773
291.4 0.0235053325472
291.41 0.0235385621049
291.42 0.0235801278418
291.43 0.0236325472946
291.44 0.0236986529926
291.45 0.0237813977836
291.46 0.0238836560162
291.47 0.0240080322681
291.48 0.0241566856484
291.49 0.0243311741052
291.5 0.0245323204837
291.51 0.0247601007599
291.52 0.0250135550256
291.53 0.0252907232137
291.54 0.0255886097634
291.55 0.0259031838257
291.56 0.0262294234632
291.57 0.0265614128432
291.58 0.026892499958
291.59 0.0272155184724
291.6 0.0275230708284
291.61 0.0278078613044
291.62 0.0280630585046
291.63 0.0282826584971
291.64 0.0284618144228
291.65 0.0285970974631
291.66 0.0286866583685
291.67 0.0287302680127
291.68 0.0287292282865
291.69 0.0286861590215
291.7 0.0286046802662
291.71 0.0284890201931
291.72 0.0283435859175
291.73 0.0281725371053
291.74 0.0279794007159
291.75 0.027766760362
291.76 0.0275360465484
291.77 0.0272874453376
291.78 0.0270199333441
291.79 0.0267314366394
291.8 0.0264191003403
291.81 0.0260796447696
291.82 0.025709774082
291.83 0.0253065956848
291.84 0.0248680055214
291.85 0.0243929968934
291.86 0.0238818595475
291.87 0.0233362502851
291.88 0.0227591339014
291.89 0.0221546104018
291.9 0.0215276578499
291.91 0.0208838275543
291.92 0.020228928942
291.93 0.0195687363401
291.94 0.0189087410338
291.95 0.0182539617725
291.96 0.0176088174129
291.97 0.0169770579488
291.98 0.016361745339
291.99 0.0157652731834
292.0 0.0151894139449
292.01 0.0146353834021
292.02 0.0141039137581
292.03 0.0135953288218
292.04 0.0131096165981
292.05 0.0126464962885
292.06 0.0122054780309
292.07 0.0117859146982
292.08 0.011387045763
292.09 0.011008033678
292.1 0.0106479934749
292.11 0.0103060164
292.12 0.00998118843245
292.13 0.0096726044916
292.14 0.00937937907833
292.15 0.0091006540055
292.16 0.00883560378721
292.17 0.00858343916871
292.18 0.00834340919974
292.19 0.00811480218293
292.2 0.0078969457673
292.21 0.00768920640451
292.22 0.00749098834155
292.23 0.00730173228713
292.24 0.00712091385922
292.25 0.00694804189697
292.26 0.00678265670075
292.27 0.00662432824859
292.28 0.00647265442465
292.29 0.00632725928596
292.3 0.00618779138572
292.31 0.00605392216583
292.32 0.00592534442642
292.33 0.00580177087704
292.34 0.00568293277129
292.35 0.00556857862478
292.36 0.00545847301507
292.37 0.00535239546085
292.38 0.00525013937744
292.39 0.00515151110484
292.4 0.0050563290044
292.41 0.00496442262026
292.42 0.00487563190142
292.43 0.0047898064805
292.44 0.00470680500542
292.45 0.0046264945202
292.46 0.00454874989145
292.47 0.00447345327717
292.48 0.00440049363476
292.49 0.00432976626527
292.5 0.0042611723912
292.51 0.00419461876522
292.52 0.00413001730757
292.53 0.00406728476972
292.54 0.0040063424226
292.55 0.00394711576713
292.56 0.00388953426564
292.57 0.00383353109239
292.58 0.00377904290184
292.59 0.00372600961317
292.6 0.00367437420995
292.61 0.00362408255376
292.62 0.00357508321059
292.63 0.00352732728931
292.64 0.00348076829094
292.65 0.00343536196832
292.66 0.00339106619504
292.67 0.00334784084317
292.68 0.0033056476691
292.69 0.0032644502068
292.7 0.00322421366807
292.71 0.00318490484926
292.72 0.00314649204391
292.73 0.003108944961
292.74 0.00307223464828
292.75 0.00303633342054
292.76 0.00300121479218
292.77 0.002966853414
292.78 0.00293322501389
292.79 0.00290030634107
292.8 0.00286807511367
292.81 0.00283650996948
292.82 0.00280559041959
292.83 0.00277529680477
292.84 0.00274561025434
292.85 0.00271651264751
292.86 0.00268798657683
292.87 0.00266001531381
292.88 0.00263258277641
292.89 0.0026056734984
292.9 0.00257927260038
292.91 0.00255336576242
292.92 0.00252793919823
292.93 0.00250297963064
292.94 0.00247847426848
292.95 0.00245441078468
292.96 0.00243077729549
292.97 0.00240756234084
292.98 0.0023847548657
292.99 0.0023623442024
293.0 0.00234032005389
293.01 0.00231867247783
293.02 0.00229739187146
293.03 0.00227646895727
293.04 0.00225589476941
293.05 0.00223566064067
293.06 0.00221575819019
293.07 0.00219617931178
293.08 0.00217691616269
293.09 0.00215796115306
293.1 0.00213930693579
293.11 0.00212094639689
293.12 0.00210287264634
293.13 0.00208507900928
293.14 0.00206755901775
293.15 0.00205030640263
293.16 0.00203331508611
293.17 0.00201657917443
293.18 0.00200009295091
293.19 0.00198385086939
293.2 0.00196784754785
293.21 0.0019520777624
293.22 0.00193653644148
293.23 0.00192121866037
293.24 0.00190611963583
293.25 0.00189123472108
293.26 0.00187655940097
293.27 0.00186208928729
293.28 0.00184782011433
293.29 0.00183374773466
293.3 0.00181986811499
293.31 0.00180617733227
293.32 0.00179267156997
293.33 0.00177934711439
293.34 0.0017662003513
293.35 0.00175322776254
293.36 0.00174042592288
293.37 0.00172779149691
293.38 0.00171532123617
293.39 0.00170301197624
293.4 0.00169086063408
293.41 0.00167886420542
293.42 0.00166701976219
293.43 0.00165532445017
293.44 0.00164377548663
293.45 0.00163237015808
293.46 0.00162110581818
293.47 0.00160997988557
293.48 0.00159898984196
293.49 0.00158813323015
293.5 0.00157740765223
293.51 0.00156681076772
293.52 0.00155634029191
293.53 0.00154599399418
293.54 0.0015357696964
293.55 0.00152566527137
293.56 0.00151567864135
293.57 0.00150580777663
293.58 0.0014960506941
293.59 0.00148640545598
293.6 0.00147687016843
293.61 0.00146744298042
293.62 0.0014581220824
293.63 0.00144890570522
293.64 0.00143979211899
293.65 0.00143077963195
293.66 0.00142186658946
293.67 0.00141305137295
293.68 0.00140433239899
293.69 0.00139570811825
293.7 0.00138717701465
293.71 0.00137873760447
293.72 0.00137038843541
293.73 0.00136212808586
293.74 0.00135395516401
293.75 0.0013458683071
293.76 0.00133786618066
293.77 0.00132994747778
293.78 0.00132211091839
293.79 0.00131435524855
293.8 0.00130667923983
293.81 0.00129908168863
293.82 0.00129156141554
293.83 0.00128411726477
293.84 0.00127674810352
293.85 0.00126945282142
293.86 0.00126223033001
293.87 0.00125507956212
293.88 0.00124799947145
293.89 0.00124098903195
293.9 0.00123404723743
293.91 0.00122717310102
293.92 0.00122036565472
293.93 0.00121362394893
293.94 0.00120694705207
293.95 0.00120033405009
293.96 0.00119378404607
293.97 0.00118729615986
293.98 0.00118086952764
293.99 0.00117450330155
294.0 0.00116819664935
294.01 0.00116194875402
294.02 0.00115575881345
294.03 0.00114962604006
294.04 0.00114354966051
294.05 0.00113752891536
294.06 0.00113156305873
294.07 0.00112565135807
294.08 0.00111979309377
294.09 0.00111398755895
294.1 0.00110823405915
294.11 0.00110253191204
294.12 0.00109688044719
294.13 0.00109127900576
294.14 0.00108572694033
294.15 0.00108022361455
294.16 0.00107476840301
294.17 0.00106936069091
294.18 0.00106399987389
294.19 0.00105868535782
294.2 0.00105341655852
294.21 0.00104819290162
294.22 0.00104301382231
294.23 0.00103787876515
294.24 0.00103278718391
294.25 0.00102773854132
294.26 0.00102273230893
294.27 0.00101776796693
294.28 0.00101284500393
294.29 0.00100796291684
294.3 0.00100312121068
294.31 0.000998319398407
294.32 0.000993557000778
294.33 0.000988833546175
294.34 0.000984148570465
294.35 0.000979501616846
294.36 0.000974892235703
294.37 0.000970319984469
294.38 0.000965784427485
294.39 0.000961285135866
294.4 0.000956821687369
294.41 0.000952393666266
294.42 0.000948000663215
294.43 0.000943642275143
294.44 0.000939318105121
294.45 0.000935027762247
294.46 0.000930770861538
294.47 0.000926547023811
294.48 0.000922355875577
294.49 0.000918197048934
294.5 0.000914070181463
294.51 0.000909974916125
294.52 0.000905910901161
294.53 0.000901877789997
294.54 0.000897875241146
294.55 0.000893902918115
294.56 0.000889960489317
294.57 0.000886047627977
294.58 0.000882164012048
294.59 0.000878309324123
294.6 0.000874483251357
294.61 0.000870685485377
294.62 0.00086691572221
294.63 0.000863173662201
294.64 0.000859459009935
294.65 0.000855771474165
294.66 0.000852110767737
294.67 0.000848476607521
294.68 0.000844868714335
294.69 0.000841286812882
294.7 0.000837730631681
294.71 0.000834199902997
294.72 0.000830694362784
294.73 0.000827213750614
294.74 0.00082375780962
294.75 0.000820326286435
294.76 0.000816918931129
294.77 0.000813535497155
294.78 0.00081017574129
294.79 0.000806839423578
294.8 0.000803526307278
294.81 0.000800236158808
294.82 0.000796968747693
294.83 0.000793723846514
294.84 0.000790501230857
294.85 0.000787300679264
294.86 0.000784121973184
294.87 0.000780964896926
294.88 0.000777829237611
294.89 0.000774714785127
294.9 0.000771621332086
294.91 0.000768548673775
294.92 0.000765496608121
294.93 0.00076246493564
294.94 0.000759453459401
294.95 0.000756461984983
294.96 0.000753490320438
294.97 0.000750538276247
294.98 0.000747605665286
294.99 0.000744692302786
295.0 0.000741798006298
295.01 0.000738922595654
295.02 0.000736065892934
295.03 0.000733227722429
295.04 0.000730407910608
295.05 0.000727606286084
295.06 0.000724822679582
295.07 0.000722056923905
295.08 0.000719308853902
295.09 0.00071657830644
295.1 0.000713865120368
295.11 0.000711169136492
295.12 0.000708490197544
295.13 0.00070582814815
295.14 0.000703182834806
295.15 0.000700554105846
295.16 0.000697941811418
295.17 0.000695345803455
295.18 0.000692765935648
295.19 0.000690202063424
295.2 0.000687654043914
295.21 0.000685121735932
295.22 0.000682604999952
295.23 0.000680103698078
295.24 0.000677617694025
295.25 0.000675146853096
295.26 0.000672691042153
295.27 0.000670250129604
295.28 0.00066782398537
295.29 0.000665412480872
295.3 0.000663015489005
295.31 0.000660632884119
295.32 0.000658264541997
295.33 0.000655910339833
295.34 0.000653570156216
295.35 0.000651243871109
295.36 0.000648931365828
295.37 0.000646632523024
295.38 0.000644347226663
295.39 0.000642075362012
295.4 0.000639816815615
295.41 0.000637571475279
295.42 0.000635339230057
295.43 0.000633119970226
295.44 0.000630913587278
295.45 0.000628719973895
295.46 0.000626539023939
295.47 0.000624370632432
295.48 0.000622214695543
295.49 0.00062007111057
295.5 0.000617939775927
295.51 0.000615820591125
295.52 0.000613713456763
295.53 0.000611618274509
295.54 0.000609534947088
295.55 0.000607463378265
295.56 0.000605403472834
295.57 0.000603355136605
295.58 0.000601318276386
295.59 0.000599292799974
295.6 0.000597278616141
295.61 0.000595275634621
295.62 0.000593283766097
295.63 0.000591302922187
295.64 0.000589333015437
295.65 0.000587373959302
295.66 0.000585425668141
295.67 0.000583488057199
295.68 0.000581561042602
295.69 0.000579644541338
295.7 0.000577738471254
295.71 0.000575842751039
295.72 0.000573957300217
295.73 0.000572082039133
295.74 0.000570216888945
295.75 0.000568361771613
295.76 0.00056651660989
295.77 0.000564681327309
295.78 0.000562855848176
295.79 0.00056104009756
295.8 0.000559234001282
295.81 0.000557437485905
295.82 0.00055565047873
295.83 0.000553872907778
295.84 0.000552104701791
295.85 0.000550345790214
295.86 0.000548596103194
295.87 0.000546855571564
295.88 0.000545124126842
295.89 0.000543401701216
295.9 0.000541688227542
295.91 0.00053998363933
295.92 0.00053828787074
295.93 0.000536600856572
295.94 0.00053492253226
295.95 0.000533252833864
295.96 0.00053159169806
295.97 0.000529939062135
295.98 0.000528294863981
295.99 0.000526659042084
296.0 0.000525031535519
296.01 0.000523412283945
296.02 0.000521801227593
296.03 0.000520198307265
296.04 0.000518603464321
296.05 0.000517016640679
296.06 0.000515437778804
296.07 0.000513866821703
296.08 0.000512303712919
296.09 0.000510748396523
296.1 0.000509200817109
296.11 0.000507660919791
296.12 0.00050612865019
296.13 0.000504603954436
296.14 0.000503086779154
296.15 0.000501577071467
296.16 0.000500074778982
296.17 0.000498579849791
296.18 0.000497092232462
296.19 0.000495611876034
296.2 0.000494138730012
296.21 0.000492672744361
296.22 0.000491213869503
296.23 0.000489762056309
296.24 0.000488317256096
296.25 0.00048687942062
296.26 0.000485448502075
296.27 0.000484024453082
296.28 0.00048260722669
296.29 0.000481196776367
296.3 0.000479793055999
296.31 0.000478396019882
296.32 0.000477005622719
296.33 0.000475621819617
296.34 0.00047424456608
296.35 0.000472873818004
296.36 0.000471509531678
296.37 0.000470151663773
296.38 0.000468800171341
296.39 0.000467455011813
296.4 0.00046611614299
296.41 0.000464783523043
296.42 0.000463457110506
296.43 0.000462136864276
296.44 0.000460822743604
296.45 0.000459514708097
296.46 0.000458212717707
296.47 0.000456916732735
296.48 0.000455626713822
296.49 0.000454342621946
296.5 0.000453064418421
296.51 0.000451792064892
296.52 0.000450525523329
296.53 0.000449264756028
296.54 0.000448009725606
296.55 0.000446760394993
296.56 0.000445516727437
296.57 0.000444278686495
296.58 0.000443046236031
296.59 0.000441819340212
296.6 0.000440597963506
296.61 0.000439382070681
296.62 0.000438171626796
296.63 0.000436966597204
296.64 0.000435766947546
296.65 0.000434572643747
296.66 0.000433383652016
296.67 0.000432199938841
296.68 0.000431021470987
296.69 0.000429848215493
296.7 0.00042868013967
296.71 0.000427517211094
296.72 0.00042635939761
296.73 0.000425206667324
296.74 0.000424058988605
296.75 0.000422916330076
296.76 0.000421778660616
296.77 0.000420645949358
296.78 0.000419518165685
296.79 0.000418395279224
296.8 0.00041727725985
296.81 0.00041616407768
296.82 0.00041505570307
296.83 0.000413952106615
296.84 0.000412853259145
296.85 0.00041175913172
296.86 0.000410669695636
296.87 0.000409584922412
296.88 0.000408504783798
296.89 0.000407429251763
296.9 0.000406358298501
296.91 0.000405291896425
296.92 0.000404230018164
296.93 0.000403172636564
296.94 0.000402119724683
296.95 0.00040107125579
296.96 0.000400027203362
296.97 0.000398987541087
296.98 0.000397952242853
296.99 0.000396921282753
297.0 0.000395894635083
297.01 0.000394872274335
297.02 0.000393854175199
297.03 0.000392840312562
297.04 0.000391830661502
297.05 0.000390825197291
297.06 0.000389823895388
297.07 0.000388826731442
297.08 0.000387833681288
297.09 0.000386844720945
297.1 0.000385859826614
297.11 0.000384878974677
297.12 0.000383902141697
297.13 0.000382929304412
297.14 0.000381960439738
297.15 0.000380995524764
297.16 0.000380034536753
297.17 0.000379077453136
297.18 0.000378124251516
297.19 0.000377174909663
297.2 0.000376229405514
297.21 0.000375287717169
297.22 0.000374349822893
297.23 0.000373415701112
297.24 0.000372485330411
297.25 0.000371558689535
297.26 0.000370635757386
297.27 0.000369716513023
297.28 0.000368800935656
297.29 0.000367889004652
297.3 0.000366980699527
297.31 0.000366075999947
297.32 0.000365174885729
297.33 0.000364277336836
297.34 0.000363383333377
297.35 0.000362492855606
297.36 0.000361605883921
297.37 0.000360722398861
297.38 0.000359842381109
297.39 0.000358965811483
297.4 0.000358092670943
297.41 0.000357222940585
297.42 0.000356356601642
297.43 0.00035549363548
297.44 0.000354634023598
297.45 0.000353777747632
297.46 0.000352924789343
297.47 0.000352075130626
297.48 0.000351228753504
297.49 0.000350385640127
297.5 0.000349545772773
297.51 0.000348709133845
297.52 0.000347875705869
297.53 0.000347045471496
297.54 0.000346218413498
297.55 0.00034539451477
297.56 0.000344573758326
297.57 0.000343756127298
297.58 0.000342941604937
297.59 0.000342130174613
297.6 0.000341321819808
297.61 0.000340516524121
297.62 0.000339714271267
297.63 0.000338915045071
297.64 0.000338118829471
297.65 0.000337325608516
297.66 0.000336535366367
297.67 0.00033574808729
297.68 0.000334963755665
297.69 0.000334182355973
297.7 0.000333403872807
297.71 0.000332628290862
297.72 0.00033185559494
297.73 0.000331085769944
297.74 0.000330318800882
297.75 0.000329554672863
297.76 0.000328793371099
297.77 0.0003280348809
297.78 0.000327279187675
297.79 0.000326526276935
297.8 0.000325776134286
297.81 0.00032502874543
297.82 0.00032428409617
297.83 0.000323542172398
297.84 0.000322802960106
297.85 0.000322066445376
297.86 0.000321332614385
297.87 0.000320601453403
297.88 0.000319872948789
297.89 0.000319147086993
297.9 0.000318423854558
297.91 0.000317703238114
297.92 0.000316985224378
297.93 0.000316269800157
297.94 0.000315556952346
297.95 0.000314846667923
297.96 0.000314138933955
297.97 0.000313433737591
297.98 0.000312731066067
297.99 0.0003120309067
298.0 0.000311333246893
298.01 0.000310638074127
298.02 0.000309945375969
298.03 0.000309255140063
298.04 0.000308567354137
298.05 0.000307882005996
298.06 0.000307199083524
298.07 0.000306518574684
298.08 0.000305840467518
298.09 0.000305164750142
298.1 0.000304491410752
298.11 0.000303820437617
298.12 0.000303151819083
298.13 0.00030248554357
298.14 0.000301821599571
298.15 0.000301159975655
298.16 0.000300500660462
298.17 0.000299843642704
298.18 0.000299188911167
298.19 0.000298536454706
298.2 0.000297886262248
298.21 0.000297238322788
298.22 0.000296592625393
298.23 0.000295949159199
298.24 0.000295307913408
298.25 0.000294668877291
298.26 0.000294032040188
298.27 0.000293397391505
298.28 0.000292764920712
298.29 0.000292134617349
298.3 0.000291506471017
298.31 0.000290880471386
298.32 0.000290256608186
298.33 0.000289634871215
298.34 0.000289015250332
298.35 0.000288397735458
298.36 0.000287782316579
298.37 0.000287168983741
298.38 0.000286557727052
298.39 0.000285948536681
298.4 0.000285341402857
298.41 0.00028473631587
298.42 0.000284133266067
298.43 0.000283532243859
298.44 0.00028293323971
298.45 0.000282336244146
298.46 0.00028174124775
298.47 0.000281148241162
298.48 0.000280557215079
298.49 0.000279968160254
298.5 0.000279381067496
298.51 0.000278795927672
298.52 0.0002782127317
298.53 0.000277631470558
298.54 0.000277052135273
298.55 0.000276474716929
298.56 0.000275899206665
298.57 0.000275325595669
298.58 0.000274753875186
298.59 0.000274184036511
298.6 0.000273616070991
298.61 0.000273049970027
298.62 0.000272485725067
298.63 0.000271923327615
298.64 0.000271362769221
298.65 0.000270804041487
298.66 0.000270247136066
298.67 0.000269692044659
298.68 0.000269138759016
298.69 0.000268587270936
298.7 0.000268037572266
298.71 0.000267489654902
298.72 0.000266943510786
298.73 0.000266399131908
298.74 0.000265856510306
298.75 0.000265315638064
298.76 0.00026477650731
298.77 0.000264239110222
298.78 0.00026370343902
298.79 0.000263169485972
298.8 0.000262637243389
298.81 0.000262106703627
298.82 0.000261577859088
298.83 0.000261050702215
298.84 0.000260525225497
298.85 0.000260001421465
298.86 0.000259479282695
298.87 0.000258958801804
298.88 0.000258439971451
298.89 0.000257922784338
298.9 0.00025740723321
298.91 0.000256893310852
298.92 0.00025638101009
298.93 0.000255870323791
298.94 0.000255361244866
298.95 0.00025485376626
298.96 0.000254347880965
298.97 0.000253843582007
298.98 0.000253340862456
298.99 0.000252839715418
299.0 0.000252340134039
299.01 0.000251842111506
299.02 0.000251345641041
299.03 0.000250850715906
299.04 0.0002503573294
299.05 0.000249865474861
299.06 0.000249375145663
299.07 0.000248886335218
299.08 0.000248399036975
299.09 0.000247913244418
299.1 0.00024742895107
299.11 0.000246946150488
299.12 0.000246464836265
299.13 0.000245985002031
299.14 0.00024550664145
299.15 0.000245029748221
299.16 0.00024455431608
299.17 0.000244080338796
299.18 0.000243607810171
299.19 0.000243136724044
299.2 0.000242667074287
299.21 0.000242198854805
299.22 0.000241732059536
299.23 0.000241266682454
299.24 0.000240802717562
299.25 0.0002403401589
299.26 0.000239879000538
299.27 0.000239419236579
299.28 0.000238960861157
299.29 0.000238503868441
299.3 0.000238048252628
299.31 0.000237594007949
299.32 0.000237141128666
299.33 0.000236689609071
299.34 0.000236239443488
299.35 0.000235790626271
299.36 0.000235343151805
299.37 0.000234897014504
299.38 0.000234452208814
299.39 0.000234008729209
299.4 0.000233566570195
299.41 0.000233125726304
299.42 0.000232686192101
299.43 0.000232247962177
299.44 0.000231811031154
299.45 0.000231375393682
299.46 0.00023094104444
299.47 0.000230507978133
299.48 0.000230076189497
299.49 0.000229645673296
299.5 0.000229216424318
299.51 0.000228788437383
299.52 0.000228361707337
299.53 0.000227936229051
299.54 0.000227511997427
299.55 0.00022708900739
299.56 0.000226667253895
299.57 0.000226246731921
299.58 0.000225827436475
299.59 0.000225409362588
299.6 0.00022499250532
299.61 0.000224576859756
299.62 0.000224162421004
299.63 0.000223749184201
299.64 0.000223337144508
299.65 0.000222926297111
299.66 0.00022251663722
299.67 0.000222108160073
299.68 0.000221700860929
299.69 0.000221294735074
299.7 0.000220889777818
299.71 0.000220485984494
299.72 0.00022008335046
299.73 0.000219681871099
299.74 0.000219281541815
299.75 0.00021888235804
299.76 0.000218484315224
299.77 0.000218087408844
299.78 0.0002176916344
299.79 0.000217296987413
299.8 0.000216903463429
299.81 0.000216511058016
299.82 0.000216119766765
299.83 0.000215729585288
299.84 0.000215340509221
299.85 0.000214952534221
299.86 0.000214565655967
299.87 0.000214179870162
299.88 0.000213795172528
299.89 0.00021341155881
299.9 0.000213029024775
299.91 0.000212647566209
299.92 0.000212267178923
299.93 0.000211887858746
299.94 0.000211509601528
299.95 0.000211132403143
299.96 0.000210756259481
299.97 0.000210381166457
299.98 0.000210007120003
299.99 0.000209634116074
