281.3101 0.0
281.3112 0.017051
281.3732 0.0
281.3762 0.064659
282.0580 0.0
283.4207 0.0
285.1409 0.009376
285.8368 0.0
285.8403 0.046746
286.0318 0.0
286.0338 0.035498
286.2004 0.010023
286.2870 0.0
286.3529 0.046506
287.5658 0.0
287.5682 0.053049
287.6111 0.0
287.6132 0.032909
287.6575 0.04819
287.6721 0.0
288.3783 0.0001
289.2490 0.00021
289.6439 0.044258
289.6813 0.00749
290.1802 0.000829
290.1813 0.000745
290.2139 0.001618
290.2141 4.7e-05
290.5261 0.002173
290.6481 0.013442
290.6507 0.007565
290.7374 0.003004
290.7460 0.023618
290.7492 0.00374
291.0630 1e-06
291.2376 0.0
291.3229 0.001146
291.5570 0.002373
291.6528 0.003294
291.8297 0.005742
