281.1901 0.0
281.1912 0.021219
281.2750 0.0
281.2777 0.0605
281.9169 0.0
283.4046 0.0
285.1147 0.007565
285.8785 0.0
285.8813 0.045096
286.0133 0.014688
286.1453 0.0
286.1474 0.029022
286.2025 0.049398
286.3942 0.0
287.5321 0.0
287.5335 0.058897
287.5636 0.032132
287.6848 0.0
287.6869 0.045297
287.8670 0.0
289.1768 0.000106
289.2724 0.000161
289.6905 0.008267
290.2112 0.000747
290.2119 0.000355
290.2510 0.001292
290.2512 0.000132
290.4134 0.037743
290.5341 0.001957
290.7230 0.005264
290.7252 0.00738
290.7280 0.009819
290.7840 0.027199
290.7873 0.001991
291.0408 1.7e-05
291.1935 3e-06
291.3810 0.003091
291.6379 0.005552
291.6773 0.003535
291.8448 0.007161
