275.0 0.0
275.01 0.0
275.02 0.0
275.03 0.0
275.04 0.0
275.05 0.0
275.06 0.0
275.07 0.0
275.08 0.0
275.09 0.0
275.1 0.0
275.11 0.0
275.12 0.0
275.13 0.0
275.14 0.0
275.15 0.0
275.16 0.0
275.17 0.0
275.18 0.0
275.19 0.0
275.2 0.0
275.21 0.0
275.22 0.0
275.23 0.0
275.24 0.0
275.25 0.0
275.26 0.0
275.27 0.0
275.28 0.0
275.29 0.0
275.3 0.0
275.31 0.0
275.32 0.0
275.33 0.0
275.34 0.0
275.35 0.0
275.36 0.0
275.37 0.0
275.38 0.0
275.39 0.0
275.4 0.0
275.41 0.0
275.42 0.0
275.43 0.0
275.44 0.0
275.45 0.0
275.46 0.0
275.47 0.0
275.48 0.0
275.49 0.0
275.5 0.0
275.51 0.0
275.52 0.0
275.53 0.0
275.54 0.0
275.55 0.0
275.56 0.0
275.57 0.0
275.58 0.0
275.59 0.0
275.6 0.0
275.61 0.0
275.62 0.0
275.63 0.0
275.64 0.0
275.65 0.0
275.66 0.0
275.67 0.0
275.68 0.0
275.69 0.0
275.7 0.0
275.71 0.0
275.72 0.0
275.73 0.0
275.74 0.0
275.75 0.0
275.76 0.0
275.77 0.0
275.78 0.0
275.79 0.0
275.8 0.0
275.81 0.0
275.82 0.0
275.83 0.0
275.84 0.0
275.85 0.0
275.86 0.0
275.87 0.0
275.88 0.0
275.89 0.0
275.9 0.0
275.91 0.0
275.92 0.0
275.93 0.0
275.94 0.0
275.95 0.0
275.96 0.0
275.97 0.0
275.98 0.0
275.99 0.0
276.0 0.0
276.01 0.0
276.02 0.0
276.03 0.0
276.04 0.0
276.05 0.0
276.06 0.0
276.07 0.0
276.08 0.0
276.09 0.0
276.1 0.0
276.11 0.0
276.12 0.0
276.13 0.0
276.14 0.0
276.15 0.0
276.16 0.0
276.17 0.0
276.18 0.0
276.19 0.0
276.2 0.0
276.21 0.0
276.22 0.0
276.23 0.0
276.24 0.0
276.25 0.0
276.26 0.0
276.27 0.0
276.28 0.0
276.29 0.0
276.3 0.0
276.31 0.0
276.32 0.0
276.33 0.0
276.34 0.0
276.35 0.0
276.36 0.0
276.37 0.0
276.38 0.0
276.39 0.0
276.4 0.0
276.41 0.0
276.42 0.0
276.43 0.0
276.44 0.0
276.45 0.0
276.46 0.0
276.47 0.0
276.48 0.0
276.49 0.0
276.5 0.0
276.51 0.0
276.52 0.0
276.53 0.0
276.54 0.0
276.55 0.0
276.56 0.0
276.57 0.0
276.58 0.0
276.59 0.0
276.6 0.0
276.61 0.0
276.62 0.0
276.63 0.0
276.64 0.0
276.65 0.0
276.66 0.0
276.67 0.0
276.68 0.0
276.69 0.0
276.7 0.0
276.71 0.0
276.72 0.0
276.73 0.0
276.74 0.0
276.75 0.0
276.76 0.0
276.77 0.0
276.78 0.0
276.79 0.0
276.8 0.0
276.81 0.0
276.82 0.0
276.83 0.0
276.84 0.0
276.85 0.0
276.86 0.0
276.87 0.0
276.88 0.0
276.89 0.0
276.9 0.0
276.91 0.0
276.92 0.0
276.93 0.0
276.94 0.0
276.95 0.0
276.96 0.0
276.97 0.0
276.98 0.0
276.99 0.0
277.0 0.0
277.01 0.0
277.02 0.0
277.03 0.0
277.04 0.0
277.05 0.0
277.06 0.0
277.07 0.0
277.08 0.0
277.09 0.0
277.1 0.0
277.11 0.0
277.12 0.0
277.13 0.0
277.14 0.0
277.15 0.0
277.16 0.0
277.17 0.0
277.18 0.0
277.19 0.0
277.2 0.0
277.21 0.0
277.22 0.0
277.23 0.0
277.24 0.0
277.25 0.0
277.26 0.0
277.27 0.0
277.28 0.0
277.29 0.0
277.3 0.0
277.31 0.0
277.32 0.0
277.33 0.0
277.34 0.0
277.35 0.0
277.36 0.0
277.37 0.0
277.38 0.0
277.39 0.0
277.4 0.0
277.41 0.0
277.42 0.0
277.43 0.0
277.44 0.0
277.45 0.0
277.46 0.0
277.47 0.0
277.48 0.0
277.49 0.0
277.5 0.0
277.51 0.0
277.52 0.0
277.53 0.0
277.54 0.0
277.55 0.0
277.56 0.0
277.57 0.0
277.58 0.0
277.59 0.0
277.6 0.0
277.61 0.0
277.62 0.0
277.63 0.0
277.64 0.0
277.65 0.0
277.66 0.0
277.67 0.0
277.68 0.0
277.69 0.0
277.7 0.0
277.71 0.0
277.72 0.0
277.73 0.0
277.74 0.0
277.75 0.0
277.76 0.0
277.77 0.0
277.78 0.0
277.79 0.0
277.8 0.0
277.81 0.0
277.82 0.0
277.83 0.0
277.84 0.0
277.85 0.0
277.86 0.0
277.87 0.0
277.88 0.0
277.89 0.0
277.9 0.0
277.91 0.0
277.92 0.0
277.93 0.0
277.94 0.0
277.95 0.0
277.96 0.0
277.97 0.0
277.98 0.0
277.99 0.0
278.0 0.0
278.01 0.0
278.02 0.0
278.03 0.0
278.04 0.0
278.05 0.0
278.06 0.0
278.07 0.0
278.08 0.0
278.09 0.0
278.1 0.0
278.11 0.0
278.12 9.88131291682e-324
278.13 5.43472210425e-323
278.14 3.80430547298e-322
278.15 2.51479413733e-321
278.16 1.64622673194e-320
278.17 1.07582794382e-319
278.18 7.01306421646e-319
278.19 4.56069527348e-318
278.2 2.95878079525e-317
278.21 1.91492215954e-316
278.22 1.23636420006e-315
278.23 7.96340224312e-315
278.24 5.11691061723e-314
278.25 3.28000083953e-313
278.26 2.09747612566e-312
278.27 1.33806449042e-311
278.28 8.51557569317e-311
278.29 5.40639697386e-310
278.3 3.42419744916e-309
278.31 2.16354841768e-308
278.32 1.363739406e-307
278.33 8.57537486349e-307
278.34 5.37937464238e-306
278.35 3.36641321835e-305
278.36 2.1016481537e-304
278.37 1.30890930109e-303
278.38 8.13234985624e-303
278.39 5.04056838962e-302
278.4 3.11673535686e-301
278.41 1.92254849423e-300
278.42 1.18307326099e-299
278.43 7.26278077702e-299
278.44 4.44786086824e-298
278.45 2.71741779338e-297
278.46 1.65622219095e-296
278.47 1.00701919317e-295
278.48 6.10820862543e-295
278.49 3.69612748128e-294
278.5 2.23119222861e-293
278.51 1.34364333753e-292
278.52 8.07212699799e-292
278.53 4.83781145345e-291
278.54 2.89245666474e-290
278.55 1.72520915755e-289
278.56 1.02653466702e-288
278.57 6.09343887633e-288
278.58 3.60834680176e-287
278.59 2.13162624257e-286
278.6 1.25623480168e-285
278.61 7.38563021018e-285
278.62 4.33172896517e-284
278.63 2.53449809506e-283
278.64 1.47937965604e-282
278.65 8.61438534393e-282
278.66 5.00409940924e-281
278.67 2.8999101623e-280
278.68 1.67648681318e-279
278.69 9.66880325296e-279
278.7 5.56291326547e-278
278.71 3.1929258987e-277
278.72 1.82823650603e-276
278.73 1.04431832983e-275
278.74 5.95100633974e-275
278.75 3.38302271613e-274
278.76 1.91856450252e-273
278.77 1.08543766204e-272
278.78 6.12618855692e-272
278.79 3.44931475071e-271
278.8 1.93745794809e-270
278.81 1.08564725581e-269
278.82 6.06879109654e-269
278.83 3.38432945535e-268
278.84 1.88278216931e-267
278.85 1.04492355148e-266
278.86 5.78530098118e-266
278.87 3.19539387594e-265
278.88 1.76067760402e-264
278.89 9.67814854342e-264
278.9 5.30715449004e-263
278.91 2.90327504054e-262
278.92 1.58442481585e-261
278.93 8.62605250218e-261
278.94 4.68499967683e-260
278.95 2.53842327524e-259
278.96 1.37206765365e-258
278.97 7.39850583364e-258
278.98 3.97987586114e-257
278.99 2.13575800613e-256
279.0 1.14338258439e-255
279.01 6.10644031368e-255
279.02 3.25343155731e-254
279.03 1.72922795971e-253
279.04 9.16895496945e-253
279.05 4.85003026218e-252
279.06 2.5593287528e-251
279.07 1.34730128167e-250
279.08 7.07555303925e-250
279.09 3.70691886527e-249
279.1 1.93741560349e-248
279.11 1.01015851619e-247
279.12 5.25428094665e-247
279.13 2.72642828106e-246
279.14 1.4113407856e-245
279.15 7.28830828349e-245
279.16 3.75472907324e-244
279.17 1.92968982416e-243
279.18 9.89357929799e-243
279.19 5.06030161715e-242
279.2 2.58200097123e-241
279.21 1.31429674801e-240
279.22 6.67401995259e-240
279.23 3.38094888142e-239
279.24 1.70862495748e-238
279.25 8.61413999443e-238
279.26 4.33245584211e-237
279.27 2.17376907026e-236
279.28 1.08805213871e-235
279.29 5.43304186707e-235
279.3 2.70640907135e-234
279.31 1.34493369501e-233
279.32 6.66753576809e-233
279.33 3.29751577093e-232
279.34 1.62691722329e-231
279.35 8.0075762311e-231
279.36 3.93182117545e-230
279.37 1.9259432433e-229
279.38 9.41131402172e-229
279.39 4.58790163918e-228
279.4 2.23118194733e-227
279.41 1.08246268084e-226
279.42 5.23899440797e-226
279.43 2.52953093929e-225
279.44 1.21839782808e-224
279.45 5.85457396727e-224
279.46 2.80645795549e-223
279.47 1.34208136544e-222
279.48 6.40259773247e-222
279.49 3.04712767775e-221
279.5 1.44671223374e-220
279.51 6.8522109353e-220
279.52 3.2376981871e-219
279.53 1.52615649943e-218
279.54 7.1766018081e-218
279.55 3.36663242694e-217
279.56 1.57554070427e-216
279.57 7.35564274595e-216
279.58 3.42585284426e-215
279.59 1.59174633082e-214
279.6 7.37795647832e-214
279.61 3.41157874662e-213
279.62 1.57373568266e-212
279.63 7.24211248261e-212
279.64 3.32472571813e-211
279.65 1.52266184134e-210
279.66 6.95677874574e-210
279.67 3.17080843653e-209
279.68 1.44174650384e-208
279.69 6.53980649335e-208
279.7 2.95936123013e-207
279.71 1.33594369144e-206
279.72 6.01638223355e-206
279.73 2.70296100976e-205
279.74 1.21143812605e-204
279.75 5.4165130131e-204
279.76 2.41599172416e-203
279.77 1.07504883552e-202
279.78 4.77219349661e-202
279.79 2.11331870958e-201
279.8 9.33617652382e-201
279.81 4.11462457524e-200
279.82 1.80904130311e-199
279.83 7.93457841648e-199
279.84 3.47181311181e-198
279.85 1.51546507135e-197
279.86 6.59922041801e-197
279.87 2.86679375557e-196
279.88 1.24238837486e-195
279.89 5.37125069876e-195
279.9 2.316597502e-194
279.91 9.96742236969e-194
279.92 4.27831009229e-193
279.93 1.83197176814e-192
279.94 7.82568595893e-192
279.95 3.33490278337e-191
279.96 1.41775459965e-190
279.97 6.01279057257e-190
279.98 2.54394792619e-189
279.99 1.07373592868e-188
280.0 4.52109761112e-188
280.01 1.89909816042e-187
280.02 7.9580758701e-187
280.03 3.32679370898e-186
280.04 1.38739716694e-185
280.05 5.77208704832e-185
280.06 2.39564288579e-184
280.07 9.91901223117e-184
280.08 4.09705612854e-183
280.09 1.68823361816e-182
280.1 6.93985375794e-182
280.11 2.84593671695e-181
280.12 1.16427964737e-180
280.13 4.75167272843e-180
280.14 1.9346075845e-179
280.15 7.8577173446e-179
280.16 3.18388279105e-178
280.17 1.28698917774e-177
280.18 5.18979106509e-177
280.19 2.08776691145e-176
280.2 8.3785970637e-176
280.21 3.35442248345e-175
280.22 1.33974263146e-174
280.23 5.3380440967e-174
280.24 2.12177878046e-173
280.25 8.4134712052e-173
280.26 3.32818524878e-172
280.27 1.31339978041e-171
280.28 5.17063114883e-171
280.29 2.03070739007e-170
280.3 7.95624804662e-170
280.31 3.10975700617e-169
280.32 1.21255590958e-168
280.33 4.71665671476e-168
280.34 1.83030701927e-167
280.35 7.0855049124e-167
280.36 2.73637015531e-166
280.37 1.05423170157e-165
280.38 4.05186050022e-165
280.39 1.55356735247e-164
280.4 5.94241361795e-164
280.41 2.26752905138e-163
280.42 8.63177349504e-163
280.43 3.27796570802e-162
280.44 1.24184093847e-161
280.45 4.69336939934e-161
280.46 1.76954129418e-160
280.47 6.65570198173e-160
280.48 2.49737773983e-159
280.49 9.34828210735e-159
280.5 3.4908934204e-158
280.51 1.30046472842e-157
280.52 4.83301090851e-157
280.53 1.79181919478e-156
280.54 6.62716535932e-156
280.55 2.44522397086e-155
280.56 9.00050129528e-155
280.57 3.30500386226e-154
280.58 1.21069420635e-153
280.59 4.42439791418e-153
280.6 1.6129879294e-152
280.61 5.8663136776e-152
280.62 2.12841677303e-151
280.63 7.70380520959e-151
280.64 2.78170546951e-150
280.65 1.00201501283e-149
280.66 3.60076308035e-149
280.67 1.29083907043e-148
280.68 4.61643680733e-148
280.69 1.64702020977e-147
280.7 5.86203224886e-147
280.71 2.0813960314e-146
280.72 7.37256290322e-146
280.73 2.60519057739e-145
280.74 9.18370151904e-145
280.75 3.22963373651e-144
280.76 1.13304207923e-143
280.77 3.96548270749e-143
280.78 1.38453308679e-142
280.79 4.82245158402e-142
280.8 1.67567455346e-141
280.81 5.8085634264e-141
280.82 2.00865366879e-140
280.83 6.92944824789e-140
280.84 2.38478657296e-139
280.85 8.18761948702e-139
280.86 2.80429086376e-138
280.87 9.58176991776e-138
280.88 3.26607156227e-137
280.89 1.11061346216e-136
280.9 3.76753635462e-136
280.91 1.27499726511e-135
280.92 4.30445666555e-135
280.93 1.44972194869e-134
280.94 4.8708906264e-134
280.95 1.63263586653e-133
280.96 5.45918211136e-133
280.97 1.82105526948e-132
280.98 6.06004668489e-132
280.99 2.01180606456e-131
281.0 6.66275062202e-131
281.01 2.20129531152e-130
281.02 7.25538337406e-130
281.03 2.38561156429e-129
281.04 7.8252173377e-129
281.05 2.56065104772e-128
281.06 8.35914205045e-128
281.07 2.72226456317e-127
281.08 8.84415355795e-127
281.09 2.86641812788e-126
281.1 9.26787428073e-126
281.11 2.98935885969e-125
281.12 9.61907481011e-125
281.13 3.08777668282e-124
281.14 9.888167138e-124
281.15 3.15895217244e-123
281.16 1.00676391676e-122
281.17 3.20088133712e-122
281.18 1.01524030494e-121
281.19 3.21236935234e-121
281.2 1.01400348057e-120
281.21 3.19308712703e-120
281.22 1.00308894934e-119
281.23 3.1435869658e-119
281.24 9.82808427155e-119
281.25 3.06527628664e-118
281.26 9.53735049699e-118
281.27 2.96035113939e-117
281.28 9.1667646456e-117
281.29 2.83169390756e-116
281.3 8.72637568556e-116
281.31 2.68274184289e-115
281.32 8.2277528881e-115
281.33 2.51733479475e-114
281.34 7.68348243728e-114
281.35 2.33955152882e-113
281.36 7.10664330092e-113
281.37 2.15354431936e-112
281.38 6.51029257192e-112
281.39 1.96338106112e-111
281.4 5.90698802673e-111
281.41 1.7729030548e-110
281.42 5.3083713141e-110
281.43 1.58560500987e-109
281.44 4.72482946939e-109
281.45 1.40454184881e-108
281.46 4.16524592527e-108
281.47 1.23226477728e-107
281.48 3.63684545807e-107
281.49 1.07078699248e-106
281.5 3.14513113758e-106
281.51 9.21577501841e-106
281.52 2.69390581046e-105
281.53 7.85579950001e-105
281.54 2.28536629426e-104
281.55 6.63252189e-104
281.56 1.92025549309e-103
281.57 5.54621618023e-103
281.58 1.59805612245e-102
281.59 4.59351057881e-102
281.6 1.3172095704e-101
281.61 3.76810069938e-101
281.62 1.07534443783e-100
281.63 3.06147106264e-100
281.64 8.69501230555e-100
281.65 2.46358597515e-99
281.66 6.96342221198e-99
281.67 1.96351950938e-98
281.68 5.52338356523e-98
281.69 1.55000350377e-97
281.7 4.33927979223e-97
281.71 1.21188142513e-96
281.72 3.37644833528e-96
281.73 9.38463955532e-96
281.74 2.6021516146e-95
281.75 7.19788847295e-95
281.76 1.98625566498e-94
281.77 5.46792700022e-94
281.78 1.50164679695e-93
281.79 4.11405801182e-93
281.8 1.12442518277e-92
281.81 3.06583130652e-92
281.82 8.33918269829e-92
281.83 2.26285262147e-91
281.84 6.12557132703e-91
281.85 1.65422464949e-90
281.86 4.45656180396e-90
281.87 1.19774107332e-89
281.88 3.21131952061e-89
281.89 8.58937704776e-89
281.9 2.29190911299e-88
281.91 6.10085489531e-88
281.92 1.62009911425e-87
281.93 4.29190462425e-87
281.94 1.13426918494e-86
281.95 2.9904724288e-86
281.96 7.86540471472e-86
281.97 2.06376362061e-85
281.98 5.4020231689e-85
281.99 1.41062166166e-84
282.0 3.67470326829e-84
282.01 9.5497417707e-84
282.02 2.47581740221e-83
282.03 6.40329085948e-83
282.04 1.65213483269e-82
282.05 4.252510465e-82
282.06 1.09195048204e-81
282.07 2.7971654332e-81
282.08 7.14810660922e-81
282.09 1.82230704739e-80
282.1 4.63457333649e-80
282.11 1.17586005799e-79
282.12 2.97618003419e-79
282.13 7.5148522382e-79
282.14 1.89295105156e-78
282.15 4.7568123503e-78
282.16 1.19247795041e-77
282.17 2.98223871293e-77
282.18 7.44032940436e-77
282.19 1.85182372002e-76
282.2 4.59795638219e-76
282.21 1.13890574172e-75
282.22 2.8142874536e-75
282.23 6.93756187239e-75
282.24 1.70609430349e-74
282.25 4.18559256769e-74
282.26 1.02439778372e-73
282.27 2.50114042876e-73
282.28 6.0920757608e-73
282.29 1.48030189264e-72
282.3 3.58833580976e-72
282.31 8.67748069719e-72
282.32 2.09339909578e-71
282.33 5.03811659144e-71
282.34 1.20960119494e-70
282.35 2.89717026737e-70
282.36 6.92251104787e-70
282.37 1.6501032817e-69
282.38 3.92388651095e-69
282.39 9.3084976703e-69
282.4 2.20292952893e-68
282.41 5.20091163715e-68
282.42 1.22494394161e-67
282.43 2.87813279654e-67
282.44 6.7462638925e-67
282.45 1.57751578223e-66
282.46 3.67995068039e-66
282.47 8.56383298975e-66
282.48 1.98816440225e-65
282.49 4.60462555256e-65
282.5 1.06388399163e-64
282.51 2.45217898468e-64
282.52 5.63855737163e-64
282.53 1.29342661968e-63
282.54 2.9598762086e-63
282.55 6.75714551097e-63
282.56 1.53890203372e-62
282.57 3.49636418893e-62
282.58 7.92465472807e-62
282.59 1.79185160653e-61
282.6 4.04186445628e-61
282.61 9.09535120278e-61
282.62 2.04180956222e-60
282.63 4.57266130706e-60
282.64 1.0216000061e-59
282.65 2.27693587112e-59
282.66 5.06266022344e-59
282.67 1.12296143628e-58
282.68 2.48490043966e-58
282.69 5.48543713909e-58
282.7 1.20801298173e-57
282.71 2.65393376289e-57
282.72 5.81656635947e-57
282.73 1.27174908799e-56
282.74 2.77392256241e-56
282.75 6.03594664744e-56
282.76 1.3102513733e-55
282.77 2.83740962523e-55
282.78 6.1298189243e-55
282.79 1.32108712054e-54
282.8 2.84036065383e-54
282.81 6.09219428808e-54
282.82 1.30356365014e-53
282.83 2.78258852189e-53
282.84 5.9254863227e-53
282.85 1.25880159839e-52
282.86 2.66777291229e-52
282.87 5.64025489217e-52
282.88 1.18961632457e-51
282.89 2.50307247214e-51
282.9 5.25409922433e-51
282.91 1.10022489274e-50
282.92 2.29838631181e-50
282.93 4.78986157821e-50
282.94 9.95821020463e-50
282.95 2.06537073707e-49
282.96 4.27339627299e-49
282.97 8.82077502758e-49
282.98 1.81634678562e-48
282.99 3.73120622577e-48
283.0 7.64642109286e-48
283.01 1.56323999463e-47
283.02 3.1882444161e-47
283.03 6.48688317013e-47
283.04 1.31667648232e-46
283.05 2.66612575263e-46
283.06 5.3856824845e-46
283.07 1.08532408838e-45
283.08 2.18190950807e-45
283.09 4.37595291131e-45
283.1 8.7552222297e-45
283.11 1.74751275183e-44
283.12 3.47962301911e-44
283.13 6.91198387144e-44
283.14 1.36972042944e-43
283.15 2.70782045365e-43
283.16 5.34031072197e-43
283.17 1.05068356413e-42
283.18 2.06222533403e-42
283.19 4.0379327585e-42
283.2 7.88752686819e-42
283.21 1.53702681291e-41
283.22 2.98800195804e-41
283.23 5.79480962839e-41
283.24 1.12113096868e-40
283.25 2.16387627712e-40
283.26 4.16646197655e-40
283.27 8.0031574412e-40
283.28 1.5336076267e-39
283.29 2.93174464592e-39
283.3 5.59109697268e-39
283.31 1.06371904057e-38
283.32 2.01890501793e-38
283.33 3.82264448474e-38
283.34 7.22056232938e-38
283.35 1.36062123698e-37
283.36 2.5577765664e-37
283.37 4.79675040513e-37
283.38 8.9740982247e-37
283.39 1.67491866072e-36
283.4 3.11857255185e-36
283.41 5.79264929394e-36
283.42 1.07339086836e-35
283.43 1.98425671525e-35
283.44 3.65929268998e-35
283.45 6.73218109164e-35
283.46 1.23558836289e-34
283.47 2.26230540442e-34
283.48 4.13226425985e-34
283.49 7.52981659505e-34
283.5 1.36880062041e-33
283.51 2.4823070464e-33
283.52 4.49086857867e-33
283.53 8.10521909996e-33
283.54 1.45934766656e-32
283.55 2.62127388839e-32
283.56 4.69705546144e-32
283.57 8.39650707433e-32
283.58 1.49737763159e-31
283.59 2.66393588022e-31
283.6 4.72798366433e-31
283.61 8.37120490003e-31
283.62 1.47863102102e-30
283.63 2.60550266889e-30
283.64 4.58018617655e-30
283.65 8.03220295923e-30
283.66 1.40522601615e-29
283.67 2.45254897587e-29
283.68 4.27020995623e-29
283.69 7.41721445636e-29
283.7 1.28526459803e-28
283.71 2.22179707893e-28
283.72 3.83156687606e-28
283.73 6.59187005031e-28
283.74 1.13136075376e-27
283.75 1.93710812598e-27
283.76 3.30877271416e-27
283.77 5.63819854521e-27
283.78 9.58460434265e-27
283.79 1.62543066161e-26
283.8 2.74993975138e-26
283.81 4.64128697963e-26
283.82 7.81473433675e-26
283.83 1.31265503309e-25
283.84 2.19961985832e-25
283.85 3.67709907502e-25
283.86 6.13230503201e-25
283.87 1.02024136498e-24
283.88 1.69333509705e-24
283.89 2.80377874772e-24
283.9 4.63132715792e-24
283.91 7.63181999017e-24
283.92 1.25461870245e-23
283.93 2.05757854861e-23
283.94 3.36637244569e-23
283.95 5.49451070296e-23
283.96 8.9465800442e-23
283.97 1.45326995792e-22
283.98 2.35503195442e-22
283.99 3.80722572349e-22
284.0 6.14019001547e-22
284.01 9.87907788884e-22
284.02 1.58566876785e-21
284.03 2.5390429685e-21
284.04 4.05591828494e-21
284.05 6.46353288987e-21
284.06 1.02757233433e-20
284.07 1.6297334166e-20
284.08 2.57859134081e-20
284.09 4.07014898222e-20
284.1 6.40914334964e-20
284.11 1.00681948851e-19
284.12 1.5778483044e-19
284.13 2.46683979119e-19
284.14 3.84750120714e-19
284.15 5.98657965132e-19
284.16 9.29268050821e-19
284.17 1.43901574992e-18
284.18 2.2230664791e-18
284.19 3.42611373594e-18
284.2 5.26760968208e-18
284.21 8.07956439469e-18
284.22 1.23630298512e-17
284.23 1.88722884224e-17
284.24 2.87400125588e-17
284.25 4.36628569139e-17
284.26 6.61759549351e-17
284.27 1.00057863539e-16
284.28 1.50926410042e-16
284.29 2.27113178292e-16
284.3 3.40943624493e-16
284.31 5.10606134464e-16
284.32 7.62873921382e-16
284.33 1.1370586528e-15
284.34 1.69073831975e-15
284.35 2.50803404215e-15
284.36 3.71153905208e-15
284.37 5.47946670877e-15
284.38 8.07023677204e-15
284.39 1.18576345748e-14
284.4 1.73809586388e-14
284.41 2.54163595458e-14
284.42 3.70780596318e-14
284.43 5.39615932741e-14
284.44 7.83459808364e-14
284.45 1.13478334294e-13
284.46 1.63973450776e-13
284.47 2.36373374909e-13
284.48 3.39928904017e-13
284.49 4.87688184491e-13
284.5 6.9800905983e-13
284.51 9.96654556049e-13
284.52 1.41968864912e-12
284.53 2.0174673129e-12
284.54 2.86012447667e-12
284.55 4.04509272302e-12
284.56 5.70738586402e-12
284.57 8.03362002795e-12
284.58 1.12810812196e-11
284.59 1.58035860041e-11
284.6 2.20864610361e-11
284.61 3.07937292091e-11
284.62 4.28315899968e-11
284.63 5.94335892312e-11
284.64 8.22745786345e-11
284.65 1.13622781749e-10
284.66 1.56542154781e-10
284.67 2.15160940448e-10
284.68 2.95027089416e-10
284.69 4.03577354446e-10
284.7 5.50754705675e-10
284.71 7.49818717328e-10
284.72 1.0184062892e-09
284.73 1.37991617211e-09
284.74 1.86531110276e-09
284.75 2.51545694588e-09
284.76 3.38415033816e-09
284.77 4.5420264475e-09
284.78 6.08158843129e-09
284.79 8.12366220393e-09
284.8 1.08256568407e-08
284.81 1.4392105495e-08
284.82 1.90880778122e-08
284.83 2.52561968741e-08
284.84 3.33381668633e-08
284.85 4.39019278984e-08
284.86 5.76758088407e-08
284.87 7.55913553519e-08
284.88 9.88368783037e-08
284.89 1.28924207303e-07
284.9 1.67771657443e-07
284.91 2.17806837755e-07
284.92 2.82093661943e-07
284.93 3.64488782279e-07
284.94 4.69833673644e-07
284.95 6.04189766065e-07
284.96 7.75125381039e-07
284.97 9.92064791159e-07
284.98 1.26671151626e-06
284.99 1.6135600151e-06
285.0 2.05051225165e-06
285.01 2.59961823076e-06
285.02 3.28796252842e-06
285.03 4.14872210307e-06
285.04 5.22242427866e-06
285.05 6.55843774313e-06
285.06 8.21673370525e-06
285.07 1.02699589884e-05
285.08 1.28058677875e-05
285.09 1.59301640359e-05
285.1 1.97698117757e-05
285.11 2.44768765093e-05
285.12 3.0232966156e-05
285.13 3.72543458058e-05
285.14 4.57978058152e-05
285.15 5.61673677508e-05
285.16 6.87219170339e-05
285.17 8.38838546447e-05
285.18 0.000102148862621
285.19 0.000124096879026
285.2 0.000150404377216
285.21 0.000181858041253
285.22 0.000219369923735
285.23 0.00026399416382
285.24 0.000316945331259
285.25 0.000379618446486
285.26 0.000453610706762
285.27 0.000540744923618
285.28 0.000643094647091
285.29 0.000763010917067
285.3 0.000903150541356
285.31 0.00106650575363
285.32 0.00125643505211
285.33 0.00147669496222
285.34 0.00173147240295
285.35 0.00202541726906
285.36 0.00236367476886
285.37 0.00275191698191
285.38 0.0031963730238
285.39 0.00370385712688
285.4 0.0042817938689
285.41 0.00493823970738
285.42 0.00568189990868
285.43 0.0065221398993
285.44 0.00746899001548
285.45 0.00853314258873
285.46 0.00972594028202
285.47 0.0110593545865
285.48 0.0125459534061
285.49 0.0141988566964
285.5 0.0160316791935
285.51 0.0180584593611
285.52 0.0202935738124
285.53 0.0227516366167
285.54 0.0254473830938
285.55 0.0283955379146
285.56 0.0316106675816
285.57 0.03510701764
285.58 0.038898335277
285.59 0.0429976782954
285.6 0.0474172117919
285.61 0.0521679942291
285.62 0.0572597549519
285.63 0.0627006655584
285.64 0.0684971078863
285.65 0.0746534417036
285.66 0.0811717754952
285.67 0.0880517440009
285.68 0.0952902963729
285.69 0.102881498984
285.7 0.110816357014
285.71 0.119082658952
285.72 0.127664848116
285.73 0.136543925136
285.74 0.14569738511
285.75 0.155099192859
285.76 0.164719799251
285.77 0.174526201125
285.78 0.184482046727
285.79 0.194547787951
285.8 0.204680879954
285.81 0.214836027949
285.82 0.224965480178
285.83 0.235019365237
285.84 0.244946071084
285.85 0.254692662235
285.86 0.264205330859
285.87 0.273429876719
285.88 0.282312210231
285.89 0.290798872295
285.9 0.298837564054
285.91 0.306377679341
285.92 0.313370832294
285.93 0.319771372506
285.94 0.325536880049
285.95 0.330628632913
285.96 0.335012039632
285.97 0.338657030374
285.98 0.341538400295
285.99 0.343636099678
286.0 0.344935466198
286.01 0.345427395537
286.02 0.345108447574
286.03 0.34398088643
286.04 0.342052653705
286.05 0.339337275352
286.06 0.335853703714
286.07 0.331626097313
286.08 0.326683541958
286.09 0.321059717675
286.1 0.314792516806
286.11 0.307923619305
286.12 0.300498031909
286.13 0.292563598282
286.14 0.284170487571
286.15 0.275370669006
286.16 0.266217380172
286.17 0.256764596514
286.18 0.247066509368
286.19 0.237177019433
286.2 0.227149252143
286.21 0.217035100776
286.22 0.206884802495
286.23 0.196746551744
286.24 0.186666154665
286.25 0.17668672736
286.26 0.166848439978
286.27 0.157188307816
286.28 0.147740029755
286.29 0.13853387364
286.3 0.129596607452
286.31 0.120951474472
286.32 0.112618210047
286.33 0.104613097092
286.34 0.0969490569698
286.35 0.0896357721516
286.36 0.0826798367275
286.37 0.0760849307461
286.38 0.0698520142518
286.39 0.0639795369157
286.4 0.0584636592298
286.41 0.0532984813859
286.42 0.0484762761635
286.43 0.0439877224106
286.44 0.0398221359894
286.45 0.0359676953896
286.46 0.0324116595528
286.47 0.0291405758116
286.48 0.0261404762067
286.49 0.0233970608027
286.5 0.0208958669678
286.51 0.0186224239138
286.52 0.0165623920958
286.53 0.0147016873542
286.54 0.0130265899324
286.55 0.0115238387217
286.56 0.010180711273
286.57 0.00898509027026
286.58 0.00792551727899
286.59 0.00699123467554
286.6 0.00617221672098
286.61 0.00545919077543
286.62 0.00484364965441
286.63 0.00431785611238
286.64 0.00387484040156
286.65 0.00350839180085
286.66 0.00321304494234
286.67 0.00298406168522
286.68 0.00281740920145
286.69 0.00270973484757
286.7 0.002658338305
286.71 0.00266114138005
286.72 0.00271665576646
286.73 0.00282394899043
286.74 0.00298260868188
286.75 0.00319270524865
286.76 0.00345475297336
286.77 0.00376966950657
286.78 0.00413873369681
286.79 0.00456354167709
286.8 0.00504596112003
286.81 0.00558808357985
286.82 0.00619217485813
286.83 0.00686062336217
286.84 0.00759588646826
286.85 0.00840043495678
286.86 0.00927669565056
286.87 0.0102269924601
286.88 0.0112534861188
286.89 0.0123581129736
286.9 0.0135425232847
286.91 0.0148080195695
286.92 0.0161554956147
286.93 0.0175853768522
286.94 0.0190975628713
286.95 0.0206913728947
286.96 0.0223654950962
286.97 0.0241179406699
286.98 0.0259460035762
286.99 0.027846226886
287.0 0.0298143766204
287.01 0.031845423941
287.02 0.0339335364735
287.03 0.0360720794637
287.04 0.0382536273509
287.05 0.0404699862142
287.06 0.0427122273981
287.07 0.0449707324568
287.08 0.0472352493771
287.09 0.0494949598503
287.1 0.0517385571662
287.11 0.0539543341035
287.12 0.056130279992
287.13 0.0582541859322
287.14 0.060313756976
287.15 0.0622967299089
287.16 0.0641909951254
287.17 0.0659847209714
287.18 0.067666478829
287.19 0.0692253671577
287.2 0.070651132672
287.21 0.0719342868385
287.22 0.0730662159137
287.23 0.0740392828153
287.24 0.0748469192269
287.25 0.0754837064754
287.26 0.0759454438892
287.27 0.0762292035426
287.28 0.0763333705087
287.29 0.076257667981
287.3 0.0760031668747
287.31 0.0755722797738
287.32 0.0749687393531
287.33 0.0741975616577
287.34 0.0732649948701
287.35 0.0721784544301
287.36 0.0709464455815
287.37 0.0695784746124
287.38 0.068084950217
287.39 0.0664770765365
287.4 0.0647667395364
287.41 0.0629663884407
287.42 0.0610889139723
287.43 0.0591475251435
287.44 0.0571556262999
287.45 0.0551266960525
287.46 0.0530741696308
287.47 0.0510113260647
287.48 0.0489511814554
287.49 0.046906389432
287.5 0.0448891497082
287.51 0.0429111254707
287.52 0.0409833701359
287.53 0.0391162638238
287.54 0.0373194597091
287.55 0.0356018402347
287.56 0.0339714830077
287.57 0.0324356360463
287.58 0.0310007019185
287.59 0.0296722301974
287.6 0.0284549175731
287.61 0.0273526148877
287.62 0.026368340317
287.63 0.0255042978987
287.64 0.0247619005988
287.65 0.0241417971304
287.66 0.0236439017649
287.67 0.0232674264291
287.68 0.023010914441
287.69 0.0228722753073
287.7 0.0228488200874
287.71 0.022937296909
287.72 0.0231339263098
287.73 0.0234344361622
287.74 0.0238340960237
287.75 0.0243277508304
287.76 0.0249098539259
287.77 0.0255744994778
287.78 0.026315454388
287.79 0.0271261898478
287.8 0.0279999127172
287.81 0.0289295969308
287.82 0.0299080151409
287.83 0.030927770805
287.84 0.0319813309151
287.85 0.033061059542
287.86 0.034159252338
287.87 0.0352681721043
287.88 0.0363800854837
287.89 0.037487300794
287.9 0.0385822069618
287.91 0.0396573134684
287.92 0.0407052911606
287.93 0.0417190137346
287.94 0.0426915996447
287.95 0.0436164541495
287.96 0.0444873111653
287.97 0.0452982745626
287.98 0.0460438585171
287.99 0.046719026503
288.0 0.0473192285092
288.01 0.0478404360526
288.02 0.0482791745691
288.03 0.0486325527753
288.04 0.0488982886151
288.05 0.0490747314333
288.06 0.0491608800538
288.07 0.0491563964794
288.08 0.0490616149776
288.09 0.0488775463654
288.1 0.0486058773585
288.11 0.0482489649063
288.12 0.0478098254877
288.13 0.047292119398
288.14 0.0467001301098
288.15 0.0460387388424
288.16 0.0453133945208
288.17 0.0445300793475
288.18 0.0436952702501
288.19 0.0428158964985
288.2 0.0418992938141
288.21 0.0409531553132
288.22 0.0399854796442
288.23 0.0390045166852
288.24 0.0380187111779
288.25 0.0370366446695
288.26 0.0360669761349
288.27 0.0351183816435
288.28 0.0341994934273
288.29 0.0333188386971
288.3 0.0324847785455
288.31 0.031705447267
288.32 0.0309886924159
288.33 0.0303420159224
288.34 0.029772516583
288.35 0.0292868342426
288.36 0.0288910959933
288.37 0.0285908647214
288.38 0.0283910903453
288.39 0.0282960641033
288.4 0.0283093762629
288.41 0.0284338776417
288.42 0.028671645343
288.43 0.0290239531245
288.44 0.029491246827
288.45 0.0300731252928
288.46 0.0307683272037
288.47 0.0315747242542
288.48 0.0324893210559
288.49 0.0335082621371
288.5 0.0346268463554
288.51 0.0358395489862
288.52 0.0371400516793
288.53 0.0385212803912
288.54 0.039975451309
288.55 0.0414941246722
288.56 0.0430682662855
288.57 0.04468831639
288.58 0.046344265434
288.59 0.0480257361497
288.6 0.0497220712158
288.61 0.0514224256541
288.62 0.0531158629928
288.63 0.0547914541163
288.64 0.056438377629
288.65 0.05804602048
288.66 0.0596040775403
288.67 0.0611026487852
288.68 0.0625323327285
288.69 0.0638843147658
288.7 0.0651504491304
288.71 0.0663233332326
288.72 0.0673963732504
288.73 0.0683638399609
288.74 0.0692209139477
288.75 0.0699637194825
288.76 0.0705893465663
288.77 0.0710958608095
288.78 0.0714823010383
288.79 0.0717486647259
288.8 0.071895881558
288.81 0.0719257756513
288.82 0.0718410171388
288.83 0.0716450640212
288.84 0.0713420953492
288.85 0.0709369369442
288.86 0.0704349809839
288.87 0.0698421008702
288.88 0.0691645628554
288.89 0.0684089359348
288.9 0.0675820015105
288.91 0.0666906642988
288.92 0.065741865892
288.93 0.064742502294
288.94 0.0636993466357
288.95 0.0626189781357
288.96 0.0615077182203
288.97 0.0603715745434
288.98 0.0592161934677
288.99 0.0580468213837
289.0 0.056868275057
289.01 0.0556849210072
289.02 0.0545006637511
289.03 0.0533189425719
289.04 0.052142736332
289.05 0.050974575707
289.06 0.0498165621119
289.07 0.0486703924937
289.08 0.0475373890984
289.09 0.0464185332741
289.1 0.0453145023467
289.11 0.0442257086082
289.12 0.0431523394763
289.13 0.0420943979222
289.14 0.0410517423272
289.15 0.0400241249953
289.16 0.039011228638
289.17 0.0380127002429
289.18 0.0370281818358
289.19 0.036057337757
289.2 0.0350998781723
289.21 0.0341555786517
289.22 0.0332242957428
289.23 0.0323059785657
289.24 0.0314006765387
289.25 0.0305085434246
289.26 0.0296298379501
289.27 0.0287649213078
289.28 0.02791425189
289.29 0.027078377636
289.3 0.0262579263911
289.31 0.0254535946814
289.32 0.0246661353065
289.33 0.023896344137
289.34 0.0231450464809
289.35 0.0224130833555
289.36 0.0217012979648
289.37 0.0210105226435
289.38 0.0203415664883
289.39 0.0196952038506
289.4 0.0190721638254
289.41 0.0184731208265
289.42 0.0178986862997
289.43 0.017349401589
289.44 0.0168257319404
289.45 0.0163280615975
289.46 0.0158566899237
289.47 0.0154118284682
289.48 0.0149935988803
289.49 0.0146020315711
289.5 0.014237065021
289.51 0.0138985456334
289.52 0.0135862280413
289.53 0.0132997757874
289.54 0.0130387623064
289.55 0.012802672158
289.56 0.0125909024723
289.57 0.0124027645855
289.58 0.0122374858636
289.59 0.0120942117229
289.6 0.0119720078722
289.61 0.0118698628129
289.62 0.0117866906431
289.63 0.0117213342158
289.64 0.0116725687074
289.65 0.0116391056527
289.66 0.0116195974963
289.67 0.0116126427102
289.68 0.0116167915129
289.69 0.0116305522188
289.7 0.0116523982297
289.71 0.011680775668
289.72 0.0117141116325
289.73 0.0117508230428
289.74 0.0117893260189
289.75 0.0118280457268
289.76 0.0118654266054
289.77 0.0118999428724
289.78 0.0119301091964
289.79 0.0119544914108
289.8 0.0119717171346
289.81 0.0119804861613
289.82 0.0119795804736
289.83 0.011967873741
289.84 0.0119443401606
289.85 0.0119080625073
289.86 0.0118582392696
289.87 0.0117941907567
289.88 0.0117153640788
289.89 0.011621336916
289.9 0.0115118200125
289.91 0.0113866583491
289.92 0.0112458309678
289.93 0.0110894494453
289.94 0.01091775503
289.95 0.0107311144789
289.96 0.0105300146521
289.97 0.0103150559377
289.98 0.0100869446013
289.99 0.00984648416526
290.0 0.00959456593938
290.01 0.00933215883456
290.02 0.00906029859814
290.03 0.00878007661734
290.04 0.00849262843932
290.05 0.00819912215733
290.06 0.00790074681033
290.07 0.00759870093943
290.08 0.0072941814373
290.09 0.00698837281867
290.1 0.00668243702894
290.11 0.00637750389623
290.12 0.00607466231875
290.13 0.00577495226488
290.14 0.00547935764876
290.15 0.00518880012848
290.16 0.00490413385892
290.17 0.00462614121589
290.18 0.00435552949378
290.19 0.00409292856494
290.2 0.00383888947615
290.21 0.00359388394558
290.22 0.00335830471332
290.23 0.0031324666894
290.24 0.00291660883541
290.25 0.00271089670987
290.26 0.00251542560303
290.27 0.00233022418317
290.28 0.00215525857565
290.29 0.00199043679479
290.3 0.00183561345044
290.31 0.00169059465286
290.32 0.00155514304281
290.33 0.001428982878
290.34 0.00131180511164
290.35 0.00120327240459
290.36 0.00110302401807
290.37 0.00101068054048
290.38 0.000925848407878
290.39 0.000848124184234
290.4 0.000777098573696
290.41 0.000712360143362
290.42 0.000653498740696
290.43 0.000600108595316
290.44 0.00055179109988
290.45 0.000508157269421
290.46 0.000468829882633
290.47 0.000433445312189
290.48 0.000401655054381
290.49 0.000373126970931
290.5 0.000347546258039
290.51 0.000324616159409
290.52 0.000304058441281
290.53 0.000285613648359
290.54 0.000269041160097
290.55 0.000254119066953
290.56 0.00024064388621
290.57 0.00022843013662
290.58 0.000217309790639
290.59 0.000207131622325
290.6 0.000197760468196
290.61 0.000189076417398
290.62 0.000180973946574
290.63 0.000173361013779
290.64 0.000166158124691
290.65 0.000159297383313
290.66 0.000152721538244
290.67 0.000146383034518
290.68 0.000140243079957
290.69 0.000134270733929
290.7 0.00012844202541
290.71 0.000122739106271
290.72 0.000117149444765
290.73 0.000111665063327
290.74 0.000106281823933
290.75 0.000100998763451
290.76 9.58174806942e-05
290.77 9.07415761633e-05
290.78 8.57761447946e-05
290.79 8.0927321459e-05
290.8 7.62018783803e-05
290.81 7.1606873155e-05
290.82 6.71493456124e-05
290.83 6.28360613656e-05
290.84 5.86732995754e-05
290.85 5.46666821751e-05
290.86 5.08210415826e-05
290.87 4.71403237656e-05
290.88 4.36275234101e-05
290.89 4.02846478845e-05
290.9 3.71127066762e-05
290.91 3.41117230104e-05
290.92 3.12807644329e-05
290.93 2.86179892481e-05
290.94 2.61207058454e-05
290.95 2.37854421172e-05
290.96 2.16080223643e-05
290.97 1.95836492942e-05
290.98 1.7706988943e-05
290.99 1.59722565835e-05
291.0 1.43733019176e-05
291.01 1.29036920885e-05
291.02 1.15567912774e-05
291.03 1.03258358774e-05
291.04 9.20400444627e-06
291.05 8.18448184462e-06
291.06 7.26051714685e-06
291.07 6.4254750848e-06
291.08 5.67288093163e-06
291.09 4.9964588675e-06
291.1 4.39016398175e-06
291.11 3.84820816199e-06
291.12 3.36508019807e-06
291.13 2.93556048949e-06
291.14 2.55473079004e-06
291.15 2.21797945325e-06
291.16 1.92100265959e-06
291.17 1.65980211165e-06
291.18 1.43067967868e-06
291.19 1.23022945862e-06
291.2 1.05532770517e-06
291.21 9.03121041359e-07
291.22 7.71013350879e-07
291.23 6.56651704819e-07
291.24 5.57911646513e-07
291.25 4.72882120965e-07
291.26 3.99850299382e-07
291.27 3.37286514087e-07
291.28 2.8382948521e-07
291.29 2.38271988583e-07
291.3 1.99547084492e-07
291.31 1.6671499968e-07
291.32 1.38950730366e-07
291.33 1.15532412161e-07
291.34 9.58304835634e-08
291.35 7.92976532274e-08
291.36 6.54596672212e-08
291.37 5.39068609353e-08
291.38 4.42864709724e-08
291.39 3.62956750455e-08
291.4 2.96753224338e-08
291.41 2.42043136817e-08
291.42 1.96945857629e-08
291.43 1.59866576731e-08
291.44 1.29456911625e-08
291.45 1.04580218975e-08
291.46 8.42811758579e-09
291.47 6.77592135587e-09
291.48 5.43454083206e-09
291.49 4.34824575754e-09
291.5 3.47073960777e-09
291.51 2.76367331058e-09
291.52 2.19537188383e-09
291.53 1.73974745874e-09
291.54 1.37537473397e-09
291.55 1.08470736843e-09
291.56 8.53416145675e-10
291.57 6.69831913172e-10
291.58 5.24478306761e-10
291.59 4.09681109194e-10
291.6 3.19242763097e-10
291.61 2.48172066169e-10
291.62 1.92460426769e-10
291.63 1.48897259581e-10
291.64 1.14918163489e-10
291.65 8.84804577308e-11
291.66 6.79614687121e-11
291.67 5.20756695028e-11
291.68 3.98073877662e-11
291.69 3.0356325944e-11
291.7 2.30935897227e-11
291.71 1.75263062047e-11
291.72 1.32692401623e-11
291.73 1.00220929038e-11
291.74 7.55140049801e-12
291.75 5.67614255699e-12
291.76 4.25633492216e-12
291.77 3.18401426228e-12
291.78 2.37613397672e-12
291.79 1.76898257198e-12
291.8 1.31381100071e-12
291.81 9.73417037745e-13
291.82 7.19484931431e-13
291.83 5.30519280182e-13
291.84 3.90245002712e-13
291.85 2.86371793086e-13
291.86 2.0964274466e-13
291.87 1.53103861589e-13
291.88 1.11544757073e-13
291.89 8.10716270354e-14
291.9 5.87821309116e-14
291.91 4.25185525855e-14
291.92 3.06809164291e-14
291.93 2.20858894064e-14
291.94 1.58605472527e-14
291.95 1.13626113642e-14
291.96 8.12072580603e-15
291.97 5.78986250798e-15
291.98 4.11811399159e-15
291.99 2.92203347423e-15
292.0 2.06837232977e-15
292.01 1.46059214678e-15
292.02 1.02893019627e-15
292.03 7.23102018503e-16
292.04 5.06955623003e-16
292.05 3.54565948339e-16
292.06 2.47389244554e-16
292.07 1.72195308045e-16
292.08 1.19568979464e-16
292.09 8.28270971517e-17
292.1 5.72378179206e-17
292.11 3.94593935426e-17
292.12 2.71377884862e-17
292.13 1.86189510328e-17
292.14 1.274361598e-17
292.15 8.70135427813e-18
292.16 5.92703834054e-18
292.17 4.02759071775e-18
292.18 2.7302953882e-18
292.19 1.84642065303e-18
292.2 1.24568539493e-18
292.21 8.38383660103e-19
292.22 5.62903498443e-19
292.23 3.77035114835e-19
292.24 2.5193375583e-19
292.25 1.67937480045e-19
292.26 1.11677481841e-19
292.27 7.4086708884e-20
292.28 4.90311074212e-20
292.29 3.23712754708e-20
292.3 2.13208556672e-20
292.31 1.40089684888e-20
292.32 9.1825731385e-21
292.33 6.00453448569e-21
292.34 3.91697680908e-21
292.35 2.54905594172e-21
292.36 1.65487213202e-21
292.37 1.07178142974e-21
292.38 6.92475994909e-22
292.39 4.46333955243e-22
292.4 2.86993355136e-22
292.41 1.84094352194e-22
292.42 1.17805562736e-22
292.43 7.52051948496e-23
292.44 4.78946046841e-23
292.45 3.04286058511e-23
292.46 1.92856475644e-23
292.47 1.21939134112e-23
292.48 7.69145842922e-24
292.49 4.83983991546e-24
292.5 3.03815555643e-24
292.51 1.90259225859e-24
292.52 1.18860664477e-24
292.53 7.40776662468e-25
292.54 4.60567341664e-25
292.55 2.85664120606e-25
292.56 1.76756324858e-25
292.57 1.09106579101e-25
292.58 6.71867486533e-26
292.59 4.12736636015e-26
292.6 2.529409381e-26
292.61 1.54640034968e-26
292.62 9.43151507117e-27
292.63 5.73849088891e-27
292.64 3.48313766353e-27
292.65 2.10911515252e-27
292.66 1.27405053273e-27
292.67 7.67767501853e-28
292.68 4.61561425918e-28
292.69 2.76812690786e-28
292.7 1.65614820063e-28
292.71 9.8848277709e-29
292.72 5.88566752936e-29
292.73 3.49606142665e-29
292.74 2.07166292067e-29
292.75 1.22466086762e-29
292.76 7.22219646135e-30
292.77 4.2489289115e-30
292.78 2.49371226564e-30
292.79 1.46005739197e-30
292.8 8.52805952192e-31
292.81 4.96920859691e-31
292.82 2.88855700365e-31
292.83 1.67506385176e-31
292.84 9.6903285091e-32
292.85 5.5924530061e-32
292.86 3.21975551735e-32
292.87 1.84926929312e-32
292.88 1.05958092195e-32
292.89 6.05654309014e-33
292.9 3.45360132503e-33
292.91 1.96460978448e-33
292.92 1.11490307321e-33
292.93 6.3118203902e-34
292.94 3.5647482218e-34
292.95 2.00844433513e-34
292.96 1.1288791391e-34
292.97 6.32982648621e-35
292.98 3.5407305031e-35
292.99 1.97583488541e-35
293.0 1.09993022272e-35
293.01 6.10852465429e-36
293.02 3.38426401685e-36
293.03 1.87046183458e-36
293.04 1.03131224801e-36
293.05 5.67267900769e-37
293.06 3.11274076168e-37
293.07 1.70394042263e-37
293.08 9.30513264351e-38
293.09 5.06929354436e-38
293.1 2.75504706218e-38
293.11 1.49371352388e-38
293.12 8.07908753635e-39
293.13 4.35927256115e-39
293.14 2.34651018507e-39
293.15 1.26004940287e-39
293.16 6.75008764193e-40
293.17 3.60734733032e-40
293.18 1.92319454229e-40
293.19 1.02285762091e-40
293.2 5.42705049248e-41
293.21 2.87256092598e-41
293.22 1.516810564e-41
293.23 7.9900620175e-42
293.24 4.19880460976e-42
293.25 2.20119181859e-42
293.26 1.15118951156e-42
293.27 6.00609874136e-43
293.28 3.1260420888e-43
293.29 1.62313216392e-43
293.3 8.40755382032e-44
293.31 4.34452337221e-44
293.32 2.239604489e-44
293.33 1.15174737265e-44
293.34 5.90880748795e-45
293.35 3.02412097664e-45
293.36 1.54402806554e-45
293.37 7.86444227798e-46
293.38 3.99610947896e-46
293.39 2.0256459309e-46
293.4 1.02434535779e-46
293.41 5.16756538932e-47
293.42 2.6006521529e-47
293.43 1.30567552655e-47
293.44 6.53950640726e-48
293.45 3.26746831574e-48
293.46 1.62867529927e-48
293.47 8.09868195939e-49
293.48 4.01745377287e-49
293.49 1.9881270841e-49
293.5 9.81508589801e-50
293.51 4.83393467692e-50
293.52 2.3750029828e-50
293.53 1.16408381508e-50
293.54 5.69194968234e-51
293.55 2.77648008613e-51
293.56 1.35109156658e-51
293.57 6.55891062356e-52
293.58 3.17640120606e-52
293.59 1.53460179234e-52
293.6 7.39627004838e-53
293.61 3.55620286424e-53
293.62 1.70575638211e-53
293.63 8.16214286029e-54
293.64 3.89626142173e-54
293.65 1.85544760254e-54
293.66 8.81466902731e-55
293.67 4.17753440414e-55
293.68 1.97510764446e-55
293.69 9.3157583428e-56
293.7 4.38331183282e-56
293.71 2.05751604745e-56
293.72 9.63475784883e-57
293.73 4.50085566782e-57
293.74 2.09751984388e-57
293.75 9.75155286861e-58
293.76 4.52270426519e-58
293.77 2.09256670588e-58
293.78 9.65866584189e-59
293.79 4.44745621063e-59
293.8 2.04297442456e-59
293.81 9.3620485398e-60
293.82 4.27991906776e-60
293.83 1.95189717004e-60
293.84 8.88045098717e-61
293.85 4.03060109422e-61
293.86 1.82499351176e-61
293.87 8.24346010846e-62
293.88 3.71462062741e-62
293.89 1.66984477117e-62
293.9 7.48849329839e-63
293.91 3.35019047451e-63
293.92 1.4952067984e-63
293.93 6.65717135976e-64
293.94 2.95688829922e-64
293.95 1.31019763415e-64
293.96 5.79155803463e-65
293.97 2.55394019808e-65
293.98 1.12352501046e-65
293.99 4.93073287301e-66
294.0 2.15872298004e-66
294.01 9.42842311829e-67
294.02 4.1080708303e-67
294.03 1.78563829559e-67
294.04 7.74293777993e-68
294.05 3.34945970084e-68
294.06 1.44544128171e-68
294.07 6.22275726576e-69
294.08 2.67252623204e-69
294.09 1.14503247027e-69
294.1 4.89407181175e-70
294.11 2.0867940141e-70
294.12 8.87657724207e-71
294.13 3.76676217232e-71
294.14 1.59458463017e-71
294.15 6.73416350151e-72
294.16 2.83711179314e-72
294.17 1.19241093743e-72
294.18 4.99956434816e-73
294.19 2.09119765616e-73
294.2 8.72599006199e-74
294.21 3.63237814623e-74
294.22 1.50842632734e-74
294.23 6.249048034e-75
294.24 2.58261893986e-75
294.25 1.0647888871e-75
294.26 4.37948857444e-76
294.27 1.79696655849e-76
294.28 7.3555186643e-77
294.29 3.00360845524e-77
294.3 1.22357344819e-77
294.31 4.97248497578e-78
294.32 2.01592153673e-78
294.33 8.15324474308e-79
294.34 3.28960719742e-79
294.35 1.3240802778e-79
294.36 5.31668952579e-80
294.37 2.12973217766e-80
294.38 8.51070221052e-81
294.39 3.39283317951e-81
294.4 1.34932425714e-81
294.41 5.35336504273e-82
294.42 2.11882017245e-82
294.43 8.36600363457e-83
294.44 3.29532845399e-83
294.45 1.29489954217e-83
294.46 5.07609984385e-84
294.47 1.98509339281e-84
294.48 7.74441186097e-85
294.49 3.01406524054e-85
294.5 1.17023629909e-85
294.51 4.53263962752e-86
294.52 1.75140073283e-86
294.53 6.75113157764e-87
294.54 2.59611739506e-87
294.55 9.95929946846e-88
294.56 3.81144770435e-88
294.57 1.45515028511e-88
294.58 5.54220316051e-89
294.59 2.10578362471e-89
294.6 7.9818168108e-90
294.61 3.01818931787e-90
294.62 1.1385389923e-90
294.63 4.28455822839e-91
294.64 1.60849938633e-91
294.65 6.02410397684e-92
294.66 2.25071615642e-92
294.67 8.38891332455e-93
294.68 3.11922997405e-93
294.69 1.15703312687e-93
294.7 4.28154882335e-94
294.71 1.58056629903e-94
294.72 5.82078078966e-95
294.73 2.13848633804e-95
294.74 7.83769619942e-96
294.75 2.86567596132e-96
294.76 1.04525546098e-96
294.77 3.80342204472e-97
294.78 1.38064906462e-97
294.79 4.99975583828e-98
294.8 1.80622146433e-98
294.81 6.50953417229e-99
294.82 2.34037544567e-99
294.83 8.39417200993e-100
294.84 3.00349494417e-100
294.85 1.072093482e-100
294.86 3.81764125864e-101
294.87 1.35617047469e-101
294.88 4.80607079819e-102
294.89 1.69911491687e-102
294.9 5.99255530432e-103
294.91 2.10842452084e-103
294.92 7.40049510255e-104
294.93 2.59131495985e-104
294.94 9.05182894766e-105
294.95 3.1543449464e-105
294.96 1.09657600768e-105
294.97 3.80298843261e-106
294.98 1.31573364053e-106
294.99 4.54116898155e-107
295.0 1.56359421948e-107
295.01 5.37077747963e-108
295.02 1.84037774018e-108
295.03 6.29120002861e-109
295.04 2.14544173871e-109
295.05 7.29888744529e-110
295.06 2.47715577111e-110
295.07 8.38700066433e-111
295.08 2.83280543617e-111
295.09 9.54516689752e-112
295.1 3.20853672991e-112
295.11 1.07593791928e-112
295.12 3.59935034899e-113
295.13 1.20120668073e-113
295.14 3.99915342519e-114
295.15 1.32823555774e-114
295.16 4.40087312699e-115
295.17 1.4546526552e-115
295.18 4.79663275846e-116
295.19 1.57786682007e-116
295.2 5.17798666861e-117
295.21 1.69515034228e-117
295.22 5.53620578651e-118
295.23 1.80373585235e-118
295.24 5.86260130096e-119
295.25 1.90092285334e-119
295.26 6.14887031229e-120
295.27 1.9841882991e-120
295.28 6.38744457502e-121
295.29 2.05129496824e-121
295.3 6.57182203556e-122
295.31 2.10039116752e-122
295.32 6.6968609559e-123
295.33 2.13009557464e-123
295.34 6.75901807438e-124
295.35 2.13956179841e-124
295.36 6.75651541247e-125
295.37 2.12851844552e-125
295.38 6.68942476901e-126
295.39 2.09728204717e-126
295.4 6.55966429807e-127
295.41 2.0467419862e-127
295.42 6.37090739815e-128
295.43 1.97831842647e-128
295.44 6.1284099522e-129
295.45 1.89389602165e-129
295.46 5.83876725686e-130
295.47 1.7957377213e-130
295.48 5.50961632429e-131
295.49 1.6863841724e-131
295.5 5.14930228866e-132
295.51 1.56854494529e-132
295.52 4.76652918909e-133
295.53 1.44498805084e-133
295.54 4.37001536718e-134
295.55 1.31843396346e-134
295.56 3.96817219431e-135
295.57 1.19145967064e-135
295.58 3.56882204713e-136
295.59 1.06641722008e-136
295.6 3.17896769732e-137
295.61 9.45369942574e-138
295.62 2.80462095624e-138
295.63 8.30048117619e-139
295.64 2.45069391697e-139
295.65 7.21824445825e-140
295.66 2.12095184855e-140
295.67 6.21708408736e-141
295.68 1.81802304197e-141
295.69 5.30357524353e-142
295.7 1.54345792742e-142
295.71 4.48102705682e-143
295.72 1.29782772112e-143
295.73 3.74984430385e-144
295.74 1.08085176238e-144
295.75 3.10796231139e-145
295.76 8.91542522595e-146
295.77 2.5513209172e-146
295.78 7.28357886342e-147
295.79 2.07434636077e-147
295.8 5.89351550059e-148
295.81 1.67041467223e-148
295.82 4.72314057214e-149
295.83 1.33227585254e-149
295.84 3.74898886827e-150
295.85 1.05242427027e-150
295.86 2.94729948692e-151
295.87 8.23406690721e-152
295.88 2.29488656915e-152
295.89 6.38064770302e-153
295.9 1.76980337166e-153
295.91 4.89713390574e-154
295.92 1.35180998561e-154
295.93 3.72259706423e-155
295.94 1.02266435855e-155
295.95 2.80270197634e-156
295.96 7.66262246801e-157
295.97 2.08994398949e-157
295.98 5.68654624297e-158
295.99 1.54354470657e-158
296.0 4.17971394154e-159
296.01 1.1290953437e-159
296.02 3.04278581213e-160
296.03 8.18029297802e-161
296.04 2.19393139784e-161
296.05 5.86994373224e-162
296.06 1.56675663491e-162
296.07 4.17182282942e-163
296.08 1.1081712524e-163
296.09 2.93659877056e-164
296.1 7.7631692583e-165
296.11 2.04734111012e-165
296.12 5.38639339067e-166
296.13 1.41371751814e-166
296.14 3.70155255739e-167
296.15 9.66856253021e-168
296.16 2.51939701215e-168
296.17 6.54919647154e-169
296.18 1.6983849702e-169
296.19 4.39380689628e-170
296.2 1.13397245136e-170
296.21 2.91958249654e-171
296.22 7.49886798708e-172
296.23 1.92144242058e-172
296.24 4.91151811908e-173
296.25 1.25245126584e-173
296.26 3.18612368488e-174
296.27 8.08576538173e-175
296.28 2.04708723274e-175
296.29 5.1702110714e-176
296.3 1.30267748339e-176
296.31 3.27432850704e-177
296.32 8.21039972638e-178
296.33 2.05382323714e-178
296.34 5.12529107112e-179
296.35 1.27594135974e-179
296.36 3.16883485041e-180
296.37 7.85100412698e-181
296.38 1.94047260153e-181
296.39 4.784609895e-182
296.4 1.17690731617e-182
296.41 2.88798345378e-183
296.42 7.06974660928e-184
296.43 1.72651241421e-184
296.44 4.20622278962e-185
296.45 1.02228396397e-185
296.46 2.47860621333e-186
296.47 5.99515242415e-187
296.48 1.44660390844e-187
296.49 3.48221633533e-188
296.5 8.36216191351e-189
296.51 2.00326362764e-189
296.52 4.78756131151e-190
296.53 1.14142479194e-190
296.54 2.71479451645e-191
296.55 6.44144547359e-192
296.56 1.52470707656e-192
296.57 3.60036230941e-193
296.58 8.48130549698e-194
296.59 1.99313133295e-194
296.6 4.67267780068e-195
296.61 1.0928296375e-195
296.62 2.54973944638e-196
296.63 5.93466010526e-197
296.64 1.37801075815e-197
296.65 3.19202346361e-198
296.66 7.37626059627e-199
296.67 1.7004471459e-199
296.68 3.91063004931e-200
296.69 8.97195399791e-201
296.7 2.05344962267e-201
296.71 4.68854163442e-202
296.72 1.06794333728e-202
296.73 2.4266958857e-203
296.74 5.50096911438e-204
296.75 1.24399824846e-204
296.76 2.806448265e-205
296.77 6.31612944579e-206
296.78 1.41808320325e-206
296.79 3.17620930272e-207
296.8 7.09697415042e-208
296.81 1.58195469919e-208
296.82 3.51780346175e-209
296.83 7.80379424986e-210
296.84 1.7270175808e-210
296.85 3.81280343534e-211
296.86 8.39747623578e-212
296.87 1.84505730889e-212
296.88 4.0441536412e-213
296.89 8.84305125628e-214
296.9 1.92900497462e-214
296.91 4.19779535355e-215
296.92 9.11309477514e-216
296.93 1.97363673882e-216
296.94 4.26407921729e-217
296.95 9.1905185795e-218
296.96 1.97611165635e-218
296.97 4.23876804853e-219
296.98 9.07036019218e-220
296.99 1.93627092786e-220
297.0 4.12348506097e-221
297.01 8.76030921253e-222
297.02 1.85665476064e-222
297.03 3.9255416068e-223
297.04 8.27989298399e-224
297.05 1.74223434986e-224
297.06 3.65716984321e-225
297.07 7.65844146663e-226
297.08 1.59989829062e-226
297.09 3.33427227273e-227
297.1 6.93212614397e-228
297.11 1.43776716957e-228
297.12 2.97486579164e-229
297.13 6.14048821761e-230
297.14 1.26443100496e-230
297.15 2.59743136393e-231
297.16 5.32291748182e-232
297.17 1.0882084563e-232
297.18 2.21937744847e-233
297.19 4.51551147911e-234
297.2 9.16514714914e-235
297.21 1.85578920033e-235
297.22 3.74864706501e-236
297.23 7.55400335832e-237
297.24 1.51857589948e-237
297.25 3.04545749321e-238
297.26 6.09291740459e-239
297.27 1.21605928779e-239
297.28 2.42125715316e-240
297.29 4.80932131921e-241
297.3 9.52979110257e-242
297.31 1.88382118746e-242
297.32 3.71494752e-243
297.33 7.30840150516e-244
297.34 1.43432914538e-244
297.35 2.80822536519e-245
297.36 5.48493899734e-246
297.37 1.06873087313e-246
297.38 2.07740713257e-247
297.39 4.0283907587e-248
297.4 7.79288510359e-249
297.41 1.50390936881e-249
297.42 2.89535463869e-250
297.43 5.56081666231e-251
297.44 1.06544760407e-251
297.45 2.03649021135e-252
297.46 3.88319559469e-253
297.47 7.38674173995e-254
297.48 1.4017587433e-254
297.49 2.65369093939e-255
297.5 5.01168907012e-256
297.51 9.4422306765e-257
297.52 1.77468714198e-257
297.53 3.32755857324e-258
297.54 6.22423991818e-259
297.55 1.16145837444e-259
297.56 2.16210949716e-260
297.57 4.01521151999e-261
297.58 7.43868010347e-262
297.59 1.37480165363e-262
297.6 2.53478377583e-263
297.61 4.66228159919e-264
297.62 8.55485776116e-265
297.63 1.56597128625e-265
297.64 2.85964093706e-266
297.65 5.20949860552e-267
297.66 9.46753798414e-268
297.67 1.71646477695e-268
297.68 3.10448413642e-269
297.69 5.60145309532e-270
297.7 1.00825102438e-270
297.71 1.81047840783e-271
297.72 3.24320750994e-272
297.73 5.79579257076e-273
297.74 1.03325529663e-273
297.75 1.83763458618e-274
297.76 3.26037370277e-275
297.77 5.7707507485e-276
297.78 1.0189525514e-276
297.79 1.79486717506e-277
297.8 3.15404132132e-278
297.81 5.52915992836e-279
297.82 9.66958052818e-280
297.83 1.68699123734e-280
297.84 2.93612626824e-281
297.85 5.09792380127e-282
297.86 8.83016178207e-283
297.87 1.52581082229e-283
297.88 2.63020398135e-284
297.89 4.52308636384e-285
297.9 7.75955899212e-286
297.91 1.32799337268e-286
297.92 2.26731303969e-287
297.93 3.86174660395e-288
297.94 6.56164560494e-289
297.95 1.11223991621e-289
297.96 1.88079253864e-290
297.97 3.17278043602e-291
297.98 5.33944176456e-292
297.99 8.96413521806e-293
298.0 1.50133515222e-293
298.01 2.50843942036e-294
298.02 4.18105894698e-295
298.03 6.95225468538e-296
298.04 1.15324549275e-296
298.05 1.90842267464e-297
298.06 3.15053333735e-298
298.07 5.18860130483e-299
298.08 8.52458471739e-300
298.09 1.39718164398e-300
298.1 2.28448978766e-301
298.11 3.72633829919e-302
298.12 6.06362100803e-303
298.13 9.84325026585e-304
298.14 1.59404917573e-304
298.15 2.57526314378e-305
298.16 4.15047898572e-306
298.17 6.67315996714e-307
298.18 1.07033952152e-307
298.19 1.71264873157e-308
298.2 2.73383149382e-309
298.21 4.35343331957e-310
298.22 6.91590089161e-311
298.23 1.09602973004e-311
298.24 1.73281667214e-312
298.25 2.73299986695e-313
298.26 4.30014710596e-314
298.27 6.74968840849e-315
298.28 1.0569169093e-315
298.29 1.6510289018e-316
298.3 2.57291354958e-317
298.31 3.99993076545e-318
298.32 6.20348824918e-319
298.33 9.59771923611e-320
298.34 1.48120880623e-320
298.35 2.28258328379e-321
298.36 3.50786608547e-322
298.37 5.43472210425e-323
298.38 9.88131291682e-324
298.39 0.0
298.4 0.0
298.41 0.0
298.42 0.0
298.43 0.0
298.44 0.0
298.45 0.0
298.46 0.0
298.47 0.0
298.48 0.0
298.49 0.0
298.5 0.0
298.51 0.0
298.52 0.0
298.53 0.0
298.54 0.0
298.55 0.0
298.56 0.0
298.57 0.0
298.58 0.0
298.59 0.0
298.6 0.0
298.61 0.0
298.62 0.0
298.63 0.0
298.64 0.0
298.65 0.0
298.66 0.0
298.67 0.0
298.68 0.0
298.69 0.0
298.7 0.0
298.71 0.0
298.72 0.0
298.73 0.0
298.74 0.0
298.75 0.0
298.76 0.0
298.77 0.0
298.78 0.0
298.79 0.0
298.8 0.0
298.81 0.0
298.82 0.0
298.83 0.0
298.84 0.0
298.85 0.0
298.86 0.0
298.87 0.0
298.88 0.0
298.89 0.0
298.9 0.0
298.91 0.0
298.92 0.0
298.93 0.0
298.94 0.0
298.95 0.0
298.96 0.0
298.97 0.0
298.98 0.0
298.99 0.0
299.0 0.0
299.01 0.0
299.02 0.0
299.03 0.0
299.04 0.0
299.05 0.0
299.06 0.0
299.07 0.0
299.08 0.0
299.09 0.0
299.1 0.0
299.11 0.0
299.12 0.0
299.13 0.0
299.14 0.0
299.15 0.0
299.16 0.0
299.17 0.0
299.18 0.0
299.19 0.0
299.2 0.0
299.21 0.0
299.22 0.0
299.23 0.0
299.24 0.0
299.25 0.0
299.26 0.0
299.27 0.0
299.28 0.0
299.29 0.0
299.3 0.0
299.31 0.0
299.32 0.0
299.33 0.0
299.34 0.0
299.35 0.0
299.36 0.0
299.37 0.0
299.38 0.0
299.39 0.0
299.4 0.0
299.41 0.0
299.42 0.0
299.43 0.0
299.44 0.0
299.45 0.0
299.46 0.0
299.47 0.0
299.48 0.0
299.49 0.0
299.5 0.0
299.51 0.0
299.52 0.0
299.53 0.0
299.54 0.0
299.55 0.0
299.56 0.0
299.57 0.0
299.58 0.0
299.59 0.0
299.6 0.0
299.61 0.0
299.62 0.0
299.63 0.0
299.64 0.0
299.65 0.0
299.66 0.0
299.67 0.0
299.68 0.0
299.69 0.0
299.7 0.0
299.71 0.0
299.72 0.0
299.73 0.0
299.74 0.0
299.75 0.0
299.76 0.0
299.77 0.0
299.78 0.0
299.79 0.0
299.8 0.0
299.81 0.0
299.82 0.0
299.83 0.0
299.84 0.0
299.85 0.0
299.86 0.0
299.87 0.0
299.88 0.0
299.89 0.0
299.9 0.0
299.91 0.0
299.92 0.0
299.93 0.0
299.94 0.0
299.95 0.0
299.96 0.0
299.97 0.0
299.98 0.0
299.99 0.0
