287.8985 0.005305
288.0172 0.006874
288.1486 0.001707
288.7649 0.045898
289.0180 0.001892
289.0515 0.002089
289.0848 0.000122
289.1738 0.00033
289.2224 0.000301
289.4606 0.000553
289.4887 0.000114
289.6184 0.000103
289.7556 0.0
289.8150 0.000563
289.8346 0.001159
288.0111 0.008951
288.1480 0.015947
288.9509 3.6e-05
289.0531 0.000613
289.0859 0.007398
289.1703 0.002297
289.2216 9.2e-05
289.4581 0.00271
289.6143 0.000875
289.7241 9.4e-05
289.7569 0.000222
289.8189 0.001588
289.8534 0.000376
289.9443 0.000674
290.0092 0.00025
285.9782 0.081029
285.9932 0.060536
286.0449 0.111065
287.2794 0.055057
287.5947 0.000228
287.6237 1e-05
289.0511 0.000297
289.1704 0.001655
289.2342 0.004398
289.9175 0.000834
289.9281 0.000739
289.9667 0.001223
290.0369 0.000383
290.0868 4e-06
290.5567 0.00011
