202.8700 4e-06
203.0985 0.0003
203.6311 0.000304
203.9112 0.000914
205.5805 3.5e-05
205.6429 0.004324
206.6492 3e-06
206.7148 4e-05
206.7799 3.7e-05
206.8931 0.000167
199.0938 0.0
203.1270 0.0
203.5719 0.0
203.8744 0.0
205.1040 0.0
206.6512 0.0
206.7090 0.0
206.8058 0.0
206.8685 0.0
207.7556 0.0
198.9749 4e-06
202.9152 0.00089
203.1579 0.007758
203.4161 1.2e-05
204.9817 2.7e-05
205.4390 0.000145
205.4834 0.0015
206.8094 1.9e-05
206.8299 4.7e-05
206.8466 1e-06
198.9715 3e-06
202.9203 0.000668
203.1456 0.005986
203.2413 0.001758
203.4331 1.2e-05
203.9781 0.000543
204.9774 2.7e-05
205.4239 0.000256
205.4825 0.000919
206.7927 0.000239
