-0.00275
-2.50E-05
-0.00148
-0.00578
-0.00672
-0.00516
-0.00422
-0.00351
-0.00296
-4.63E-04
-0.00325
-0.00306
-9.71E-04
-0.00556
-0.00217
-0.00588
-0.00227
-1.48E-04
2.24E-04
-8.00E-04
-0.00144
-0.00163
-0.00351
-0.0023
0.00123
-0.002
7.13E-04
-3.21E-04
-0.00148
-0.00399
-0.00538
-0.00346
-0.00142
-0.00188
-0.00399
-0.00551
-0.00375
-0.00158
-0.00297
-0.0047
-0.00478
-0.00744
-0.00504
-0.00178
0.00294
-0.00125
-0.0062
-0.00617
-0.0014
-3.62E-04
-0.0019
-0.00309
-8.10E-04
3.36E-04
-0.00172
-0.00177
-0.00151
-0.00203
-9.30E-04
-0.00207
-0.00381
-0.00284
-0.00209
0.00191
5.01E-04
0.00281
-0.00256
5.78E-04
-2.45E-04
-0.0012
-0.00197
-0.00253
-4.72E-04
2.74E-04
0.00233
-0.00103
4.06E-04
-0.00155
-0.00109
-0.00124
7.06E-04
-0.00129
-0.00196
-0.00308
-0.00352
-8.46E-04
1.61E-04
6.62E-04
-0.00181
-0.00112
-0.00209
-0.00205
1.44E-04
-0.00384
-0.00318
-0.00684
-0.00658
-0.00482
-0.00555
-0.01006
-0.00813
-0.00742
-0.00423
-0.00727
-0.00615
-0.00344
-0.00369
-0.00537
-0.00611
-0.00531
-0.01053
-0.0064
-0.01066
-0.00923
-0.00941
-0.00864
-0.00393
-0.00552
-9.20E-04
-0.00159
0.00256
0.00181
3.53E-04
-0.00369
-0.00396
-0.00448
-0.00505
7.19E-04
-8.73E-04
-0.00182
-0.00376
-0.00269
-0.00478
-0.0022
-0.00194
-0.00261
-0.00482
-0.00646
-0.00748
-0.00158
-0.00612
-0.00647
-0.00753
-0.00989
-0.00518
-0.00675
-0.00812
-0.00379
-0.0062
-0.00269
-0.00392
-0.00511
-0.00778
-0.00844
-0.01076
-0.00684
-0.00816
-0.00287
-0.00562
-0.00483
-0.0035
-0.0054
0.00316
0.00257
-0.00298
-0.00756
-0.00196
-6.70E-05
-0.00228
-0.0037
-0.00562
-0.00393
-0.00286
2.10E-04
-0.00269
-0.00703
-0.00161
0.00168
-0.00181
0.00292
0.00179
0.00349
0.00246
0.0026
-0.00108
-3.67E-04
0.00134
-2.50E-05
3.45E-04
0.00155
0.00541
0.00808
0.00874
0.01196
0.01297
0.01267
0.01048
0.01531
0.01453
0.011
0.00792
0.00903
0.00889
-0.00267
-0.00381
-0.00215
9.35E-04
-0.00324
-0.00853
-0.00465
-9.57E-04
-0.0037
-0.00679
-0.00615
-0.00202
-0.00113
-0.00146
-0.00146
-9.99E-04
-0.00345
-0.00256
-0.00199
-0.00164
4.18E-04
-0.00101
-7.59E-04
0.00125
-0.00238
-5.48E-04
2.20E-04
-0.00129
-5.87E-04
-4.64E-04
3.24E-04
-0.00325
-0.00308
-0.00323
4.15E-04
0.0011
-0.00186

