190.0132
190.12428
190.23546
190.34676
190.45817
190.56968
190.68131
190.79305
190.9049
191.01685
191.12892
191.24111
191.3534
191.4658
191.57832
191.69094
191.80368
191.91653
192.0295
192.14257
192.25576
192.36906
192.48248
192.596
192.70964
192.8234
192.93726
193.05124
193.16534
193.27955
193.39387
193.50831
193.62286
193.73753
193.85231
193.9672
194.08221
194.19734
194.31258
194.42794
194.54342
194.65901
194.77471
194.89053
195.00647
195.12253
195.2387
195.35499
195.4714
195.58792
195.70456
195.82132
195.9382
196.0552
196.17231
196.28954
196.40689
196.52436
196.64195
196.75966
196.87748
196.99543
197.11349
197.23168
197.34999
197.46841
197.58696
197.70562
197.82441
197.94332
198.06235
198.1815
198.30077
198.42016
198.53968
198.65932
198.77907
198.89896
199.01896
199.13909
199.25934
199.37971
199.5002
199.62082
199.74156
199.86243
199.98342
200.10453
200.22577
200.34714
200.46862
200.59024
200.71197
200.83384
200.95582
201.07794
201.20018
201.32254
201.44503
201.56765
201.6904
201.81327
201.93626
202.05939
202.18264
202.30602
202.42953
202.55317
202.67693
202.80082
202.92484
203.04899
203.17327
203.29767
203.42221
203.54687
203.67167
203.79659
203.92165
204.04683
204.17215
204.29759
204.42317
204.54888
204.67471
204.80068
204.92678
205.05302
205.17938
205.30588
205.43251
205.55927
205.68617
205.81319
205.94035
206.06765
206.19508
206.32264
206.45033
206.57816
206.70613
206.83423
206.96246
207.09083
207.21933
207.34797
207.47674
207.60566
207.7347
207.86388
207.9932
208.12266
208.25225
208.38198
208.51185
208.64185
208.77199
208.90227
209.03269
209.16325
209.29394
209.42478
209.55575
209.68686
209.81811
209.9495
210.08103
210.2127
210.34451
210.47646
210.60856
210.74079
210.87316
211.00568
211.13833
211.27113
211.40407
211.53716
211.67038
211.80375
211.93726
212.07091
212.20471
212.33865
212.47274
212.60696
212.74134
212.87585
213.01051
213.14532
213.28027
213.41537
213.55061
213.686
213.82153
213.95721
214.09304
214.22901
214.36513
214.5014
214.63782
214.77438
214.91109
215.04795
215.18496
215.32211
215.45942
215.59687
215.73447
215.87222
216.01012
216.14818
216.28638
216.42473
216.56323
216.70189
216.84069
216.97965
217.11875
217.25801
217.39743
217.53699
217.67671
217.81658
217.9566
218.09677
218.2371
218.37759
218.51822
218.65901
218.79996
218.94106
219.08232
219.22373
219.36529
219.50702
219.64889
219.79093
219.93312
220.07547

