280.0 3.13446626501619e-06
280.01 3.7862459230082926e-06
280.02 4.563808152087919e-06
280.03 5.489284006879971e-06
280.03999999999996 6.588255212333684e-06
280.04999999999995 7.890206214364041e-06
280.05999999999995 9.429019763731298e-06
280.06999999999994 1.1243517458063e-05
280.0799999999999 1.3378046173056074e-05
280.0899999999999 1.5883110703120756e-05
280.0999999999999 1.881605219450413e-05
280.1099999999999 2.2241771081969938e-05
280.1199999999999 2.6233492226848868e-05
280.1299999999999 3.087356879537296e-05
280.1399999999999 3.6254320110107064e-05
280.14999999999986 4.247889725575674e-05
280.15999999999985 4.9662168629335904e-05
280.16999999999985 5.793161590373746e-05
280.17999999999984 6.742822903827036e-05
280.1899999999998 7.83073870402497e-05
280.1999999999998 9.073970918465051e-05
280.2099999999998 0.00010491185936667523
280.2199999999998 0.00012102728423365722
280.2299999999998 0.00013930686376312736
280.2399999999998 0.00015998945107432197
280.2499999999998 0.00018333227653783985
280.25999999999976 0.00020961118974458933
280.26999999999975 0.00023912071167687474
280.27999999999975 0.00027217386856083866
280.28999999999974 0.00030910177844159297
280.2999999999997 0.0003502529615814911
280.3099999999997 0.0003959923464074968
280.3199999999997 0.0004466999439910969
280.3299999999997 0.0005027691659930363
280.3399999999997 0.0005646047636962099
280.3499999999997 0.0006326203692230202
280.3599999999997 0.0007072356243146638
280.36999999999966 0.0007888728871492303
280.37999999999965 0.0008779535135850711
280.38999999999965 0.0009748937159070357
280.39999999999964 0.0010801000095752471
280.4099999999996 0.0011939642665549483
280.4199999999996 0.0013168584024433765
280.4299999999996 0.0014491287336828057
280.4399999999996 0.0015910900505113417
280.4499999999996 0.0017430194607853595
280.4599999999996 0.0019051500692197042
280.4699999999996 0.0020776645657260627
280.47999999999956 0.002260688805164071
280.48999999999955 0.002454285468721672
280.49999999999955 0.002658447904074089
280.50999999999954 0.002873094247198333
280.5199999999995 0.003098061933013549
280.5299999999995 0.0033331027046610367
280.5399999999995 0.0035778782320365723
280.5499999999995 0.0038319564489736344
280.5599999999995 0.004094808715114941
280.5699999999995 0.004365807902906938
280.5799999999995 0.004644227502258193
280.58999999999946 0.004929241825218971
280.59999999999945 0.005219927380619586
280.60999999999945 0.005515265474059944
280.61999999999944 0.005814146072138605
280.6299999999994 0.006115372951570128
280.6399999999994 0.006417670134141524
280.6499999999994 0.006719689587629742
280.6599999999994 0.007020020151214429
280.6699999999994 0.007317197621983567
280.6799999999994 0.007609715917283367
280.6899999999994 0.00789603920636651
280.69999999999936 0.008174614884512594
280.70999999999935 0.008443887243996305
280.71999999999935 0.008702311679413504
280.72999999999934 0.008948369250367247
280.7399999999993 0.009180581412751002
280.7499999999993 0.009397524721182061
280.7599999999993 0.009597845299811489
280.7699999999993 0.009780272876977263
280.7799999999993 0.009943634181108019
280.7899999999993 0.01008686550097824
280.7999999999993 0.010209024222830435
280.80999999999926 0.01030929916989808
280.81999999999925 0.010387019586284015
280.82999999999925 0.010441662626689907
280.83999999999924 0.01047285923579685
280.8499999999992 0.0104803983257412
280.8599999999992 0.01046422918663213
280.8699999999992 0.01042446209289193
280.8799999999992 0.010361367096806925
280.8899999999992 0.0102753710294779
280.8999999999992 0.010167052757770216
280.9099999999992 0.010037136773312347
280.91999999999916 0.009886485215526538
280.92999999999915 0.009716088454584736
280.93999999999915 0.00952705438160292
280.94999999999914 0.009320596571915057
280.9599999999991 0.009098021502570518
280.9699999999991 0.008860715017019521
280.9799999999991 0.008610128238115036
280.9899999999991 0.008347763134975757
280.9999999999991 0.008075157949917762
281.0099999999991 0.007793872688648661
281.0199999999991 0.0075054748703837154
281.02999999999906 0.007211525724715858
281.03999999999905 0.006913567009244761
281.04999999999905 0.0066131086064916645
281.05999999999904 0.006311617040890637
281.069999999999 0.006010505037079985
281.079999999999 0.005711122219769137
281.089999999999 0.005414747033585302
281.099999999999 0.00512257993896877
281.109999999999 0.004835737917830985
281.119999999999 0.004555250300738689
281.129999999999 0.004282055906231923
281.13999999999896 0.004017001462876195
281.14999999999895 0.0037608412660972853
281.15999999999894 0.003514238005008843
281.16999999999894 0.0032777646795240424
281.1799999999989 0.0030519075151950984
281.1899999999989 0.002837069772547426
281.1999999999989 0.0026335763392162604
281.2099999999989 0.00244167898695205
281.2199999999989 0.0022615621714922284
281.2299999999989 0.002093349251317683
281.2399999999989 0.0019371090013058645
281.24999999999886 0.0017928622991158407
281.25999999999885 0.001660588865630062
281.26999999999884 0.001540233945755837
281.27999999999884 0.0014317148221712891
281.2899999999988 0.001334927061998681
281.2999999999988 0.0012497504047185668
281.3099999999988 0.0011760542087245478
281.3199999999988 0.0011137023835951926
281.3299999999988 0.0010625577452750901
281.3399999999988 0.0010224857417746745
281.3499999999988 0.0009933575075983432
281.35999999999876 0.0009750522157883679
281.36999999999875 0.0009674587071393952
281.37999999999874 0.0009704763867198042
281.38999999999874 0.0009840153882680139
281.3999999999987 0.001007996017259229
281.4099999999987 0.0010423474934120435
281.4199999999987 0.0010870060230788803
281.4299999999987 0.001141912241293363
281.4399999999987 0.0012070080721826681
281.4499999999987 0.0012822330649396715
281.4599999999987 0.0013675202705272268
281.46999999999866 0.0014627917316856808
281.47999999999865 0.0015679536655560445
281.48999999999864 0.0016828914242275458
281.49999999999864 0.0018074643236737696
281.5099999999986 0.0019415004357539922
281.5199999999986 0.002084791441119333
281.5299999999986 0.0022370876428695484
281.5399999999986 0.002398093241550983
281.5499999999986 0.002567461971471422
281.5599999999986 0.0027447931962465673
281.5699999999986 0.0029296285579147197
281.57999999999856 0.0031214492688105932
281.58999999999855 0.003319674128650249
281.59999999999854 0.0035236583409503056
281.60999999999854 0.0037326931930213225
281.6199999999985 0.003946006652408
281.6299999999985 0.0041627649199049545
281.6399999999985 0.004382074965301018
281.6499999999985 0.0046029880569792726
281.6599999999985 0.004824504280641943
281.6699999999985 0.0050455780259890375
281.6799999999985 0.005265124403436844
281.68999999999846 0.005482026536219581
281.69999999999845 0.0056951436567955266
281.70999999999844 0.005903319920708698
281.71999999999844 0.006105393836272301
281.7299999999984 0.006300208194969137
281.7399999999984 0.006486620375620482
281.7499999999984 0.006663512885450516
281.7599999999984 0.006829803993427771
281.7699999999984 0.006984458305920074
281.7799999999984 0.00712649713193012
281.7899999999984 0.007255008485108846
281.79999999999836 0.007369156572439615
281.80999999999835 0.007468190624954846
281.81999999999834 0.007551452934032684
281.82999999999834 0.007618385967607528
281.8399999999983 0.007668538453837299
281.8499999999983 0.007701570335167233
281.8599999999983 0.007717256513028029
281.8699999999983 0.007715489322272537
281.8799999999983 0.007696279694518658
281.8899999999983 0.007659756990426855
281.8999999999983 0.007606167502178498
281.90999999999826 0.007535871648607314
281.91999999999825 0.007449339906142512
281.92999999999824 0.007347147538532812
281.93999999999824 0.007229968206841711
281.9499999999982 0.007098566558073593
281.9599999999982 0.006953789905685876
281.9699999999982 0.006796559127890011
281.9799999999982 0.006627858919823969
281.9899999999982 0.006448727543229102
281.9999999999982 0.006260246222085018
282.0099999999982 0.006063528334710547
282.01999999999816 0.00585970855215173
282.02999999999815 0.005649932069335308
282.03999999999814 0.005435344069610217
282.04999999999814 0.005217079555124104
282.0599999999981 0.004996253665226404
282.0699999999981 0.004773952593030726
282.0799999999981 0.004551225196714929
282.0899999999981 0.004329075387415497
282.0999999999981 0.004108455360025063
282.1099999999981 0.003890259717172888
282.1199999999981 0.0036753205204980758
282.12999999999806 0.0034644032873416917
282.13999999999805 0.003258203935493885
282.14999999999804 0.0030573466639166737
282.15999999999804 0.00286238274367086
282.169999999998 0.0026737901808194676
282.179999999998 0.0024919742020334847
282.189999999998 0.00231726850412093
282.199999999998 0.0021499372008275965
282.209999999998 0.001990177394066517
282.219999999998 0.0018381222922321842
282.229999999998 0.0016938447954167374
282.23999999999796 0.0015573614661060211
282.24999999999795 0.00142863680420107
282.25999999999794 0.0013075877468664593
282.26999999999794 0.0011940883166115096
282.2799999999979 0.0010879743450077964
282.2899999999979 0.0009890482043698895
282.2999999999979 0.0008970834854026842
282.3099999999979 0.0008118295650732692
282.3199999999979 0.0007330160156260692
282.3299999999979 0.0006603568125613306
282.3399999999979 0.0005935543063833146
282.34999999999786 0.000532302929852679
282.35999999999785 0.0004762926192192386
282.36999999999784 0.0004252119343547865
282.37999999999784 0.0003787508687565743
282.3899999999978 0.0003366033459738742
282.3999999999978 0.00029846940406436063
282.4099999999978 0.0002640570741725891
282.4199999999978 0.00023308396321511631
282.4299999999978 0.0002052785539464646
282.4399999999978 0.00018038123837177002
282.4499999999978 0.00015814510258233499
282.45999999999776 0.000138336482646618
282.46999999999775 0.0001207353122271462
282.47999999999774 0.0001051352831559415
282.48999999999774 9.134384033466624e-05
282.4999999999977 7.918203208146017e-05
282.5099999999977 6.848423647661233e-05
282.5199999999977 5.909778341629341e-05
282.5299999999977 5.0882491019036064e-05
282.5399999999977 4.3710133792897225e-05
282.5499999999977 3.746385860871977e-05
282.5599999999977 3.203756307946332e-05
282.56999999999766 2.733524945589986e-05
282.57999999999765 2.3270365649337285e-05
282.58999999999764 1.976514351209388e-05
282.59999999999764 1.6749943071204982e-05
282.6099999999976 1.4162610040763779e-05
282.6199999999976 1.1947852649482616e-05
282.6299999999976 1.0056642624528923e-05
282.6399999999976 8.445644078711109e-06
282.6499999999976 7.076673060566465e-06
282.6599999999976 5.916189647765913e-06
282.6699999999976 4.934823692885313e-06
282.67999999999756 4.10693466424587e-06
282.68999999999755 3.4102054587122074e-06
282.69999999999754 2.825269592216414e-06
282.70999999999754 2.335370790511943e-06
282.7199999999975 1.926053699733334e-06
282.7299999999975 1.5848842058320346e-06
282.7399999999975 1.3011976858089994e-06
282.7499999999975 1.0658734038641068e-06
282.7599999999975 8.711332043515843e-07
282.7699999999975 7.103626333548077e-07
282.7799999999975 5.77952634826993e-07
282.78999999999746 4.691600091796143e-07
282.79999999999745 3.7998488612075787e-07
282.80999999999744 3.07063544244746e-07
282.81999999999744 2.475750027632406e-07
282.8299999999974 1.9915991186306118e-07
282.8399999999974 1.5985037407490572e-07
282.8499999999974 1.2800943688583435e-07
282.8599999999974 1.022791042796401e-07
282.8699999999974 8.153582005807797e-08
282.8799999999974 6.48524772115367e-08
282.88999999999737 5.146610416517959e-08
282.89999999999736 4.075046963888134e-08
282.90999999999735 3.219293261148811e-08
282.91999999999734 2.5374942185657282e-08
282.92999999999734 1.9955663910907922e-08
282.9399999999973 1.5658274393627247e-08
282.9499999999973 1.2258524977064469e-08
282.9599999999973 9.5752281758227e-09
282.9699999999973 7.462367727745083e-09
282.9799999999973 5.802574955572417e-09
282.9899999999973 4.5017510122097645e-09
282.99999999999727 3.4846469298897763e-09
283.00999999999726 2.6912416183551324e-09
283.01999999999725 2.073782465033068e-09
283.02999999999724 1.594374369955638e-09
283.03999999999724 1.2230212680712254e-09
283.0499999999972 9.36039795638153e-10
283.0599999999972 7.147780634328108e-10
283.0699999999972 5.445837982193264e-10
283.0799999999972 4.139756687260696e-10
283.0899999999972 3.139796599744337e-10
283.0999999999972 2.375991113055235e-10
283.10999999999717 1.7939267576045029e-10
283.11999999999716 1.3513915597651967e-10
283.12999999999715 1.0157206813339941e-10
283.13999999999714 7.617000553242989e-11
283.14999999999714 5.699152493377178e-11
283.1599999999971 4.2545454436999315e-11
283.1699999999971 3.1689300634857746e-11
283.1799999999971 2.3549882315090814e-11
283.1899999999971 1.7461495098917845e-11
283.1999999999971 1.2917864068972372e-11
283.2099999999971 9.534909884404727e-12
283.21999999999707 7.0219716875511575e-12
283.22999999999706 5.159625185295156e-12
283.23999999999705 3.782629738233583e-12
283.24999999999704 2.7668531509169413e-12
283.25999999999704 2.0192727557809643e-12
283.269999999997 1.4703491011364003e-12
283.279999999997 1.0682244982454997e-12
283.289999999997 7.743212994244386e-13
283.299999999997 5.600108950407513e-13
283.309999999997 4.0409953029038446e-13
283.319999999997 2.9093556462598113e-13
283.32999999999697 2.0898825527936588e-13
283.33999999999696 1.4978335208415348e-13
283.34999999999695 1.0710797528571774e-13
283.35999999999694 7.641817687490155e-14
283.36999999999694 5.439865147412105e-14
283.3799999999969 3.863635909710309e-14
283.3899999999969 2.7379206202745466e-14
283.3999999999969 1.935807240984338e-14
283.4099999999969 1.3655888625854743e-14
283.4199999999969 9.611571940513835e-15
283.4299999999969 6.749715602589801e-15
283.43999999999687 4.729259299054723e-15
283.44999999999686 3.3061105942303758e-15
283.45999999999685 2.3059942855500942e-15
283.46999999999684 1.6047806344455528e-15
283.47999999999683 1.114268162344261e-15
283.4899999999968 7.719343506722888e-16
283.4999999999968 5.335653412734438e-16
283.5099999999968 3.679691878757611e-16
283.5199999999968 2.53193117301447e-16
283.5299999999968 1.7382367838163463e-16
283.5399999999968 1.190645774215547e-16
283.54999999999677 8.137159193177441e-17
283.55999999999676 5.5485518495836784e-17
283.56999999999675 3.774879420318592e-17
283.57999999999674 2.562377530051471e-17
283.58999999999673 1.73540062506625e-17
283.5999999999967 1.172662346663845e-17
283.6099999999967 7.906109228334365e-18
283.6199999999967 5.318255996312849e-18
283.6299999999967 3.569375722484233e-18
283.6399999999967 2.390187061053451e-18
283.6499999999967 1.5969382210880144e-18
283.65999999999667 1.0645374354831335e-18
283.66999999999666 7.080278814427189e-19
283.67999999999665 4.698469159165828e-19
283.68999999999664 3.1108494904995187e-19
283.69999999999663 2.0550302414109793e-19
283.7099999999966 1.354484481550062e-19
283.7199999999966 8.907307568476973e-20
283.7299999999966 5.844339851754975e-20
283.7399999999966 3.8259657234943924e-20
283.7499999999966 2.498982909508696e-20
283.7599999999966 1.6285537457693382e-20
283.76999999999657 1.0589062319324902e-20
283.77999999999656 6.869569337040421e-21
283.78999999999655 4.446498162626609e-21
283.79999999999654 2.871595880802771e-21
283.80999999999653 1.8503126793067985e-21
283.8199999999965 1.1895522607049328e-21
283.8299999999965 7.630245777317928e-22
283.8399999999965 4.883263129381631e-22
283.8499999999965 3.118159484487079e-22
283.8599999999965 1.9865665606279593e-22
283.8699999999965 1.262770757073394e-22
283.87999999999647 8.00870893160397e-23
283.88999999999646 5.067772406967122e-23
283.89999999999645 3.1995455238974025e-23
283.90999999999644 2.0154688194109675e-23
283.91999999999643 1.2667195471571404e-23
283.9299999999964 7.943309043965145e-24
283.9399999999964 4.96980153166546e-24
283.9499999999964 3.102367414884124e-24
283.9599999999964 1.9322531036462687e-24
283.9699999999964 1.20074668284961e-24
283.9799999999964 7.4448401306167065e-25
283.98999999999637 4.605491186790981e-25
283.99999999999636 2.8425828636324524e-25
284.00999999999635 1.7505193279469696e-25
284.01999999999634 1.0755665460742947e-25
284.02999999999633 6.593625241281698e-26
284.0399999999963 4.0329963824716806e-26
284.0499999999963 2.4612062193676843e-26
284.0599999999963 1.4985967069934948e-26
284.0699999999963 9.10412354803964e-27
284.0799999999963 5.518335617699194e-27
284.0899999999963 3.337295603050075e-27
284.09999999999627 2.013714239362921e-27
284.10999999999626 1.2123209340856459e-27
284.11999999999625 7.282055199828158e-28
284.12999999999624 4.364222937077287e-28
284.13999999999623 2.6096152822894303e-28
284.1499999999962 1.5569069064238175e-28
284.1599999999962 9.267559906267001e-29
284.1699999999962 5.504080252897471e-29
284.1799999999962 3.261524999773562e-29
284.1899999999962 1.928294065382031e-29
284.1999999999962 1.1374764560210144e-29
284.20999999999617 6.694654465090469e-30
284.21999999999616 3.931248665454979e-30
284.22999999999615 2.3032944596861793e-30
284.23999999999614 1.3464338119868166e-30
284.24999999999613 7.853028148792011e-31
284.2599999999961 4.569891592245157e-31
284.2699999999961 2.6533298329668213e-31
284.2799999999961 1.5370683536133138e-31
284.2899999999961 8.884064863301851e-32
284.2999999999961 5.123265457387286e-32
284.3099999999961 2.947803947130361e-32
284.31999999999607 1.6922593866389313e-32
284.32999999999606 9.692858350333859e-33
284.33999999999605 5.53928102882597e-33
284.34999999999604 3.158431997945078e-33
284.35999999999603 1.796826984829614e-33
284.369999999996 1.019899996483306e-33
284.379999999996 5.775977835614994e-34
284.389999999996 3.263698594511448e-34
284.399999999996 1.839971811109424e-34
284.409999999996 1.0349726975712362e-34
284.419999999996 5.808489595611628e-35
284.42999999999597 3.252476271904189e-35
284.43999999999596 1.8171118337921553e-35
284.44999999999595 1.0128981436087232e-35
284.45999999999594 5.6333468551176504e-36
284.46999999999593 3.1259628194797375e-36
284.4799999999959 1.730683776815176e-36
284.4899999999959 9.560227693268281e-37
284.4999999999959 5.26908673662948e-37
284.5099999999959 2.8974707354887054e-37
284.5199999999959 1.5897153491610865e-37
284.5299999999959 8.702344573352091e-38
284.53999999999587 4.753021534537021e-38
284.54999999999586 2.590120010976263e-38
284.55999999999585 1.4082721512111523e-38
284.56999999999584 7.639587223531598e-39
284.57999999999583 4.1349455498650435e-39
284.5899999999958 2.232987515526846e-39
284.5999999999958 1.2031489422939312e-39
284.6099999999958 6.467986293517611e-40
284.6199999999958 3.4692483219452866e-40
284.6299999999958 1.856599724014156e-40
284.6399999999958 9.913289174416702e-41
284.64999999999577 5.281215228555896e-41
284.65999999999576 2.807156061904569e-41
284.66999999999575 1.488729680779896e-41
284.67999999999574 7.877378892636657e-42
284.68999999999573 4.158763481617465e-42
284.6999999999957 2.1906011289303398e-42
284.7099999999957 1.1512747804757194e-42
284.7199999999957 6.036862358517518e-43
284.7299999999957 3.1583492706068113e-43
284.7399999999957 1.6486392515737375e-43
284.7499999999957 8.586332738587806e-44
284.75999999999567 4.4617619116454926e-44
284.76999999999566 2.3132451905370196e-44
284.77999999999565 1.1966125206013646e-44
284.78999999999564 6.175925041064933e-45
284.79999999999563 3.180292670831278e-45
284.8099999999956 1.633987610468936e-45
284.8199999999956 8.376199811379248e-46
284.8299999999956 4.2841226618327616e-46
284.8399999999956 2.1862174871132432e-46
284.8499999999956 1.1131185732848443e-46
284.8599999999956 5.654654746905452e-47
284.86999999999557 2.8660737170140734e-47
284.87999999999556 1.4493898581162801e-47
284.88999999999555 7.313069122252509e-48
284.89999999999554 3.681550289665418e-48
284.90999999999553 1.8491766245914983e-48
284.9199999999955 9.267074430864376e-49
284.9299999999955 4.633652983488678e-49
284.9399999999955 2.3116440400571884e-49
284.9499999999955 1.1506281958930835e-49
284.9599999999955 5.714334552911265e-50
284.9699999999955 2.831476182204154e-50
284.97999999999547 1.3998347201501438e-50
284.98999999999546 6.904897056370796e-51
284.99999999999545 3.398241614158695e-51
285.00999999999544 1.668660164413724e-51
285.01999999999543 8.175195391077711e-52
285.0299999999954 3.99617945810845e-52
285.0399999999954 1.948984671427267e-52
285.0499999999954 9.48393267956933e-53
285.0599999999954 4.604527809736552e-53
285.0699999999954 2.2304800170844112e-53
285.0799999999954 1.0780233601363923e-53
285.08999999999537 5.198458791651527e-54
285.09999999999536 2.5011379054824092e-54
285.10999999999535 1.2006523335250531e-54
285.11999999999534 5.7506044899931505e-55
285.12999999999533 2.7480607397510926e-55
285.1399999999953 1.3102547861433754e-55
285.1499999999953 6.2330667909968955e-56
285.1599999999953 2.958451167562354e-56
285.1699999999953 1.4010177204083894e-56
285.1799999999953 6.619717411331292e-57
285.1899999999953 3.120698921262307e-57
285.19999999999527 1.4678473397129004e-57
285.20999999999526 6.888529268142657e-58
285.21999999999525 3.2254381958007484e-58
285.22999999999524 1.506841386293964e-58
285.23999999999523 7.02365148734457e-59
285.2499999999952 3.2664421150815166e-59
285.2599999999952 1.5156662417201453e-59
285.2699999999952 7.016956556082893e-60
285.2799999999952 3.2412355704038264e-60
285.2899999999952 1.4937881285460456e-60
285.2999999999952 6.868849639596454e-61
285.30999999999517 3.151342556940005e-61
285.31999999999516 1.4425265584958386e-61
285.32999999999515 6.588227989557176e-62
285.33999999999514 3.0021336367700264e-62
285.34999999999513 1.364922584707784e-62
285.3599999999951 6.191596099129798e-63
285.3699999999951 2.8022947598931144e-63
285.3799999999951 1.2654401512924732e-63
285.3899999999951 5.7014589819119624e-64
285.3999999999951 2.5629905033445706e-64
285.4099999999951 1.1495413251496383e-64
285.41999999999507 5.1442110574126195e-65
285.42999999999506 2.2968337831219957e-65
285.43999999999505 1.0231915735352867e-65
285.44999999999504 4.5477956405485253e-66
285.45999999999503 2.0167939313907498e-66
285.469999999995 8.923571532909913e-67
285.479999999995 3.939421869690527e-67
285.489999999995 1.7351733642700672e-67
285.499999999995 7.625526804009872e-68
285.509999999995 3.3435931759674106e-68
285.519999999995 1.4627617894661976e-68
285.52999999999497 6.384845352474375e-69
285.53999999999496 2.780633540003144e-69
285.54999999999495 1.2082414479571912e-69
285.55999999999494 5.238178593750029e-70
285.56999999999493 2.265809908894321e-70
285.5799999999949 9.77874769061786e-71
285.5899999999949 4.210751464074218e-71
285.5999999999949 1.809058348601946e-71
285.6099999999949 7.754648903134743e-72
285.6199999999949 3.3165633963906884e-72
285.6299999999949 1.4152431634377785e-72
285.63999999999487 6.025463037273308e-73
285.64999999999486 2.5595663168536052e-73
285.65999999999485 1.0848231507558528e-73
285.66999999999484 4.5874157547735e-74
285.67999999999483 1.9355030387197676e-74
285.6899999999948 8.147722176881721e-75
285.6999999999948 3.4221194526810226e-75
285.7099999999948 1.4340712087141794e-75
285.7199999999948 5.996017161101097e-76
285.7299999999948 2.501333596104e-76
285.7399999999948 1.0411108297059866e-76
285.74999999999477 4.323534317927769e-77
285.75999999999476 1.7914201532563465e-77
285.76999999999475 7.405810574369148e-78
285.77999999999474 3.054670297278564e-78
285.78999999999473 1.2571082691386354e-78
285.7999999999947 5.1617578032599664e-79
285.8099999999947 2.1146532371094172e-79
285.8199999999947 8.643652501202202e-80
285.8299999999947 3.5251048135678705e-80
285.8399999999947 1.4343771862206326e-80
285.8499999999947 5.82332866871461e-81
285.85999999999467 2.3588256099070675e-81
285.86999999999466 9.533161817592217e-82
285.87999999999465 3.844100153179233e-82
285.88999999999464 1.5465680075444983e-82
285.89999999999463 6.208117793696542e-83
285.9099999999946 2.486379829608327e-83
285.9199999999946 9.935542786762e-84
285.9299999999946 3.961250623895239e-84
285.9399999999946 1.57575843989636e-84
285.9499999999946 6.254081866832685e-85
285.9599999999946 2.4765898038588848e-85
285.96999999999457 9.785008290356513e-86
285.97999999999456 3.857313293506755e-86
285.98999999999455 1.5171384972925094e-86
285.99999999999454 5.953634126361492e-87
286.00999999999453 2.3310718191983123e-87
286.0199999999945 9.106379912952585e-88
286.0299999999945 3.549379807642882e-88
286.0399999999945 1.3803072921729982e-88
286.0499999999945 5.3556931824105045e-89
286.0599999999945 2.0733479639211e-89
286.0699999999945 8.008391549733724e-90
286.07999999999447 3.0862777046770658e-90
286.08999999999446 1.186700985360604e-90
286.09999999999445 4.5526493642929027e-91
286.10999999999444 1.7426240440051337e-91
286.11999999999443 6.655179897335352e-92
286.1299999999944 2.5359021718403627e-92
286.1399999999944 9.640993509806874e-93
286.1499999999944 3.6570229351078243e-93
286.1599999999944 1.3840448900818431e-93
286.1699999999944 5.226239007987088e-94
286.1799999999944 1.9689965568759592e-94
286.18999999999437 7.401457418690428e-95
286.19999999999436 2.775914796776329e-95
286.20999999999435 1.0387513888454474e-95
286.21999999999434 3.878231252114594e-96
286.22999999999433 1.4446824089858433e-96
286.2399999999943 5.369423587658407e-97
286.2499999999943 1.9911296825624557e-97
286.2599999999943 7.366955145098881e-98
286.2699999999943 2.7195252987151216e-98
286.2799999999943 1.001647195946826e-98
286.2899999999943 3.680891825977436e-99
286.29999999999427 1.349608883627356e-99
286.30999999999426 4.937184997497619e-100
286.31999999999425 1.8020526342754884e-100
286.32999999999424 6.562542687699898e-101
286.33999999999423 2.384478493888314e-101
286.3499999999942 8.644328786042405e-102
286.3599999999942 3.1266966088505415e-102
286.3699999999942 1.1283837080146838e-102
286.3799999999942 4.0629779944028723e-103
286.3899999999942 1.4596500010262286e-103
286.3999999999942 5.23202237224102e-104
286.40999999999417 1.8711433113676612e-104
286.41999999999416 6.676688416328881e-105
286.42999999999415 2.3770141432922364e-105
286.43999999999414 8.443432211208908e-106
286.44999999999413 2.9924222468476506e-106
286.4599999999941 1.0581404759364035e-106
286.4699999999941 3.7331924471391165e-107
286.4799999999941 1.3141169843221524e-107
286.4899999999941 4.615346132408016e-108
286.4999999999941 1.6173020020020207e-108
286.5099999999941 5.654504708557098e-109
286.51999999999407 1.9724891120438735e-109
286.52999999999406 6.86516939734379e-110
286.53999999999405 2.383990386708325e-110
286.54999999999404 8.259891459035177e-111
286.55999999999403 2.855359397698834e-111
286.569999999994 9.848357780162837e-112
286.579999999994 3.3890927489720544e-112
286.589999999994 1.163642807863098e-112
286.599999999994 3.9863233507077013e-113
286.609999999994 1.3625170835546517e-113
286.619999999994 4.646521891475866e-114
286.62999999999397 1.5809954411539308e-114
286.63999999999396 5.367225550674311e-115
286.64999999999395 1.817965652624147e-115
286.65999999999394 6.143814573226502e-116
286.66999999999393 2.0716058296612482e-116
286.6799999999939 6.969357584098942e-117
286.6899999999939 2.339348743198056e-117
286.6999999999939 7.834545204483874e-118
286.7099999999939 2.617876835091548e-118
286.7199999999939 8.727728508326718e-119
286.7299999999939 2.903152470177034e-119
286.73999999999387 9.635074133802305e-120
286.74999999999386 3.1904862308230605e-120
286.75999999999385 1.0540841609085133e-120
286.76999999999384 3.4746438727778765e-121
286.77999999999383 1.1427781003174387e-121
286.7899999999938 3.7499900726162577e-122
286.7999999999938 1.2277640862824716e-122
286.8099999999938 4.0106644800253314e-123
286.8199999999938 1.3071768159671115e-123
286.8299999999938 4.250783050239455e-124
286.8399999999938 1.3791774332847256e-124
286.84999999999377 4.464655393838198e-125
286.85999999999376 1.442023516525178e-125
286.86999999999375 4.6470071551998816e-126
286.87999999999374 1.4941387807646722e-126
286.88999999999373 4.7931953987308625e-127
286.8999999999937 1.5341786264374686e-127
286.9099999999937 4.899404773683336e-128
286.9199999999937 1.5610877387264986e-128
286.9299999999937 4.962812906250574e-129
286.9399999999937 1.5741462966404748e-129
286.9499999999937 4.98171501600546e-130
286.95999999999367 1.573001968151026e-130
286.96999999999366 4.955600077307808e-131
286.97999999999365 1.5576857063975432e-131
286.98999999999364 4.885173776415029e-132
286.99999999999363 1.5286103584524326e-132
287.0099999999936 4.7723268247876006e-133
287.0199999999936 1.4865521739299497e-133
287.0299999999936 4.620050614525673e-134
287.0399999999936 1.4326163694844066e-134
287.0499999999936 4.432305467787454e-135
287.0599999999936 1.3681888813660873e-135
287.06999999999357 4.2138495787485e-136
287.07999999999356 1.2948772450979945e-136
287.08999999999355 3.9700389553313986e-137
287.09999999999354 1.2144441187937706e-137
287.10999999999353 3.706610080918046e-138
287.1199999999935 1.1287372762624349e-138
287.1299999999935 3.429457550781688e-139
287.1399999999935 1.039619924274687e-139
287.1499999999935 3.144418591247288e-140
287.1599999999935 9.489049567635171e-141
287.1699999999935 2.8570752156869314e-141
287.17999999999347 8.582962816603428e-142
287.18999999999346 2.572582949974791e-142
287.19999999999345 7.693396961090619e-143
287.20999999999344 2.2955327590015e-143
287.21999999999343 6.833850075795371e-144
287.2299999999934 2.029850240416281e-144
287.2399999999934 6.015602716061982e-145
287.2499999999934 1.778733541969496e-145
287.2599999999934 5.247582092897742e-146
287.2699999999934 1.5446290084680905e-146
287.2799999999934 4.5363413906275775e-147
287.28999999999337 1.3292414436249592e-147
287.29999999999336 3.886141544330586e-148
287.30999999999335 1.1335742051396124e-148
287.31999999999334 3.2991183362431474e-149
287.32999999999333 9.579932100576948e-150
287.3399999999933 2.775514924904226e-150
287.3499999999933 8.023083308675253e-151
287.3599999999933 2.313958869932393e-151
287.3699999999933 6.658655821998198e-152
287.3799999999933 1.9117632025443983e-152
287.3899999999933 5.47643865898335e-153
287.39999999999327 1.5652328560916216e-153
287.40999999999326 4.463507640171954e-154
287.41999999999325 1.2699604848447843e-154
287.42999999999324 3.6051283585853536e-155
287.43999999999323 1.0210990096711154e-155
287.4499999999932 2.885569749763641e-156
287.4599999999932 8.136017924246839e-157
287.4699999999932 2.288805116132359e-157
287.4799999999932 6.424248519707788e-158
287.4899999999932 1.7990881762308442e-158
287.4999999999932 5.026887479973868e-159
287.50999999999317 1.4014011767273906e-159
287.51999999999316 3.898004984085225e-160
287.52999999999315 1.0817798831546517e-160
287.53999999999314 2.995380585715891e-161
287.54999999999313 8.275261356109642e-162
287.5599999999931 2.2810143941954976e-162
287.5699999999931 6.27322596746838e-163
287.5799999999931 1.721354962198292e-163
287.5899999999931 4.712664672379832e-164
287.5999999999931 1.2872984326954505e-164
287.6099999999931 3.508395464014864e-165
287.61999999999307 9.540133232236695e-166
287.62999999999306 2.588313857897791e-166
287.63999999999305 7.006417844441562e-167
287.64999999999304 1.8923075798878526e-167
287.65999999999303 5.099223207952469e-168
287.669999999993 1.3709856690906864e-168
287.679999999993 3.6777178379614615e-169
287.689999999993 9.843294887363899e-170
287.699999999993 2.628567805680469e-170
287.709999999993 7.003489333308218e-171
287.719999999993 1.8617714120607254e-171
287.72999999999297 4.938042708769108e-172
287.73999999999296 1.306772314723513e-172
287.74999999999295 3.450337725911802e-173
287.75999999999294 9.089497766418458e-174
287.76999999999293 2.3891024102682255e-174
287.7799999999929 6.265363090239591e-175
287.7899999999929 1.6393599494959016e-175
287.7999999999929 4.279755867553278e-176
287.8099999999929 1.1147571585493306e-176
287.8199999999929 2.897064353631752e-177
287.8299999999929 7.511948704890384e-178
287.83999999999287 1.9434066461439616e-178
287.84999999999286 5.016390678941893e-179
287.85999999999285 1.291919993885233e-179
287.86999999999284 3.3196820136788525e-180
287.87999999999283 8.510869865508243e-181
287.8899999999928 2.1770480439754472e-181
287.8999999999928 5.5562103010762236e-182
287.9099999999928 1.4148354598774542e-182
287.9199999999928 3.594593588004995e-183
287.9299999999928 9.111927452037136e-184
287.9399999999928 2.3045562343318635e-184
287.94999999999277 5.815418387913336e-185
287.95999999999276 1.4641690398274104e-185
287.96999999999275 3.678053754014647e-186
287.97999999999274 9.218526818340554e-187
287.98999999999273 2.305268805560071e-187
287.9999999999927 5.751726440601588e-188
288.0099999999927 1.4318300398376001e-188
288.0199999999927 3.556323960286851e-189
288.0299999999927 8.813080976990648e-190
288.0399999999927 2.1790681051339131e-190
288.0499999999927 5.3756433331041294e-191
288.05999999999267 1.323142705695478e-191
288.06999999999266 3.2493726928321852e-192
288.07999999999265 7.961757846572948e-193
288.08999999999264 1.9464130216835904e-193
288.09999999999263 4.7476384333954856e-194
288.1099999999926 1.1554119928938148e-194
288.1199999999926 2.8055157035708176e-195
288.1299999999926 6.796810090849137e-196
288.1399999999926 1.6429114853812039e-196
288.1499999999926 3.962231028217587e-197
288.1599999999926 9.53415091808276e-198
288.16999999999257 2.2889739409360203e-198
288.17999999999256 5.482975096748315e-199
288.18999999999255 1.3104133140588618e-199
288.19999999999254 3.1247618178343206e-200
288.20999999999253 7.43433522529549e-201
288.2199999999925 1.764753125851053e-201
288.2299999999925 4.179673696726832e-202
288.2399999999925 9.876825823552547e-203
288.2499999999925 2.328675697249177e-203
288.2599999999925 5.477939419869613e-204
288.2699999999925 1.2857070879636841e-204
288.27999999999247 3.010810693304809e-205
288.28999999999246 7.03463324569945e-206
288.29999999999245 1.6398951039058842e-206
288.30999999999244 3.814233506725878e-207
288.31999999999243 8.851463510616326e-208
288.3299999999924 2.0494601980570815e-208
288.3399999999924 4.7345694577852766e-209
288.3499999999924 1.0912847709955393e-209
288.3599999999924 2.509645015633834e-210
288.3699999999924 5.7584167887882135e-211
288.3799999999924 1.3182885923068174e-211
288.38999999999237 3.0111645653270993e-212
288.39999999999236 6.862385115562111e-213
288.40999999999235 1.560386849006356e-213
288.41999999999234 3.540022925577177e-214
288.42999999999233 8.013024422683747e-215
288.4399999999923 1.8096869596493443e-215
288.4499999999923 4.07781055944573e-216
288.4599999999923 9.167844406943231e-217
288.4699999999923 2.056477776172432e-217
288.4799999999923 4.602538242973335e-218
288.4899999999923 1.0277497733901016e-218
288.49999999999227 2.289781131218357e-219
288.50999999999226 5.089992630338779e-220
288.51999999999225 1.1289037962302934e-220
288.52999999999224 2.498120090416204e-221
288.53999999999223 5.515517785555257e-222
288.5499999999922 1.2149988456967592e-222
288.5599999999922 2.6704351754510356e-223
288.5699999999922 5.856050500889331e-224
288.5799999999922 1.2812804076235059e-224
288.5899999999922 2.797049523963765e-225
288.5999999999922 6.092179982666973e-226
288.60999999999217 1.3239204584504893e-226
288.61999999999216 2.8705668158711704e-227
288.62999999999215 6.20997748256857e-228
288.63999999999214 1.340383242013249e-228
288.64999999999213 2.8865863407029157e-229
288.6599999999921 6.202356336627788e-230
288.6699999999921 1.3296749090802708e-230
288.6799999999921 2.8441390973789557e-231
288.6899999999921 6.069777758466366e-232
288.6999999999921 1.292442843250397e-232
288.7099999999921 2.745784827078732e-233
288.71999999999207 5.82020463284533e-234
288.72999999999206 1.2309108687225638e-234
288.73999999999205 2.5973564670394557e-235
288.74999999999204 5.468309746972051e-236
288.75999999999203 1.148659357653899e-236
288.769999999992 2.4073875034218928e-237
288.779999999992 5.034047942929251e-238
288.789999999992 1.0502804741250917e-238
288.799999999992 2.18630040097352e-239
288.809999999992 4.540785385376694e-240
288.819999999992 9.409547007887467e-241
288.82999999999197 1.9454633566026098e-241
288.83999999999196 4.0132294703401e-242
288.84999999999195 8.260028180810215e-243
288.85999999999194 1.696233608727278e-243
288.86999999999193 3.475412810249914e-244
288.8799999999919 7.104667045476365e-245
288.8899999999919 1.4490976790211011e-245
288.8999999999919 2.948955306128973e-246
288.9099999999919 5.987635006886012e-247
288.9199999999919 1.2129950981703488e-247
288.9299999999919 2.4517679949766837e-248
288.93999999999187 4.944430718097334e-249
288.94999999999186 9.948779808088606e-250
288.95999999999185 1.9972845412934255e-250
288.96999999999184 4.000614097787508e-251
288.97999999999183 7.995211929440955e-252
288.9899999999918 1.5942260372417028e-252
288.9999999999918 3.1716584607002245e-253
289.0099999999918 6.295634829406874e-254
289.0199999999918 1.246835741413198e-254
289.0299999999918 2.463743863532658e-255
289.0399999999918 4.8573395839326865e-256
289.04999999999177 9.554720261700603e-257
289.05999999999176 1.8752280256537787e-257
289.06999999999175 3.672034832042746e-258
289.07999999999174 7.174243253515758e-259
289.08999999999173 1.3984984923275022e-259
289.0999999999917 2.7199724532285407e-260
289.1099999999917 5.27817283954666e-261
289.1199999999917 1.021925669223291e-261
289.1299999999917 1.9741111766669802e-262
289.1399999999917 3.804875977569018e-263
289.1499999999917 7.316881167924679e-264
289.15999999999167 1.4038738905703697e-264
289.16999999999166 2.6874895917780996e-265
289.17999999999165 5.1331278769179704e-266
289.18999999999164 9.782142270276498e-267
289.19999999999163 1.8599551192632298e-267
289.2099999999916 3.528479133285453e-268
289.2199999999916 6.678658554065153e-269
289.2299999999916 1.2612684341367705e-269
289.2399999999916 2.3765251322498885e-270
289.2499999999916 4.467801758760192e-271
289.2599999999916 8.380346521354101e-272
289.26999999999157 1.5683632504888743e-272
289.27999999999156 2.9285182636016697e-273
289.28999999999155 5.455892628860223e-274
289.29999999999154 1.0141455552911123e-274
289.30999999999153 1.880837897891226e-275
289.3199999999915 3.4803189089535005e-276
289.3299999999915 6.425446528957188e-277
289.3399999999915 1.1835978981848233e-277
289.3499999999915 2.175312499718463e-278
289.3599999999915 3.988923653630781e-279
289.3699999999915 7.298042558680843e-280
289.37999999999147 1.3322129708541439e-280
289.38999999999146 2.426372765160884e-281
289.39999999999145 4.4091815968989885e-282
289.40999999999144 7.994200716994832e-283
289.41999999999143 1.4461345733338546e-283
289.4299999999914 2.610110949996589e-284
289.4399999999914 4.700302693214628e-285
289.4499999999914 8.44518725654279e-286
289.4599999999914 1.5139423550232994e-286
289.4699999999914 2.707858668788681e-287
289.4799999999914 4.832359617280615e-288
289.48999999999137 8.604172287129456e-289
289.49999999999136 1.5285355655790464e-289
289.50999999999135 2.709309358693322e-290
289.51999999999134 4.7913538425395936e-291
289.52999999999133 8.454238415499485e-292
289.5399999999913 1.488357759714867e-292
289.5499999999913 2.6143081673892345e-293
289.5599999999913 4.5816596253074856e-294
289.5699999999913 8.011345524692417e-295
289.5799999999913 1.3976701906545502e-295
289.5899999999913 2.432879175571465e-296
289.59999999999127 4.225255522590984e-297
289.60999999999126 7.321532824329687e-298
289.61999999999125 1.2658074521465931e-298
289.62999999999124 2.183483333032092e-299
289.63999999999123 3.75793023217743e-300
289.6499999999912 6.453036823449299e-301
289.6599999999912 1.1055952711001158e-301
289.6699999999912 1.889926002173651e-302
289.6799999999912 3.223369013285975e-303
289.6899999999912 5.485192225438686e-304
289.6999999999912 9.313014423701847e-305
289.70999999999117 1.5776305154310057e-305
289.71999999999116 2.6664713343428955e-306
289.72999999999115 4.4966091412282085e-307
289.73999999999114 7.565714653539332e-308
289.74999999999113 1.270080869986075e-308
289.7599999999911 2.1273031862197e-309
289.7699999999911 3.5550360175311e-310
289.7799999999911 5.927549894818e-311
289.7899999999911 9.861047032923e-312
289.7999999999911 1.636769187505e-312
289.8099999999911 2.71061882417e-313
289.81999999999107 4.478845257e-314
289.82999999999106 7.383805776e-315
289.83999999999105 1.214537897e-315
289.84999999999104 1.99323487e-316
289.85999999999103 3.263792e-317
289.869999999991 5.33216e-318
289.879999999991 8.6916e-319
289.889999999991 1.41357e-319
289.899999999991 2.294e-320
289.909999999991 3.715e-321
289.919999999991 6e-322
289.92999999999097 1e-322
289.93999999999096 1.5e-323
289.94999999999095 5e-324
289.95999999999094 0.0
289.96999999999093 0.0
289.9799999999909 0.0
289.9899999999909 0.0
289.9999999999909 0.0
290.0099999999909 0.0
290.0199999999909 0.0
290.0299999999909 0.0
290.03999999999087 0.0
290.04999999999086 0.0
290.05999999999085 0.0
290.06999999999084 0.0
290.07999999999083 0.0
290.0899999999908 0.0
290.0999999999908 0.0
290.1099999999908 0.0
290.1199999999908 0.0
290.1299999999908 0.0
290.1399999999908 0.0
290.14999999999077 0.0
290.15999999999076 0.0
290.16999999999075 0.0
290.17999999999074 0.0
290.18999999999073 0.0
290.1999999999907 0.0
290.2099999999907 0.0
290.2199999999907 0.0
290.2299999999907 0.0
290.2399999999907 0.0
290.2499999999907 0.0
290.25999999999067 0.0
290.26999999999066 0.0
290.27999999999065 0.0
290.28999999999064 0.0
290.29999999999063 0.0
290.3099999999906 0.0
290.3199999999906 0.0
290.3299999999906 0.0
290.3399999999906 0.0
290.3499999999906 0.0
290.3599999999906 0.0
290.36999999999057 0.0
290.37999999999056 0.0
290.38999999999055 0.0
290.39999999999054 0.0
290.40999999999053 0.0
290.4199999999905 0.0
290.4299999999905 0.0
290.4399999999905 0.0
290.4499999999905 0.0
290.4599999999905 0.0
290.4699999999905 0.0
290.47999999999047 0.0
290.48999999999046 0.0
290.49999999999045 0.0
290.50999999999044 0.0
290.51999999999043 0.0
290.5299999999904 0.0
290.5399999999904 0.0
290.5499999999904 0.0
290.5599999999904 0.0
290.5699999999904 0.0
290.5799999999904 0.0
290.58999999999037 0.0
290.59999999999036 0.0
290.60999999999035 0.0
290.61999999999034 0.0
290.62999999999033 0.0
290.6399999999903 0.0
290.6499999999903 0.0
290.6599999999903 0.0
290.6699999999903 0.0
290.6799999999903 0.0
290.6899999999903 0.0
290.69999999999027 0.0
290.70999999999026 0.0
290.71999999999025 0.0
290.72999999999024 0.0
290.73999999999023 0.0
290.7499999999902 0.0
290.7599999999902 0.0
290.7699999999902 0.0
290.7799999999902 0.0
290.7899999999902 0.0
290.7999999999902 0.0
290.80999999999017 0.0
290.81999999999016 0.0
290.82999999999015 0.0
290.83999999999014 0.0
290.84999999999013 0.0
290.8599999999901 0.0
290.8699999999901 0.0
290.8799999999901 0.0
290.8899999999901 0.0
290.8999999999901 0.0
290.9099999999901 0.0
290.91999999999007 0.0
290.92999999999006 0.0
290.93999999999005 0.0
290.94999999999004 0.0
290.95999999999003 0.0
290.96999999999 0.0
290.97999999999 0.0
290.98999999999 0.0
290.99999999999 0.0
291.00999999999 0.0
291.01999999999 0.0
291.02999999998997 0.0
291.03999999998996 0.0
291.04999999998995 0.0
291.05999999998994 0.0
291.06999999998993 0.0
291.0799999999899 0.0
291.0899999999899 0.0
291.0999999999899 0.0
291.1099999999899 0.0
291.1199999999899 0.0
291.1299999999899 0.0
291.13999999998987 0.0
291.14999999998986 0.0
291.15999999998985 0.0
291.16999999998984 0.0
291.17999999998983 0.0
291.1899999999898 0.0
291.1999999999898 0.0
291.2099999999898 0.0
291.2199999999898 0.0
291.2299999999898 0.0
291.2399999999898 0.0
291.24999999998977 0.0
291.25999999998976 0.0
291.26999999998975 0.0
291.27999999998974 0.0
291.28999999998973 0.0
291.2999999999897 0.0
291.3099999999897 0.0
291.3199999999897 0.0
291.3299999999897 0.0
291.3399999999897 0.0
291.3499999999897 0.0
291.35999999998967 0.0
291.36999999998966 0.0
291.37999999998965 0.0
291.38999999998964 0.0
291.39999999998963 0.0
291.4099999999896 0.0
291.4199999999896 0.0
291.4299999999896 0.0
291.4399999999896 0.0
291.4499999999896 0.0
291.4599999999896 0.0
291.46999999998957 0.0
291.47999999998956 0.0
291.48999999998955 0.0
291.49999999998954 0.0
291.50999999998953 0.0
291.5199999999895 0.0
291.5299999999895 0.0
291.5399999999895 0.0
291.5499999999895 0.0
291.5599999999895 0.0
291.5699999999895 0.0
291.57999999998947 0.0
291.58999999998946 0.0
291.59999999998945 0.0
291.60999999998944 0.0
291.61999999998943 0.0
291.6299999999894 0.0
291.6399999999894 0.0
291.6499999999894 0.0
291.6599999999894 0.0
291.6699999999894 0.0
291.6799999999894 0.0
291.68999999998937 0.0
291.69999999998936 0.0
291.70999999998935 0.0
291.71999999998934 0.0
291.72999999998933 0.0
291.7399999999893 0.0
291.7499999999893 0.0
291.7599999999893 0.0
291.7699999999893 0.0
291.7799999999893 0.0
291.7899999999893 0.0
291.79999999998927 0.0
291.80999999998926 0.0
291.81999999998925 0.0
291.82999999998924 0.0
291.83999999998923 0.0
291.8499999999892 0.0
291.8599999999892 0.0
291.8699999999892 0.0
291.8799999999892 0.0
291.8899999999892 0.0
291.8999999999892 0.0
291.90999999998917 0.0
291.91999999998916 0.0
291.92999999998915 0.0
291.93999999998914 0.0
291.94999999998913 0.0
291.9599999999891 0.0
291.9699999999891 0.0
291.9799999999891 0.0
291.9899999999891 0.0
291.9999999999891 0.0
292.0099999999891 0.0
292.01999999998907 0.0
292.02999999998906 0.0
292.03999999998905 0.0
292.04999999998904 0.0
292.05999999998903 0.0
292.069999999989 0.0
292.079999999989 0.0
292.089999999989 0.0
292.099999999989 0.0
292.109999999989 0.0
292.119999999989 0.0
292.12999999998897 0.0
292.13999999998896 0.0
292.14999999998895 0.0
292.15999999998894 0.0
292.16999999998893 0.0
292.1799999999889 0.0
292.1899999999889 0.0
292.1999999999889 0.0
292.2099999999889 0.0
292.2199999999889 0.0
292.2299999999889 0.0
292.23999999998887 0.0
292.24999999998886 0.0
292.25999999998885 0.0
292.26999999998884 0.0
292.27999999998883 0.0
292.2899999999888 0.0
292.2999999999888 0.0
292.3099999999888 0.0
292.3199999999888 0.0
292.3299999999888 0.0
292.3399999999888 0.0
292.34999999998877 0.0
292.35999999998876 0.0
292.36999999998875 0.0
292.37999999998874 0.0
292.38999999998873 0.0
292.3999999999887 0.0
292.4099999999887 0.0
292.4199999999887 0.0
292.4299999999887 0.0
292.4399999999887 0.0
292.4499999999887 0.0
292.45999999998867 0.0
292.46999999998866 0.0
292.47999999998865 0.0
292.48999999998864 0.0
292.49999999998863 0.0
292.5099999999886 0.0
292.5199999999886 0.0
292.5299999999886 0.0
292.5399999999886 0.0
292.5499999999886 0.0
292.5599999999886 0.0
292.56999999998857 0.0
292.57999999998856 0.0
292.58999999998855 0.0
292.59999999998854 0.0
292.60999999998853 0.0
292.6199999999885 0.0
292.6299999999885 0.0
292.6399999999885 0.0
292.6499999999885 0.0
292.6599999999885 0.0
292.6699999999885 0.0
292.67999999998847 0.0
292.68999999998846 0.0
292.69999999998845 0.0
292.70999999998844 0.0
292.71999999998843 0.0
292.7299999999884 0.0
292.7399999999884 0.0
292.7499999999884 0.0
292.7599999999884 0.0
292.7699999999884 0.0
292.7799999999884 0.0
292.78999999998837 0.0
292.79999999998836 0.0
292.80999999998835 0.0
292.81999999998834 0.0
292.82999999998833 0.0
292.8399999999883 0.0
292.8499999999883 0.0
292.8599999999883 0.0
292.8699999999883 0.0
292.8799999999883 0.0
292.8899999999883 0.0
292.89999999998827 0.0
292.90999999998826 0.0
292.91999999998825 0.0
292.92999999998824 0.0
292.93999999998823 0.0
292.9499999999882 0.0
292.9599999999882 0.0
292.9699999999882 0.0
292.9799999999882 0.0
292.9899999999882 0.0
292.9999999999882 0.0
293.00999999998817 0.0
293.01999999998816 0.0
293.02999999998815 0.0
293.03999999998814 0.0
293.04999999998813 0.0
293.0599999999881 0.0
293.0699999999881 0.0
293.0799999999881 0.0
293.0899999999881 0.0
293.0999999999881 0.0
293.1099999999881 0.0
293.11999999998807 0.0
293.12999999998806 0.0
293.13999999998805 0.0
293.14999999998804 0.0
293.15999999998803 0.0
293.169999999988 0.0
293.179999999988 0.0
293.189999999988 0.0
293.199999999988 0.0
293.209999999988 0.0
293.219999999988 0.0
293.22999999998797 0.0
293.23999999998796 0.0
293.24999999998795 0.0
293.25999999998794 0.0
293.26999999998793 0.0
293.2799999999879 0.0
293.2899999999879 0.0
293.2999999999879 0.0
293.3099999999879 0.0
293.3199999999879 0.0
293.3299999999879 0.0
293.33999999998787 0.0
293.34999999998786 0.0
293.35999999998785 0.0
293.36999999998784 0.0
293.37999999998783 0.0
293.3899999999878 0.0
293.3999999999878 0.0
293.4099999999878 0.0
293.4199999999878 0.0
293.4299999999878 0.0
293.4399999999878 0.0
293.44999999998777 0.0
293.45999999998776 0.0
293.46999999998775 0.0
293.47999999998774 0.0
293.48999999998773 0.0
293.4999999999877 0.0
293.5099999999877 0.0
293.5199999999877 0.0
293.5299999999877 0.0
293.5399999999877 0.0
293.5499999999877 0.0
293.55999999998767 0.0
293.56999999998766 0.0
293.57999999998765 0.0
293.58999999998764 0.0
293.59999999998763 0.0
293.6099999999876 0.0
293.6199999999876 0.0
293.6299999999876 0.0
293.6399999999876 0.0
293.6499999999876 0.0
293.6599999999876 0.0
293.66999999998757 0.0
293.67999999998756 0.0
293.68999999998755 0.0
293.69999999998754 0.0
293.70999999998753 0.0
293.7199999999875 0.0
293.7299999999875 0.0
293.7399999999875 0.0
293.7499999999875 0.0
293.7599999999875 0.0
293.7699999999875 0.0
293.77999999998747 0.0
293.78999999998746 0.0
293.79999999998745 0.0
293.80999999998744 0.0
293.81999999998743 0.0
293.8299999999874 0.0
293.8399999999874 0.0
293.8499999999874 0.0
293.8599999999874 0.0
293.8699999999874 0.0
293.8799999999874 0.0
293.88999999998737 0.0
293.89999999998736 0.0
293.90999999998735 0.0
293.91999999998734 0.0
293.92999999998733 0.0
293.9399999999873 0.0
293.9499999999873 0.0
293.9599999999873 0.0
293.9699999999873 0.0
293.9799999999873 0.0
293.9899999999873 0.0
293.99999999998727 0.0
294.00999999998726 0.0
294.01999999998725 0.0
294.02999999998724 0.0
294.03999999998723 0.0
294.0499999999872 0.0
294.0599999999872 0.0
294.0699999999872 0.0
294.0799999999872 0.0
294.0899999999872 0.0
294.0999999999872 0.0
294.10999999998717 0.0
294.11999999998716 0.0
294.12999999998715 0.0
294.13999999998714 0.0
294.14999999998713 0.0
294.1599999999871 0.0
294.1699999999871 0.0
294.1799999999871 0.0
294.1899999999871 0.0
294.1999999999871 0.0
294.2099999999871 0.0
294.21999999998707 0.0
294.22999999998706 0.0
294.23999999998705 0.0
294.24999999998704 0.0
294.25999999998703 0.0
294.269999999987 0.0
294.279999999987 0.0
294.289999999987 0.0
294.299999999987 0.0
294.309999999987 0.0
294.319999999987 0.0
294.32999999998697 0.0
294.33999999998696 0.0
294.34999999998695 0.0
294.35999999998694 0.0
294.36999999998693 0.0
294.3799999999869 0.0
294.3899999999869 0.0
294.3999999999869 0.0
294.4099999999869 0.0
294.4199999999869 0.0
294.4299999999869 0.0
294.43999999998687 0.0
294.44999999998686 0.0
294.45999999998685 0.0
294.46999999998684 0.0
294.47999999998683 0.0
294.4899999999868 0.0
294.4999999999868 0.0
294.5099999999868 0.0
294.5199999999868 0.0
294.5299999999868 0.0
294.5399999999868 0.0
294.54999999998677 0.0
294.55999999998676 0.0
294.56999999998675 0.0
294.57999999998674 0.0
294.58999999998673 0.0
294.5999999999867 0.0
294.6099999999867 0.0
294.6199999999867 0.0
294.6299999999867 0.0
294.6399999999867 0.0
294.6499999999867 0.0
294.65999999998667 0.0
294.66999999998666 0.0
294.67999999998665 0.0
294.68999999998664 0.0
294.69999999998663 0.0
294.7099999999866 0.0
294.7199999999866 0.0
294.7299999999866 0.0
294.7399999999866 0.0
294.7499999999866 0.0
294.7599999999866 0.0
294.76999999998657 0.0
294.77999999998656 0.0
294.78999999998655 0.0
294.79999999998654 0.0
294.80999999998653 0.0
294.8199999999865 0.0
294.8299999999865 0.0
294.8399999999865 0.0
294.8499999999865 0.0
294.8599999999865 0.0
294.8699999999865 0.0
294.87999999998647 0.0
294.88999999998646 0.0
294.89999999998645 0.0
294.90999999998644 0.0
294.91999999998643 0.0
294.9299999999864 0.0
294.9399999999864 0.0
294.9499999999864 0.0
294.9599999999864 0.0
294.9699999999864 0.0
294.9799999999864 0.0
294.98999999998637 0.0
294.99999999998636 0.0
295.00999999998635 0.0
295.01999999998634 0.0
295.02999999998633 0.0
295.0399999999863 0.0
295.0499999999863 0.0
295.0599999999863 0.0
295.0699999999863 0.0
295.0799999999863 0.0
295.0899999999863 0.0
295.09999999998627 0.0
295.10999999998626 0.0
295.11999999998625 0.0
295.12999999998624 0.0
295.13999999998623 0.0
295.1499999999862 0.0
295.1599999999862 0.0
295.1699999999862 0.0
295.1799999999862 0.0
295.1899999999862 0.0
295.1999999999862 0.0
295.20999999998617 0.0
295.21999999998616 0.0
295.22999999998615 0.0
295.23999999998614 0.0
295.24999999998613 0.0
295.2599999999861 0.0
295.2699999999861 0.0
295.2799999999861 0.0
295.2899999999861 0.0
295.2999999999861 0.0
295.3099999999861 0.0
295.31999999998607 0.0
295.32999999998606 0.0
295.33999999998605 0.0
295.34999999998604 0.0
295.35999999998603 0.0
295.369999999986 0.0
295.379999999986 0.0
295.389999999986 0.0
295.399999999986 0.0
295.409999999986 0.0
295.419999999986 0.0
295.42999999998597 0.0
295.43999999998596 0.0
295.44999999998595 0.0
295.45999999998594 0.0
295.46999999998593 0.0
295.4799999999859 0.0
295.4899999999859 0.0
295.4999999999859 0.0
295.5099999999859 0.0
295.5199999999859 0.0
295.5299999999859 0.0
295.53999999998587 0.0
295.54999999998586 0.0
295.55999999998585 0.0
295.56999999998584 0.0
295.57999999998583 0.0
295.5899999999858 0.0
295.5999999999858 0.0
295.6099999999858 0.0
295.6199999999858 0.0
295.6299999999858 0.0
295.6399999999858 0.0
295.64999999998577 0.0
295.65999999998576 0.0
295.66999999998575 0.0
295.67999999998574 0.0
295.68999999998573 0.0
295.6999999999857 0.0
295.7099999999857 0.0
295.7199999999857 0.0
295.7299999999857 0.0
295.7399999999857 0.0
295.7499999999857 0.0
295.75999999998567 0.0
295.76999999998566 0.0
295.77999999998565 0.0
295.78999999998564 0.0
295.79999999998563 0.0
295.8099999999856 0.0
295.8199999999856 0.0
295.8299999999856 0.0
295.8399999999856 0.0
295.8499999999856 0.0
295.8599999999856 0.0
295.86999999998557 0.0
295.87999999998556 0.0
295.88999999998555 0.0
295.89999999998554 0.0
295.90999999998553 0.0
295.9199999999855 0.0
295.9299999999855 0.0
295.9399999999855 0.0
295.9499999999855 0.0
295.9599999999855 0.0
295.9699999999855 0.0
295.97999999998547 0.0
295.98999999998546 0.0
295.99999999998545 0.0
296.00999999998544 0.0
296.01999999998543 0.0
296.0299999999854 0.0
296.0399999999854 0.0
296.0499999999854 0.0
296.0599999999854 0.0
296.0699999999854 0.0
296.0799999999854 0.0
296.08999999998537 0.0
296.09999999998536 0.0
296.10999999998535 0.0
296.11999999998534 0.0
296.12999999998533 0.0
296.1399999999853 0.0
296.1499999999853 0.0
296.1599999999853 0.0
296.1699999999853 0.0
296.1799999999853 0.0
296.1899999999853 0.0
296.19999999998527 0.0
296.20999999998526 0.0
296.21999999998525 0.0
296.22999999998524 0.0
296.23999999998523 0.0
296.2499999999852 0.0
296.2599999999852 0.0
296.2699999999852 0.0
296.2799999999852 0.0
296.2899999999852 0.0
296.2999999999852 0.0
296.30999999998517 0.0
296.31999999998516 0.0
296.32999999998515 0.0
296.33999999998514 0.0
296.34999999998513 0.0
296.3599999999851 0.0
296.3699999999851 0.0
296.3799999999851 0.0
296.3899999999851 0.0
296.3999999999851 0.0
296.4099999999851 0.0
296.41999999998507 0.0
296.42999999998506 0.0
296.43999999998505 0.0
296.44999999998504 0.0
296.45999999998503 0.0
296.469999999985 0.0
296.479999999985 0.0
296.489999999985 0.0
296.499999999985 0.0
296.509999999985 0.0
296.519999999985 0.0
296.52999999998497 0.0
296.53999999998496 0.0
296.54999999998495 0.0
296.55999999998494 0.0
296.56999999998493 0.0
296.5799999999849 0.0
296.5899999999849 0.0
296.5999999999849 0.0
296.6099999999849 0.0
296.6199999999849 0.0
296.6299999999849 0.0
296.63999999998487 0.0
296.64999999998486 0.0
296.65999999998485 0.0
296.66999999998484 0.0
296.67999999998483 0.0
296.6899999999848 0.0
296.6999999999848 0.0
296.7099999999848 0.0
296.7199999999848 0.0
296.7299999999848 0.0
296.7399999999848 0.0
296.74999999998477 0.0
296.75999999998476 0.0
296.76999999998475 0.0
296.77999999998474 0.0
296.78999999998473 0.0
296.7999999999847 0.0
296.8099999999847 0.0
296.8199999999847 0.0
296.8299999999847 0.0
296.8399999999847 0.0
296.8499999999847 0.0
296.85999999998467 0.0
296.86999999998466 0.0
296.87999999998465 0.0
296.88999999998464 0.0
296.89999999998463 0.0
296.9099999999846 0.0
296.9199999999846 0.0
296.9299999999846 0.0
296.9399999999846 0.0
296.9499999999846 0.0
296.9599999999846 0.0
296.96999999998457 0.0
296.97999999998456 0.0
296.98999999998455 0.0
296.99999999998454 0.0
297.00999999998453 0.0
297.0199999999845 0.0
297.0299999999845 0.0
297.0399999999845 0.0
297.0499999999845 0.0
297.0599999999845 0.0
297.0699999999845 0.0
297.07999999998447 0.0
297.08999999998446 0.0
297.09999999998445 0.0
297.10999999998444 0.0
297.11999999998443 0.0
297.1299999999844 0.0
297.1399999999844 0.0
297.1499999999844 0.0
297.1599999999844 0.0
297.1699999999844 0.0
297.1799999999844 0.0
297.18999999998437 0.0
297.19999999998436 0.0
297.20999999998435 0.0
297.21999999998434 0.0
297.22999999998433 0.0
297.2399999999843 0.0
297.2499999999843 0.0
297.2599999999843 0.0
297.2699999999843 0.0
297.2799999999843 0.0
297.2899999999843 0.0
297.29999999998427 0.0
297.30999999998426 0.0
297.31999999998425 0.0
297.32999999998424 0.0
297.33999999998423 0.0
297.3499999999842 0.0
297.3599999999842 0.0
297.3699999999842 0.0
297.3799999999842 0.0
297.3899999999842 0.0
297.3999999999842 0.0
297.40999999998417 0.0
297.41999999998416 0.0
297.42999999998415 0.0
297.43999999998414 0.0
297.44999999998413 0.0
297.4599999999841 0.0
297.4699999999841 0.0
297.4799999999841 0.0
297.4899999999841 0.0
297.4999999999841 0.0
297.5099999999841 0.0
297.51999999998407 0.0
297.52999999998406 0.0
297.53999999998405 0.0
297.54999999998404 0.0
297.55999999998403 0.0
297.569999999984 0.0
297.579999999984 0.0
297.589999999984 0.0
297.599999999984 0.0
297.609999999984 0.0
297.619999999984 0.0
297.62999999998397 0.0
297.63999999998396 0.0
297.64999999998395 0.0
297.65999999998394 0.0
297.66999999998393 0.0
297.6799999999839 0.0
297.6899999999839 0.0
297.6999999999839 0.0
297.7099999999839 0.0
297.7199999999839 0.0
297.7299999999839 0.0
297.73999999998387 0.0
297.74999999998386 0.0
297.75999999998385 0.0
297.76999999998384 0.0
297.77999999998383 0.0
297.7899999999838 0.0
297.7999999999838 0.0
297.8099999999838 0.0
297.8199999999838 0.0
297.8299999999838 0.0
297.8399999999838 0.0
297.84999999998377 0.0
297.85999999998376 0.0
297.86999999998375 0.0
297.87999999998374 0.0
297.88999999998373 0.0
297.8999999999837 0.0
297.9099999999837 0.0
297.9199999999837 0.0
297.9299999999837 0.0
297.9399999999837 0.0
297.9499999999837 0.0
297.95999999998367 0.0
297.96999999998366 0.0
297.97999999998365 0.0
297.98999999998364 0.0
297.99999999998363 0.0
298.0099999999836 0.0
298.0199999999836 0.0
298.0299999999836 0.0
298.0399999999836 0.0
298.0499999999836 0.0
298.0599999999836 0.0
298.06999999998357 0.0
298.07999999998356 0.0
298.08999999998355 0.0
298.09999999998354 0.0
298.10999999998353 0.0
298.1199999999835 0.0
298.1299999999835 0.0
298.1399999999835 0.0
298.1499999999835 0.0
298.1599999999835 0.0
298.1699999999835 0.0
298.17999999998347 0.0
298.18999999998346 0.0
298.19999999998345 0.0
298.20999999998344 0.0
298.21999999998343 0.0
298.2299999999834 0.0
298.2399999999834 0.0
298.2499999999834 0.0
298.2599999999834 0.0
298.2699999999834 0.0
298.2799999999834 0.0
298.28999999998337 0.0
298.29999999998336 0.0
298.30999999998335 0.0
298.31999999998334 0.0
298.32999999998333 0.0
298.3399999999833 0.0
298.3499999999833 0.0
298.3599999999833 0.0
298.3699999999833 0.0
298.3799999999833 0.0
298.3899999999833 0.0
298.39999999998327 0.0
298.40999999998326 0.0
298.41999999998325 0.0
298.42999999998324 0.0
298.43999999998323 0.0
298.4499999999832 0.0
298.4599999999832 0.0
298.4699999999832 0.0
298.4799999999832 0.0
298.4899999999832 0.0
298.4999999999832 0.0
298.50999999998317 0.0
298.51999999998316 0.0
298.52999999998315 0.0
298.53999999998314 0.0
298.54999999998313 0.0
298.5599999999831 0.0
298.5699999999831 0.0
298.5799999999831 0.0
298.5899999999831 0.0
298.5999999999831 0.0
298.6099999999831 0.0
298.61999999998307 0.0
298.62999999998306 0.0
298.63999999998305 0.0
298.64999999998304 0.0
298.65999999998303 0.0
298.669999999983 0.0
298.679999999983 0.0
298.689999999983 0.0
298.699999999983 0.0
298.709999999983 0.0
298.719999999983 0.0
298.72999999998297 0.0
298.73999999998296 0.0
298.74999999998295 0.0
298.75999999998294 0.0
298.76999999998293 0.0
298.7799999999829 0.0
298.7899999999829 0.0
298.7999999999829 0.0
298.8099999999829 0.0
298.8199999999829 0.0
298.8299999999829 0.0
298.83999999998287 0.0
298.84999999998286 0.0
298.85999999998285 0.0
298.86999999998284 0.0
298.87999999998283 0.0
298.8899999999828 0.0
298.8999999999828 0.0
298.9099999999828 0.0
298.9199999999828 0.0
298.9299999999828 0.0
298.9399999999828 0.0
298.94999999998277 0.0
298.95999999998276 0.0
298.96999999998275 0.0
298.97999999998274 0.0
298.98999999998273 0.0
298.9999999999827 0.0
299.0099999999827 0.0
299.0199999999827 0.0
299.0299999999827 0.0
299.0399999999827 0.0
299.0499999999827 0.0
299.05999999998267 0.0
299.06999999998266 0.0
299.07999999998265 0.0
299.08999999998264 0.0
299.09999999998263 0.0
299.1099999999826 0.0
299.1199999999826 0.0
299.1299999999826 0.0
299.1399999999826 0.0
299.1499999999826 0.0
299.1599999999826 0.0
299.16999999998256 0.0
299.17999999998256 0.0
299.18999999998255 0.0
299.19999999998254 0.0
299.20999999998253 0.0
299.2199999999825 0.0
299.2299999999825 0.0
299.2399999999825 0.0
299.2499999999825 0.0
299.2599999999825 0.0
299.2699999999825 0.0
299.27999999998246 0.0
299.28999999998246 0.0
299.29999999998245 0.0
299.30999999998244 0.0
299.31999999998243 0.0
299.3299999999824 0.0
299.3399999999824 0.0
299.3499999999824 0.0
299.3599999999824 0.0
299.3699999999824 0.0
299.3799999999824 0.0
299.38999999998236 0.0
299.39999999998236 0.0
299.40999999998235 0.0
299.41999999998234 0.0
299.42999999998233 0.0
299.4399999999823 0.0
299.4499999999823 0.0
299.4599999999823 0.0
299.4699999999823 0.0
299.4799999999823 0.0
299.4899999999823 0.0
299.49999999998226 0.0
299.50999999998226 0.0
299.51999999998225 0.0
299.52999999998224 0.0
299.53999999998223 0.0
299.5499999999822 0.0
299.5599999999822 0.0
299.5699999999822 0.0
299.5799999999822 0.0
299.5899999999822 0.0
299.5999999999822 0.0
299.60999999998216 0.0
299.61999999998216 0.0
299.62999999998215 0.0
299.63999999998214 0.0
299.64999999998213 0.0
299.6599999999821 0.0
299.6699999999821 0.0
299.6799999999821 0.0
299.6899999999821 0.0
299.6999999999821 0.0
299.7099999999821 0.0
299.71999999998206 0.0
299.72999999998206 0.0
299.73999999998205 0.0
299.74999999998204 0.0
299.759999999982 0.0
299.769999999982 0.0
299.779999999982 0.0
299.789999999982 0.0
299.799999999982 0.0
299.809999999982 0.0
299.819999999982 0.0
299.82999999998196 0.0
299.83999999998196 0.0
299.84999999998195 0.0
299.85999999998194 0.0
299.8699999999819 0.0
299.8799999999819 0.0
299.8899999999819 0.0
299.8999999999819 0.0
299.9099999999819 0.0
299.9199999999819 0.0
299.9299999999819 0.0
299.93999999998186 0.0
299.94999999998186 0.0
299.95999999998185 0.0
299.96999999998184 0.0
299.9799999999818 0.0
299.9899999999818 0.0
