280.0 0.00023049522406869976
280.01 0.0002510872428348078
280.02 0.0002729002722513793
280.03 0.00029593742651280464
280.03999999999996 0.00032019343133815354
280.04999999999995 0.0003456539660487719
280.05999999999995 0.00037229505737463057
280.06999999999994 0.0004000825377704831
280.0799999999999 0.0004289715809934776
280.0899999999999 0.00045890632742279214
280.0999999999999 0.0004898196110759561
280.1099999999999 0.0005216327994875742
280.1199999999999 0.0005542557565615162
280.1299999999999 0.0005875869371906115
280.1399999999999 0.0006215136208681837
280.14999999999986 0.0006559122897096275
280.15999999999985 0.0006906491542824281
280.16999999999985 0.000725580828438764
280.17999999999984 0.0007605551519912989
280.1899999999998 0.000795412157610687
280.1999999999998 0.0008299851757981511
280.2099999999998 0.0008641020692475552
280.2199999999998 0.0008975865854108699
280.2299999999998 0.0009302598136725214
280.2399999999998 0.0009619417312759786
280.2499999999998 0.0009924528200830943
280.25999999999976 0.001021615734433866
280.26999999999975 0.001049256998858289
280.27999999999975 0.0010752087132146026
280.28999999999974 0.0010993102420248876
280.2999999999997 0.001121409864377662
280.3099999999997 0.001141366360787384
280.3199999999997 0.0011590505138531376
280.3299999999997 0.001174346500444112
280.3399999999997 0.0011871531544487934
280.3499999999997 0.0011973850808393062
280.3599999999997 0.001204973603893664
280.36999999999966 0.0012098675348494773
280.37999999999965 0.00121203374698737
280.38999999999965 0.0012114575491082328
280.39999999999964 0.0012081428515169192
280.4099999999996 0.0012021121218928725
280.4199999999996 0.001193406131749495
280.4299999999996 0.0011820834974913532
280.4399999999996 0.0011682200233046156
280.4499999999996 0.001151907856196408
280.4599999999996 0.0011332544663716832
280.4699999999996 0.0011123814687455163
280.47999999999956 0.001089423303684658
280.48999999999955 0.0010645257970126288
280.49999999999955 0.0010378446208640345
280.50999999999954 0.0010095436781119378
280.5199999999995 0.000979793433802496
280.5299999999995 0.0009487692173090818
280.5399999999995 0.0009166495187689983
280.5499999999995 0.0008836143028043597
280.5599999999995 0.0008498433615783142
280.5699999999995 0.0008155147279302108
280.5799999999995 0.0007808031677072421
280.58999999999946 0.0007458787685101702
280.59999999999945 0.0007109056399462202
280.60999999999945 0.0006760407381856599
280.61999999999944 0.0006414328252044234
280.6299999999994 0.0006072215706183844
280.6399999999994 0.0005735368015297052
280.6499999999994 0.000540497903364222
280.6599999999994 0.0005082133723300143
280.6699999999994 0.0004767805179158609
280.6799999999994 0.00044628531181393116
280.6899999999994 0.00041680237782775473
280.69999999999936 0.0003883951157420372
280.70999999999935 0.0003611159508065145
280.71999999999935 0.0003350066994363632
280.72999999999934 0.00031009904096472303
280.7399999999993 0.00028641508480022065
280.7499999999993 0.00026396802213950573
280.7599999999993 0.00024276285145155308
280.7699999999993 0.0002227971672715552
280.7799999999993 0.00020406200239780897
280.7899999999993 0.0001865427143513525
280.7999999999993 0.0001702199079082648
280.80999999999926 0.00015507038661891892
280.81999999999925 0.0001410681274555036
280.82999999999925 0.00012818527404581635
280.83999999999924 0.00011639314532381113
280.8499999999992 0.00010566325782134242
280.8599999999992 9.596836120663279e-05
280.8699999999992 8.728348800912302e-05
280.8799999999992 7.958701972401217e-05
280.8899999999992 7.286177263014199e-05
280.8999999999992 6.709610765004019e-05
280.9099999999992 6.228506940003077e-05
280.91999999999916 5.843156019162758e-05
280.92999999999915 5.5547555124519624e-05
280.93999999999915 5.365536452932473e-05
280.94999999999914 5.2788949849583376e-05
280.9599999999991 5.299529857373762e-05
280.9699999999991 5.433586301791814e-05
280.9799999999991 5.6888066600781356e-05
280.9899999999991 6.0746879727216236e-05
280.9999999999991 6.602646549721733e-05
281.0099999999991 7.28618931730709e-05
281.0199999999991 8.1410914671268e-05
281.02999999999906 9.18557963008628e-05
281.03999999999905 0.00010440519456051878
281.04999999999905 0.00011929606105409074
281.05999999999904 0.0001367955575208263
281.069999999999 0.00015720295764344914
281.079999999999 0.00018085150774946695
281.089999999999 0.00020811021382442516
281.099999999999 0.00023938551748991344
281.109999999999 0.00027512281885660393
281.119999999999 0.00031580779954939087
281.129999999999 0.00036196749483655214
281.13999999999896 0.00041417105980838385
281.14999999999895 0.0004730301710841137
281.15999999999894 0.0005391990027288143
281.16999999999894 0.0006133737130902407
281.1799999999989 0.0006962913782778288
281.1899999999989 0.0007887283081605892
281.1999999999989 0.0008914976822106484
281.2099999999989 0.001005446445408487
281.2199999999989 0.0011314514088838548
281.2299999999989 0.0012704145061022646
281.2399999999989 0.0014232571633049172
281.24999999999886 0.0015909137526229694
281.25999999999885 0.001774324107832022
281.26999999999884 0.0019744250960649543
281.27999999999884 0.002192141253890497
281.2899999999988 0.0024283745128711076
281.2999999999988 0.002683993057864706
281.3099999999988 0.0029598193807043208
281.3199999999988 0.003256617612197405
281.3299999999988 0.0035750802362992575
281.3399999999988 0.003915814311449465
281.3499999999988 0.004279327344987901
281.35999999999876 0.0046660129868204
281.36999999999875 0.005076136727585465
281.37999999999874 0.0055098218039635665
281.38999999999874 0.005967035528941501
281.3999999999987 0.0064475762772711175
281.4099999999987 0.0069510613655373085
281.4199999999987 0.007476916071698965
281.4299999999987 0.008024364040260636
281.4399999999987 0.008592419316005507
281.4499999999987 0.009179880241182676
281.4599999999987 0.009785325437993934
281.46999999999866 0.010407112080070178
281.47999999999865 0.011043376633379967
281.48999999999864 0.011692038218807429
281.49999999999864 0.012350804715733379
281.5099999999986 0.013017181688738125
281.5199999999986 0.013688484178527638
281.5299999999986 0.014361851353997404
281.5399999999986 0.015034263975730325
281.5499999999986 0.015702564573016276
281.5599999999986 0.016363480187601195
281.5699999999986 0.017013647488807532
281.57999999999856 0.01764964001743928
281.58999999999855 0.018267997271036403
281.59999999999854 0.018865255301607466
281.60999999999854 0.019437978459944386
281.6199999999985 0.01998279188894485
281.6299999999985 0.02049641434288474
281.6399999999985 0.0209756908910303
281.6499999999985 0.021417625052958605
281.6599999999985 0.021819409909911814
281.6699999999985 0.02217845774172238
281.6799999999985 0.0224924277524079
281.68999999999846 0.022759251469352718
281.69999999999845 0.022977155430785393
281.70999999999844 0.023144680813556626
281.71999999999844 0.02326069969737302
281.7299999999984 0.02332442771183447
281.7399999999984 0.023335432867897722
281.7499999999984 0.023293640434660468
281.7599999999984 0.023199333784447676
281.7699999999984 0.02305315119283141
281.7799999999984 0.02285607864413676
281.7899999999984 0.022609438755881905
281.79999999999836 0.022314875996197307
281.80999999999835 0.02197433842535214
281.81999999999834 0.021590056244956725
281.82999999999834 0.021164517485192883
281.8399999999983 0.02070044120067267
281.8499999999983 0.020200748578520743
281.8599999999983 0.019668532387470707
281.8699999999983 0.019107025213798864
281.8799999999983 0.018519566938617803
281.8899999999983 0.01790957191143345
281.8999999999983 0.017280496267135126
281.90999999999826 0.016635805818115815
281.91999999999825 0.01597894493054755
281.92999999999824 0.015313306764647235
281.93999999999824 0.014642205223863804
281.9499999999982 0.01396884891820315
281.9599999999982 0.01329631740335538
281.9699999999982 0.012627539910923753
281.9799999999982 0.01196527673691571
281.9899999999982 0.011312103406779819
281.9999999999982 0.010670397686661087
282.0099999999982 0.010042329463151088
282.01999999999816 0.009429853468503585
282.02999999999815 0.008834704785854472
282.03999999999814 0.008258397030104541
282.04999999999814 0.007702223065356708
282.0599999999981 0.0071672580895838596
282.0699999999981 0.006654364891852558
282.0799999999981 0.006164201067127325
282.0899999999981 0.005697227958494563
282.0999999999981 0.0052537210865228985
282.1099999999981 0.004833781820259271
282.1199999999981 0.0044373500437944755
282.12999999999806 0.004064217576081672
282.13999999999805 0.003714042109352922
282.14999999999804 0.0033863614425944477
282.15999999999804 0.003080607800615358
282.169999999998 0.0027961220457581332
282.179999999998 0.002532167607723781
282.189999999998 0.0022879439767965063
282.199999999998 0.0020625996264441965
282.209999999998 0.0018552442523610297
282.219999999998 0.0016649602360620833
282.229999999998 0.0014908132617346824
282.23999999999796 0.00133186203484352
282.24999999999795 0.001187167069674521
282.25999999999794 0.001055798530338009
282.26999999999794 0.0009368431255413488
282.2799999999979 0.0008294100715445284
282.2899999999979 0.000732636150039487
282.2999999999979 0.0006456898982036117
282.3099999999979 0.0005677749768709686
282.3199999999979 0.0004981327696813787
282.3299999999979 0.0004360442712804238
282.3399999999979 0.0003808313262535077
282.34999999999786 0.00033185728260686555
282.35999999999785 0.00028852712439719096
282.36999999999784 0.0002502871477098481
282.37999999999784 0.00021662424275043258
282.3899999999978 0.0001870648425046534
282.3999999999978 0.00016117359539407857
282.4099999999978 0.00013855181576181896
282.4199999999978 0.00011883576200617304
282.4299999999978 0.00010169478787466813
282.4399999999978 8.682940795683119e-05
282.4499999999978 7.396931387922958e-05
282.45999999999776 6.28713732048177e-05
282.46999999999775 5.3317638650360906e-05
282.47999999999774 4.5113391026734585e-05
282.48999999999774 3.8085235329911955e-05
282.4999999999977 3.207926570549869e-05
282.5099999999977 2.695931160516475e-05
282.5199999999977 2.26052743670797e-05
282.5299999999977 1.8911560692985533e-05
282.5399999999977 1.5785617062214258e-05
282.5499999999977 1.3146567011328891e-05
282.5599999999977 1.0923951405066554e-05
282.56999999999766 9.056570313387732e-06
282.57999999999765 7.491423870837702e-06
282.58999999999764 6.182748505915487e-06
282.59999999999764 5.0911441660763335e-06
282.6099999999976 4.182787604051592e-06
282.6199999999976 3.4287264090301013e-06
282.6299999999976 2.804248238126871e-06
282.6399999999976 2.2883196066731247e-06
282.6499999999976 1.8630886087284786e-06
282.6599999999976 1.5134460419498268e-06
282.6699999999976 1.2266395854015709e-06
282.67999999999756 9.919359087423888e-07
282.68999999999755 8.003258620250279e-07
282.69999999999754 6.442681944929476e-07
282.70999999999754 5.174675674308324e-07
282.7199999999975 4.1468295119518335e-07
282.7299999999975 3.3156282245973794e-07
282.7399999999975 2.64503898341994e-07
282.7499999999975 2.1053045461283466e-07
282.7599999999975 1.671915719637876e-07
282.7699999999975 1.3247393465402958e-07
282.7799999999975 1.047280679848358e-07
282.78999999999746 8.260614388648407e-08
282.79999999999745 6.500970699155771e-08
282.80999999999744 5.104587694161849e-08
282.81999999999744 3.9990766753741356e-08
282.8299999999974 3.12590225814713e-08
282.8399999999974 2.437853808407904e-08
282.8499999999974 1.8969527964431044e-08
282.8599999999974 1.4727261241516942e-08
282.8699999999974 1.140785673020294e-08
282.8799999999974 8.816632260860102e-09
282.88999999999737 6.798576619252844e-09
282.89999999999736 5.230580214865898e-09
282.90999999999735 4.015118227561774e-09
282.91999999999734 3.0751295016913657e-09
282.92999999999734 2.3498767394591046e-09
282.9399999999973 1.7916094958592609e-09
282.9499999999973 1.3628819176636594e-09
282.9599999999973 1.0344028391357841e-09
282.9699999999973 7.833174091641438e-10
282.9799999999973 5.918374655753505e-10
282.9899999999973 4.461529100226269e-10
282.99999999999727 3.3556882420767424e-10
283.00999999999726 2.5182339968474116e-10
283.01999999999725 1.8855027039746664e-10
283.02999999999724 1.4085583310543697e-10
283.03999999999724 1.0498786737432203e-10
283.0499999999972 7.807643794715148e-11
283.0599999999972 5.7931859548485965e-11
283.0699999999972 4.288758056057844e-11
283.0799999999972 3.1678326064648434e-11
283.0899999999972 2.3345839880968527e-11
283.0999999999972 1.7166168866891287e-11
283.10999999999717 1.2593714926595504e-11
283.11999999999716 9.218302089707077e-12
283.12999999999715 6.732317879783639e-12
283.13999999999714 4.905631156799952e-12
283.14999999999714 3.566496227431526e-12
283.1599999999971 2.5870525248907356e-12
283.1699999999971 1.872342620728101e-12
283.1799999999971 1.352016526532261e-12
283.1899999999971 9.740814590333061e-13
283.1999999999971 7.002049123894731e-13
283.2099999999971 5.021941268738116e-13
283.21999999999707 3.593641129171189e-13
283.22999999999706 2.5657502535694546e-13
283.23999999999705 1.8277241720728662e-13
283.24999999999704 1.2990430093596248e-13
283.25999999999704 9.211980380908877e-14
283.269999999997 6.517770708089215e-14
283.279999999997 4.6011008386283627e-14
283.289999999997 3.2407163803219585e-14
283.299999999997 2.277387311435139e-14
283.309999999997 1.5967957515284895e-14
283.319999999997 1.1170649873216294e-14
283.32999999999697 7.796938532664615e-15
283.33999999999696 5.4298318496405435e-15
283.34999999999695 3.7728127421232745e-15
283.35999999999694 2.615536103255656e-15
283.36999999999694 1.809142547339872e-15
283.3799999999969 1.2485371095366025e-15
283.3899999999969 8.59699595093109e-16
283.3999999999969 5.906205974000759e-16
283.4099999999969 4.048433913127128e-16
283.4199999999969 2.768739644152661e-16
283.4299999999969 1.8892689343799875e-16
283.43999999999687 1.2862401055569048e-16
283.44999999999686 8.737092019207806e-17
283.45999999999685 5.921454161926466e-17
283.46999999999684 4.004113993846367e-17
283.47999999999683 2.701475874622853e-17
283.4899999999968 1.8184960125741104e-17
283.4999999999968 1.2213502115411179e-17
283.5099999999968 8.184358979510798e-18
283.5199999999968 5.471995444967126e-18
283.5299999999968 3.6502565047552445e-18
283.5399999999968 2.4295041153180152e-18
283.54999999999677 1.613349629501159e-18
283.55999999999676 1.0689464453831372e-18
283.56999999999675 7.066429009260958e-19
283.57999999999674 4.660801985373193e-19
283.58999999999673 3.0671703928740937e-19
283.5999999999967 2.0138714889592626e-19
283.6099999999967 1.3192958694647323e-19
283.6199999999967 8.623215727629242e-20
283.6299999999967 5.623580267358854e-20
283.6399999999967 3.6590904474654886e-20
283.6499999999967 2.3754724074428107e-20
283.65999999999667 1.5386627313024336e-20
283.66999999999666 9.943825126642189e-21
283.67999999999665 6.411802265923729e-21
283.68999999999664 4.1249943891693926e-21
283.69999999999663 2.647787957886315e-21
283.7099999999966 1.6957414740524628e-21
283.7199999999966 1.0835592917657161e-21
283.7299999999966 6.908158893122193e-22
283.7399999999966 4.394288379936096e-22
283.7499999999966 2.7888900314771134e-22
283.7599999999966 1.766000508658896e-22
283.76999999999657 1.1157499027131185e-22
283.77999999999656 7.033305629284033e-23
283.78999999999655 4.423527393905959e-23
283.79999999999654 2.7758407769466586e-23
283.80999999999653 1.7379488092798405e-23
283.8199999999965 1.0856654278359414e-23
283.8299999999965 6.766617618210947e-24
283.8399999999965 4.207884988359193e-24
283.8499999999965 2.6107944794830503e-24
283.8599999999965 1.61621119002905e-24
283.8699999999965 9.982518686764949e-25
283.87999999999647 6.151751066948489e-25
283.88999999999646 3.7824567735276643e-25
283.89999999999645 2.32041568643766e-25
283.90999999999644 1.4202807825679024e-25
283.91999999999643 8.673596759673158e-26
283.9299999999964 5.284949520594984e-26
283.9399999999964 3.2129136832313847e-26
283.9499999999964 1.948829619402534e-26
283.9599999999964 1.1794112988191467e-26
283.9699999999964 7.121529788791947e-27
283.9799999999964 4.290401198948914e-27
283.98999999999637 2.578927387236282e-27
283.99999999999636 1.5466673652331549e-27
284.00999999999635 9.254891434493239e-28
284.01999999999634 5.5253823237660735e-28
284.02999999999633 3.2913187074481994e-28
284.0399999999963 1.956113909855536e-28
284.0499999999963 1.1599384458485164e-28
284.0599999999963 6.862657803591039e-29
284.0699999999963 4.0510382471048233e-29
284.0799999999963 2.385925846493104e-29
284.0899999999963 1.4020520573766005e-29
284.09999999999627 8.22030506492476e-30
284.10999999999626 4.808707154569728e-30
284.11999999999625 2.8066310359366166e-30
284.12999999999624 1.634402115438387e-30
284.13999999999623 9.496183691899344e-31
284.1499999999962 5.504981919085522e-31
284.1599999999962 3.1840456500743974e-31
284.1699999999962 1.8374658368532785e-31
284.1799999999962 1.0579761062512753e-31
284.1899999999962 6.077836943858426e-32
284.1999999999962 3.4836845989209966e-32
284.20999999999617 1.992256310971358e-32
284.21999999999616 1.1367584539614674e-32
284.22999999999615 6.47154198300144e-33
284.23999999999614 3.6759022320078484e-33
284.24999999999613 2.0832276429828952e-33
284.2599999999961 1.1779479650770212e-33
284.2699999999961 6.645567622665818e-34
284.2799999999961 3.7407152971382146e-34
284.2899999999961 2.10084411513461e-34
284.2999999999961 1.177198229065531e-34
284.3099999999961 6.581455822152375e-35
284.31999999999607 3.6712244712590456e-35
284.32999999999606 2.0432264756617544e-35
284.33999999999605 1.1345892752766883e-35
284.34999999999604 6.286044330862492e-36
284.35999999999603 3.474823929086493e-36
284.369999999996 1.9164820963750745e-36
284.379999999996 1.0546135041327367e-36
284.389999999996 5.79026564206817e-37
284.399999999996 3.1719055555257302e-37
284.409999999996 1.7336387489999173e-37
284.419999999996 9.453955680959956e-38
284.42999999999597 5.143812356699451e-38
284.43999999999596 2.792371980251658e-38
284.44999999999595 1.5124395456164237e-38
284.45999999999594 8.173336433450283e-39
284.46999999999593 4.4069419124300754e-39
284.4799999999959 2.370783386250435e-39
284.4899999999959 1.2725153298233296e-39
284.4999999999959 6.814763198248189e-40
284.5099999999959 3.6412887104787752e-40
284.5199999999959 1.9412258173565356e-40
284.5299999999959 1.0325559681852837e-40
284.53999999999587 5.479838290272387e-41
284.54999999999586 2.901606281815983e-41
284.55999999999585 1.5329423471154921e-41
284.56999999999584 8.080342308435048e-42
284.57999999999583 4.2496219399216114e-42
284.5899999999958 2.2299104900368515e-42
284.5999999999958 1.1674577279081829e-42
284.6099999999958 6.0983380747046535e-43
284.6199999999958 3.1783259072416898e-43
284.6299999999958 1.652730180610757e-43
284.6399999999958 8.574762233035744e-44
284.64999999999577 4.438730872061879e-44
284.65999999999576 2.292514756615253e-44
284.66999999999575 1.1813594634181865e-44
284.67999999999574 6.073913295145351e-45
284.68999999999573 3.1158153339041777e-45
284.6999999999957 1.5947456683310227e-45
284.7099999999957 8.143812213564082e-46
284.7199999999957 4.149355730381898e-46
284.7299999999957 2.1093574742965515e-46
284.7399999999957 1.0698830372029925e-46
284.7499999999957 5.414258865950577e-47
284.75999999999567 2.7337470634597064e-47
284.76999999999566 1.3771912076966714e-47
284.77999999999565 6.922241584391114e-48
284.78999999999564 3.4714895420312395e-48
284.79999999999563 1.7370070025453873e-48
284.8099999999956 8.67169263295727e-49
284.8199999999956 4.319393608906032e-49
284.8299999999956 2.1466353923732815e-49
284.8399999999956 1.064413534742465e-49
284.8499999999956 5.265978598736123e-50
284.8599999999956 2.599347780735263e-50
284.86999999999557 1.2801660009947464e-50
284.87999999999556 6.29049449341556e-51
284.88999999999555 3.084039152208133e-51
284.89999999999554 1.5085912271236726e-51
284.90999999999553 7.362746900473335e-52
284.9199999999955 3.5852939145444806e-52
284.9299999999955 1.741912176763291e-52
284.9399999999955 8.4439245664935e-53
284.9499999999955 4.0839369952412987e-53
284.9599999999955 1.970744488277617e-53
284.9699999999955 9.488514082996782e-54
284.97999999999547 4.558087848397727e-54
284.98999999999546 2.1846595843420475e-54
284.99999999999545 1.0447237226952968e-54
285.00999999999544 4.9846622535554564e-55
285.01999999999543 2.3729392312014697e-55
285.0299999999954 1.1270783163513668e-55
285.0399999999954 5.341191772195365e-56
285.0499999999954 2.5254504199323127e-56
285.0599999999954 1.191395954148671e-56
285.0699999999954 5.607767428587292e-57
285.0799999999954 2.6335433123799804e-57
285.08999999999537 1.233978337106403e-57
285.09999999999536 5.768876006156731e-58
285.10999999999535 2.6908622878165935e-58
285.11999999999534 1.2522998785013036e-58
285.12999999999533 5.814894014595588e-59
285.1399999999953 2.693964491824789e-59
285.1499999999953 1.245255674752354e-59
285.1599999999953 5.743039331875345e-60
285.1699999999953 2.6426621858037763e-60
285.1799999999953 1.2132718150692002e-60
285.1899999999953 5.5576496533963695e-61
285.19999999999527 2.540041555523081e-61
285.20999999999526 1.1582627147403583e-61
285.21999999999525 5.269748993238944e-62
285.22999999999524 2.3921553583266616e-62
285.23999999999523 1.0834414134641204e-62
285.2499999999952 4.895962484122152e-63
285.2599999999952 2.207431976017938e-63
285.2699999999952 9.930089800090311e-64
285.2799999999952 4.4569280307960205e-64
285.2899999999952 1.9958810985052412e-64
285.2999999999952 8.917647635920756e-65
285.30999999999517 3.975415708155483e-65
285.31999999999516 1.7682000133534234e-65
285.32999999999515 7.84687669651032e-66
285.33999999999514 3.474392395074768e-66
285.34999999999513 1.534890866868394e-66
285.3599999999951 6.765388435752053e-67
285.3699999999951 2.9752575795780164e-67
285.3799999999951 1.3054883555941502e-67
285.3899999999951 5.715286861084731e-68
285.3999999999951 2.496431551966782e-68
285.4099999999951 1.0879724325232332e-68
285.41999999999507 4.730779629797929e-69
285.42999999999506 2.0524101027320308e-69
285.43999999999505 8.884074014516068e-70
285.44999999999504 3.8368674051016545e-70
285.45999999999503 1.653324162328075e-70
285.469999999995 7.108137710951337e-71
285.479999999995 3.0490900598911056e-71
285.489999999995 1.3049722299027177e-71
285.499999999995 5.572484720100468e-72
285.509999999995 2.3741770437034496e-72
285.519999999995 1.0092387457449691e-72
285.52999999999497 4.280468719159767e-73
285.53999999999496 1.8113623596669828e-73
285.54999999999495 7.647789902496214e-74
285.55999999999494 3.2216856090804573e-74
285.56999999999493 1.3540882338069163e-74
285.5799999999949 5.678418151155604e-75
285.5899999999949 2.3758793058154293e-75
285.5999999999949 9.918316848168019e-76
285.6099999999949 4.131123514847855e-76
285.6199999999949 1.7167813256016486e-76
285.6299999999949 7.118334297596948e-77
285.63999999999487 2.9448174494425964e-77
285.64999999999486 1.2155000316925376e-77
285.65999999999485 5.005738632993585e-78
285.66999999999484 2.056827943399189e-78
285.67999999999483 8.432267134690131e-79
285.6899999999948 3.4491124040818845e-79
285.6999999999948 1.4076248914985258e-79
285.7099999999948 5.7316957188680575e-80
285.7199999999948 2.3286054746765924e-80
285.7299999999948 9.438985094576664e-81
285.7399999999948 3.8174317834889665e-81
285.74999999999477 1.540401271871124e-81
285.75999999999476 6.201732797765576e-82
285.76999999999475 2.4912013554192465e-82
285.77999999999474 9.984382514294378e-83
285.78999999999473 3.992548396364067e-83
285.7999999999947 1.592926605707421e-83
285.8099999999947 6.341002751568594e-84
285.8199999999947 2.518469617050867e-84
285.8299999999947 9.980035561286658e-85
285.8399999999947 3.9458816971675643e-85
285.8499999999947 1.5565842458540016e-85
285.85999999999467 6.126575637648974e-86
285.86999999999466 2.4059110523888718e-86
285.87999999999465 9.426661959712632e-87
285.88999999999464 3.68513072559723e-87
285.89999999999463 1.4373563839594666e-87
285.9099999999946 5.593615686922938e-88
285.9199999999946 2.1718877990700463e-88
285.9299999999946 8.413927108402922e-89
285.9399999999946 3.252195942952892e-89
285.9499999999946 1.2542128926352305e-89
285.9599999999946 4.825945538533867e-90
285.96999999999457 1.852721626365871e-90
285.97999999999456 7.096668584200862e-91
285.98999999999455 2.712161057412029e-91
285.99999999999454 1.0341725980875368e-91
286.00999999999453 3.934478491155196e-92
286.0199999999945 1.493474883628681e-92
286.0299999999945 5.6562066726052325e-93
286.0399999999945 2.1373183527816108e-93
286.0499999999945 8.058046307715637e-94
286.0599999999945 3.0311463212703996e-94
286.0699999999945 1.1376289691379091e-94
286.07999999999447 4.2600135699096456e-95
286.08999999999446 1.591614624860846e-95
286.09999999999445 5.933097132364995e-96
286.10999999999444 2.206691358447208e-96
286.11999999999443 8.188763509118868e-97
286.1299999999944 3.0318775846072617e-97
286.1399999999944 1.1200092105604991e-97
286.1499999999944 4.1280801874778415e-98
286.1599999999944 1.518068099500679e-98
286.1699999999944 5.5699459666761556e-99
286.1799999999944 2.039047340264869e-99
286.18999999999437 7.447666725188503e-100
286.19999999999436 2.7141244555700494e-100
286.20999999999435 9.86860760624116e-101
286.21999999999434 3.580128397062842e-101
286.22999999999433 1.2958595165793951e-101
286.2399999999943 4.6798705608386674e-102
286.2499999999943 1.6862670684809954e-102
286.2599999999943 6.062272788934205e-103
286.2699999999943 2.1745089002015715e-103
286.2799999999943 7.782219983362295e-104
286.2899999999943 2.7788327919653357e-104
286.29999999999427 9.900062264272435e-105
286.30999999999426 3.519087257477299e-105
286.31999999999425 1.2480694239927187e-105
286.32999999999424 4.416355757844779e-106
286.33999999999423 1.559214827506125e-106
286.3499999999942 5.492429110768467e-107
286.3599999999942 1.930365571397388e-107
286.3699999999942 6.769105218318133e-108
286.3799999999942 2.3683155419833063e-108
286.3899999999942 8.267314592537244e-109
286.3999999999942 2.879426263478164e-109
286.40999999999417 1.0006082005573356e-109
286.41999999999416 3.469275209830438e-110
286.42999999999415 1.2001348480922643e-110
286.43999999999414 4.142265567389316e-111
286.44999999999413 1.4264693013830501e-111
286.4599999999941 4.901212353130236e-112
286.4699999999941 1.6802008798673932e-112
286.4799999999941 5.746924542139028e-113
286.4899999999941 1.9612203031038262e-113
286.4999999999941 6.677807028781934e-114
286.5099999999941 2.2686001057148015e-114
286.51999999999407 7.689509356662306e-115
286.52999999999406 2.6004943236931864e-115
286.53999999999405 8.774649731949234e-116
286.54999999999404 2.954066495745038e-116
286.55999999999403 9.922642474755509e-117
286.569999999994 3.325454565434547e-117
286.579999999994 1.1119654473201038e-117
286.589999999994 3.709780079797056e-118
286.599999999994 1.2348711261604358e-118
286.609999999994 4.1012071503288194e-119
286.619999999994 1.3589966131488906e-119
286.62999999999397 4.4930540349370045e-120
286.63999999999396 1.482113651348653e-120
286.64999999999395 4.877957049368167e-121
286.65999999999394 1.6018101277239977e-121
286.66999999999393 5.248083026865862e-122
286.6799999999939 1.7155641321320102e-122
286.6899999999939 5.595382973596059e-123
286.6999999999939 1.8208294746941414e-123
286.7099999999939 5.9118762077048076e-124
286.7199999999939 1.915128797841603e-124
286.7299999999939 6.189951422684701e-125
286.73999999999387 1.996149633903841e-125
286.74999999999386 6.422669060016649e-126
286.75999999999385 2.061838262449079e-126
286.76999999999384 6.60404833856995e-127
286.77999999999383 2.110486073878268e-127
286.7899999999938 6.7293224169266e-128
286.7999999999938 2.1408033788193672e-128
286.8099999999938 6.795146509013427e-129
286.8199999999938 2.151976215297059e-129
286.8299999999938 6.799746273970686e-130
286.8399999999938 2.1437026614840012e-130
286.84999999999377 6.742997291636115e-131
286.85999999999376 2.1162063928458582e-131
286.86999999999375 6.626430654806031e-132
286.87999999999374 2.0702266339752488e-132
286.88999999999373 6.453164327432718e-133
286.8999999999937 2.006985135173546e-133
286.9099999999937 6.227764564140224e-134
286.9199999999937 1.9281322329488918e-134
286.9299999999937 5.956045988085094e-135
286.9399999999937 1.8356753181251126e-135
286.9499999999937 5.644822542225856e-136
286.95999999999367 1.731894037270724e-136
286.96999999999366 5.301624190573525e-137
286.97999999999365 1.6192472200109767e-137
286.98999999999364 4.9343957694522446e-138
286.99999999999363 1.5002768154483478e-138
287.0099999999936 4.5511946985534265e-139
287.0199999999936 1.377514028856291e-139
287.0299999999936 4.1599033911457085e-140
287.0399999999936 1.25339240207863e-140
287.0499999999936 3.767970286477487e-141
287.0599999999936 1.1301718340512173e-141
287.06999999999357 3.382190681701349e-142
287.07999999999356 1.0098765700799873e-142
287.08999999999355 3.0085352386059106e-143
287.09999999999354 8.942490917360695e-144
287.10999999999353 2.6520304817054713e-144
287.1199999999935 7.847207087960608e-145
287.1299999999935 2.3166920847787085e-145
287.1399999999935 6.823985802369453e-146
287.1499999999935 2.005508527690573e-146
287.1599999999935 5.880679490633483e-147
287.1699999999935 1.7204700065856954e-147
287.17999999999347 5.022076226732192e-148
287.18999999999346 1.4626354438301147e-148
287.19999999999345 4.250162011614096e-149
287.20999999999344 1.2322291423162959e-149
287.21999999999343 3.564462621122853e-150
287.2299999999934 1.0287580643986151e-150
287.2399999999934 2.9624364260981223e-151
287.2499999999934 8.511408296467252e-152
287.2599999999934 2.439890905326308e-152
287.2699999999934 6.978402109134743e-153
287.2799999999934 1.991398482916978e-153
287.28999999999337 5.669920268803492e-154
287.29999999999336 1.6106913649205057e-154
287.30999999999335 4.565247293086463e-155
287.31999999999334 1.291019742289779e-155
287.32999999999333 3.6426551466539407e-156
287.3399999999933 1.0254626135379833e-156
287.3499999999933 2.880303176537841e-157
287.3599999999933 8.071851695689555e-158
287.3699999999933 2.2569645791475106e-158
287.3799999999933 6.296408713866501e-159
287.3899999999933 1.7525793003156923e-159
287.39999999999327 4.867198329067772e-160
287.40999999999326 1.3486430146749178e-160
287.41999999999325 3.728477872183564e-161
287.42999999999324 1.0284489315870362e-161
287.43999999999323 2.830417439010886e-162
287.4499999999932 7.772036832607378e-163
287.4599999999932 2.1292948686730965e-163
287.4699999999932 5.820407123598151e-164
287.4799999999932 1.5874041754593262e-164
287.4899999999932 4.3195476756218905e-165
287.4999999999932 1.172750492108421e-165
287.50999999999317 3.17679780980757e-166
287.51999999999316 8.585984973889945e-167
287.52999999999315 2.315300002459813e-167
287.53999999999314 6.22932542043053e-168
287.54999999999313 1.6722121111730156e-168
287.5599999999931 4.47876534041457e-169
287.5699999999931 1.1968558628391189e-169
287.5799999999931 3.191111602890649e-170
287.5899999999931 8.489042996357731e-171
287.5999999999931 2.2531602047227544e-171
287.6099999999931 5.966807262790488e-172
287.61999999999307 1.5765528933433986e-172
287.62999999999306 4.156154473729584e-173
287.63999999999305 1.0931793375482435e-173
287.64999999999304 2.868849373945144e-174
287.65999999999303 7.511742249873386e-175
287.669999999993 1.9624120737030593e-175
287.679999999993 5.115125992979249e-176
287.689999999993 1.3302677498302538e-176
287.699999999993 3.4517424857643696e-177
287.709999999993 8.936229471609125e-178
287.719999999993 2.308271212951529e-178
287.72999999999297 5.9488902541101784e-179
287.73999999999296 1.529683835502181e-179
287.74999999999295 3.924496955022698e-180
287.75999999999294 1.0045762678585291e-180
287.76999999999293 2.565656025202232e-181
287.7799999999929 6.537783663501669e-182
287.7899999999929 1.6621846192831097e-182
287.7999999999929 4.216426864617472e-183
287.8099999999929 1.0671524918838175e-183
287.8199999999929 2.6947904065318045e-184
287.8299999999929 6.789536087912495e-185
287.83999999999287 1.706757453647963e-185
287.84999999999286 4.2807524503654315e-186
287.85999999999285 1.0712356528310009e-186
287.86999999999284 2.674647305647525e-187
287.87999999999283 6.66292037678486e-188
287.8899999999928 1.6560724175112412e-188
287.8999999999928 4.106866853688505e-189
287.9099999999928 1.016151636525627e-189
287.9199999999928 2.508551477138225e-190
287.9299999999928 6.178799641486354e-191
287.9399999999928 1.5184545825407003e-191
287.94999999999277 3.723197712587214e-192
287.95999999999276 9.108502678333853e-193
287.96999999999275 2.2232816334170347e-193
287.97999999999274 5.4145026284749325e-194
287.98999999999273 1.315646625515433e-194
287.9999999999927 3.1896023460935913e-195
288.0099999999927 7.715257523413258e-196
288.0199999999927 1.862005288010103e-196
288.0299999999927 4.4836116815716243e-197
288.0399999999927 1.0771884116881238e-197
288.0499999999927 2.582093426087535e-198
288.05999999999267 6.1754531315490295e-199
288.06999999999266 1.473609140438652e-199
288.07999999999265 3.50842649487712e-200
288.08999999999264 8.334106694985544e-201
288.09999999999263 1.9752511749497177e-201
288.1099999999926 4.670917538274769e-202
288.1199999999926 1.1020433296917132e-202
288.1299999999926 2.5942494839275346e-203
288.1399999999926 6.093143501326445e-204
288.1499999999926 1.4278667237459472e-204
288.1599999999926 3.3384935177446848e-205
288.16999999999257 7.788072769113951e-206
288.17999999999256 1.812700534882417e-206
288.18999999999255 4.209579576633812e-207
288.19999999999254 9.753668323541515e-208
288.20999999999253 2.2548301919781913e-208
288.2199999999925 5.200873590546201e-209
288.2299999999925 1.1968930735274027e-209
288.2399999999925 2.7482169122890523e-210
288.2499999999925 6.295978854815559e-211
288.2599999999925 1.4391037746692555e-211
288.2699999999925 3.281992335739289e-212
288.27999999999247 7.467919217690492e-213
288.28999999999246 1.6954237360187805e-213
288.29999999999245 3.840373862766445e-214
288.30999999999244 8.679312993654658e-215
288.31999999999243 1.9571035008261813e-215
288.3299999999924 4.4031029110650027e-216
288.3399999999924 9.883720988723811e-217
288.3499999999924 2.213597811067097e-217
288.3599999999924 4.946449220005964e-218
288.3699999999924 1.102820910111046e-218
288.3799999999924 2.453200404637857e-219
288.38999999999237 5.444746469810507e-220
288.39999999999236 1.2056989841864219e-220
288.40999999999235 2.663892693760678e-221
288.41999999999234 5.872339519008551e-222
288.42999999999233 1.2915826014909041e-222
288.4399999999923 2.834326085955059e-223
288.4499999999923 6.205746632296175e-224
288.4599999999923 1.3556727464005514e-224
288.4699999999923 2.9548285671706977e-225
288.4799999999923 6.425786792152723e-226
288.4899999999923 1.3942380558222984e-226
288.49999999999227 3.0183121535029297e-227
288.50999999999226 6.519405145508204e-228
288.51999999999225 1.404974325631907e-228
288.52999999999224 3.020962984010049e-229
288.53999999999223 6.480955185030038e-230
288.5499999999922 1.387232425478305e-230
288.5599999999922 2.9626206348202165e-231
288.5699999999922 6.312762549439462e-232
288.5799999999922 1.3420832715851609e-232
288.5899999999922 2.8467941913068156e-233
288.5999999999922 6.024892156079201e-234
288.60999999999217 1.2722108139056636e-234
288.61999999999216 2.680312839139288e-235
288.62999999999215 5.634151091230609e-236
288.63999999999214 1.1816479083644262e-236
288.64999999999213 2.472659357495703e-237
288.6599999999921 5.162464629542294e-238
288.6699999999921 1.0753912201088462e-238
288.6799999999921 2.2350769634895217e-239
288.6899999999921 4.6348435286301923e-240
288.6999999999921 9.589462614696606e-241
288.7099999999921 1.9795663481321443e-241
288.71999999999207 4.07720410730775e-242
288.72999999999206 8.378599710459864e-243
288.73999999999205 1.717896640674424e-243
288.74999999999204 3.514303112404867e-244
288.75999999999203 7.172953286519882e-245
288.769999999992 1.4607415630357966e-245
288.779999999992 2.9680100646945943e-246
288.789999999992 6.016916031018198e-247
288.799999999992 1.2170239667452831e-247
288.809999999992 2.456070956960036e-248
288.819999999992 4.945375660516617e-249
288.82999999999197 9.935146219504357e-250
288.83999999999196 1.9914336348109887e-250
288.84999999999195 3.982667145758593e-251
288.85999999999194 7.946918948269089e-252
288.86999999999193 1.5821226733449368e-252
288.8799999999919 3.142665254262987e-253
288.8899999999919 6.228345446937941e-254
288.8999999999919 1.2315834918752867e-254
288.9099999999919 2.4298061364457457e-255
288.9199999999919 4.78295162861231e-256
288.9299999999919 9.393705738993148e-257
288.93999999999187 1.8407487456579087e-257
288.94999999999186 3.598890835296064e-258
288.95999999999185 7.020360797001387e-259
288.96999999999184 1.3663651922867445e-259
288.97999999999183 2.6533268158916682e-260
288.9899999999918 5.14080701935795e-261
288.9999999999918 9.937758870568305e-262
289.0099999999918 1.9167355909650816e-262
289.0199999999918 3.688523528689255e-263
289.0299999999918 7.082058466342639e-264
289.0399999999918 1.3566975980722207e-264
289.04999999999177 2.593123512990884e-265
289.05999999999176 4.9451554580804455e-266
289.06999999999175 9.409212853773481e-267
289.07999999999174 1.7862540900946704e-267
289.08999999999173 3.38337221100134e-268
289.0999999999917 6.394004216779719e-269
289.1099999999917 1.2056261449413874e-269
289.1199999999917 2.2681354954130577e-270
289.1299999999917 4.2573752550665426e-271
289.1399999999917 7.97317812750447e-272
289.1499999999917 1.489833036916813e-272
289.15999999999167 2.777540069783202e-273
289.16999999999166 5.16653842943155e-274
289.17999999999165 9.588608654881161e-275
289.18999999999164 1.7755304402422094e-275
289.19999999999163 3.280327838035405e-276
289.2099999999916 6.046763395609963e-277
289.2199999999916 1.1121037364773894e-277
289.2299999999916 2.040723770021823e-278
289.2399999999916 3.736282837297773e-279
289.2499999999916 6.825144735035819e-280
289.2599999999916 1.2439432984479092e-280
289.26999999999157 2.2620692841598207e-281
289.27999999999156 4.104193415019679e-282
289.28999999999155 7.429615429915851e-283
289.29999999999154 1.3419040029847843e-283
289.30999999999153 2.4182052574147154e-284
289.3199999999915 4.3479192759442866e-285
289.3299999999915 7.799852361530326e-286
289.3399999999915 1.3960722381082359e-286
289.3499999999915 2.493136163182136e-287
289.3599999999915 4.442226558041762e-288
289.3699999999915 7.89717948955359e-289
289.37999999999147 1.400747681343951e-289
289.38999999999146 2.4789308615556802e-290
289.39999999999145 4.3770903878431695e-291
289.40999999999144 7.711222143044754e-292
289.41999999999143 1.355431306684137e-292
289.4299999999914 2.3771052386780976e-293
289.4399999999914 4.159449966119392e-294
289.4499999999914 7.2617283506576156e-295
289.4599999999914 1.264913103070977e-295
289.4699999999914 2.1983557962908345e-296
289.4799999999914 3.811991055669776e-297
289.48999999999137 6.595114832041355e-298
289.49999999999136 1.1384381718330457e-298
289.50999999999135 1.960708968532965e-299
289.51999999999134 3.369251420824963e-300
289.52999999999133 5.776573501208284e-301
289.5399999999913 9.88152072525796e-302
289.5499999999913 1.6865292073533556e-302
289.5599999999913 2.8719742798964008e-303
289.5699999999913 4.879595526105958e-304
289.5799999999913 8.271870016460622e-305
289.5899999999913 1.3990723603765735e-305
289.59999999999127 2.3609851263277905e-306
289.60999999999126 3.975236066723103e-307
289.61999999999125 6.678042761356358e-308
289.62999999999124 1.1193143353087494e-308
289.63999999999123 1.87185211658661e-309
289.6499999999912 3.12325614029855e-310
289.6599999999912 5.199484271111e-311
289.6699999999912 8.63633606671e-312
289.6799999999912 1.43124966289e-312
289.6899999999912 2.36656185276e-313
289.6999999999912 3.904243723e-314
289.70999999999117 6.42647142e-315
289.71999999999116 1.055418833e-315
289.72999999999115 1.729393e-316
289.73999999999114 2.8273475e-317
289.74999999999113 4.611915e-318
289.7599999999911 7.50585e-319
289.7699999999911 1.2188e-319
289.7799999999911 1.975e-320
289.7899999999911 3.19e-321
289.7999999999911 5.14e-322
289.8099999999911 8.4e-323
289.81999999999107 1.5e-323
289.82999999999106 0.0
289.83999999999105 0.0
289.84999999999104 0.0
289.85999999999103 0.0
289.869999999991 0.0
289.879999999991 0.0
289.889999999991 0.0
289.899999999991 0.0
289.909999999991 0.0
289.919999999991 0.0
289.92999999999097 0.0
289.93999999999096 0.0
289.94999999999095 0.0
289.95999999999094 0.0
289.96999999999093 0.0
289.9799999999909 0.0
289.9899999999909 0.0
289.9999999999909 0.0
290.0099999999909 0.0
290.0199999999909 0.0
290.0299999999909 0.0
290.03999999999087 0.0
290.04999999999086 0.0
290.05999999999085 0.0
290.06999999999084 0.0
290.07999999999083 0.0
290.0899999999908 0.0
290.0999999999908 0.0
290.1099999999908 0.0
290.1199999999908 0.0
290.1299999999908 0.0
290.1399999999908 0.0
290.14999999999077 0.0
290.15999999999076 0.0
290.16999999999075 0.0
290.17999999999074 0.0
290.18999999999073 0.0
290.1999999999907 0.0
290.2099999999907 0.0
290.2199999999907 0.0
290.2299999999907 0.0
290.2399999999907 0.0
290.2499999999907 0.0
290.25999999999067 0.0
290.26999999999066 0.0
290.27999999999065 0.0
290.28999999999064 0.0
290.29999999999063 0.0
290.3099999999906 0.0
290.3199999999906 0.0
290.3299999999906 0.0
290.3399999999906 0.0
290.3499999999906 0.0
290.3599999999906 0.0
290.36999999999057 0.0
290.37999999999056 0.0
290.38999999999055 0.0
290.39999999999054 0.0
290.40999999999053 0.0
290.4199999999905 0.0
290.4299999999905 0.0
290.4399999999905 0.0
290.4499999999905 0.0
290.4599999999905 0.0
290.4699999999905 0.0
290.47999999999047 0.0
290.48999999999046 0.0
290.49999999999045 0.0
290.50999999999044 0.0
290.51999999999043 0.0
290.5299999999904 0.0
290.5399999999904 0.0
290.5499999999904 0.0
290.5599999999904 0.0
290.5699999999904 0.0
290.5799999999904 0.0
290.58999999999037 0.0
290.59999999999036 0.0
290.60999999999035 0.0
290.61999999999034 0.0
290.62999999999033 0.0
290.6399999999903 0.0
290.6499999999903 0.0
290.6599999999903 0.0
290.6699999999903 0.0
290.6799999999903 0.0
290.6899999999903 0.0
290.69999999999027 0.0
290.70999999999026 0.0
290.71999999999025 0.0
290.72999999999024 0.0
290.73999999999023 0.0
290.7499999999902 0.0
290.7599999999902 0.0
290.7699999999902 0.0
290.7799999999902 0.0
290.7899999999902 0.0
290.7999999999902 0.0
290.80999999999017 0.0
290.81999999999016 0.0
290.82999999999015 0.0
290.83999999999014 0.0
290.84999999999013 0.0
290.8599999999901 0.0
290.8699999999901 0.0
290.8799999999901 0.0
290.8899999999901 0.0
290.8999999999901 0.0
290.9099999999901 0.0
290.91999999999007 0.0
290.92999999999006 0.0
290.93999999999005 0.0
290.94999999999004 0.0
290.95999999999003 0.0
290.96999999999 0.0
290.97999999999 0.0
290.98999999999 0.0
290.99999999999 0.0
291.00999999999 0.0
291.01999999999 0.0
291.02999999998997 0.0
291.03999999998996 0.0
291.04999999998995 0.0
291.05999999998994 0.0
291.06999999998993 0.0
291.0799999999899 0.0
291.0899999999899 0.0
291.0999999999899 0.0
291.1099999999899 0.0
291.1199999999899 0.0
291.1299999999899 0.0
291.13999999998987 0.0
291.14999999998986 0.0
291.15999999998985 0.0
291.16999999998984 0.0
291.17999999998983 0.0
291.1899999999898 0.0
291.1999999999898 0.0
291.2099999999898 0.0
291.2199999999898 0.0
291.2299999999898 0.0
291.2399999999898 0.0
291.24999999998977 0.0
291.25999999998976 0.0
291.26999999998975 0.0
291.27999999998974 0.0
291.28999999998973 0.0
291.2999999999897 0.0
291.3099999999897 0.0
291.3199999999897 0.0
291.3299999999897 0.0
291.3399999999897 0.0
291.3499999999897 0.0
291.35999999998967 0.0
291.36999999998966 0.0
291.37999999998965 0.0
291.38999999998964 0.0
291.39999999998963 0.0
291.4099999999896 0.0
291.4199999999896 0.0
291.4299999999896 0.0
291.4399999999896 0.0
291.4499999999896 0.0
291.4599999999896 0.0
291.46999999998957 0.0
291.47999999998956 0.0
291.48999999998955 0.0
291.49999999998954 0.0
291.50999999998953 0.0
291.5199999999895 0.0
291.5299999999895 0.0
291.5399999999895 0.0
291.5499999999895 0.0
291.5599999999895 0.0
291.5699999999895 0.0
291.57999999998947 0.0
291.58999999998946 0.0
291.59999999998945 0.0
291.60999999998944 0.0
291.61999999998943 0.0
291.6299999999894 0.0
291.6399999999894 0.0
291.6499999999894 0.0
291.6599999999894 0.0
291.6699999999894 0.0
291.6799999999894 0.0
291.68999999998937 0.0
291.69999999998936 0.0
291.70999999998935 0.0
291.71999999998934 0.0
291.72999999998933 0.0
291.7399999999893 0.0
291.7499999999893 0.0
291.7599999999893 0.0
291.7699999999893 0.0
291.7799999999893 0.0
291.7899999999893 0.0
291.79999999998927 0.0
291.80999999998926 0.0
291.81999999998925 0.0
291.82999999998924 0.0
291.83999999998923 0.0
291.8499999999892 0.0
291.8599999999892 0.0
291.8699999999892 0.0
291.8799999999892 0.0
291.8899999999892 0.0
291.8999999999892 0.0
291.90999999998917 0.0
291.91999999998916 0.0
291.92999999998915 0.0
291.93999999998914 0.0
291.94999999998913 0.0
291.9599999999891 0.0
291.9699999999891 0.0
291.9799999999891 0.0
291.9899999999891 0.0
291.9999999999891 0.0
292.0099999999891 0.0
292.01999999998907 0.0
292.02999999998906 0.0
292.03999999998905 0.0
292.04999999998904 0.0
292.05999999998903 0.0
292.069999999989 0.0
292.079999999989 0.0
292.089999999989 0.0
292.099999999989 0.0
292.109999999989 0.0
292.119999999989 0.0
292.12999999998897 0.0
292.13999999998896 0.0
292.14999999998895 0.0
292.15999999998894 0.0
292.16999999998893 0.0
292.1799999999889 0.0
292.1899999999889 0.0
292.1999999999889 0.0
292.2099999999889 0.0
292.2199999999889 0.0
292.2299999999889 0.0
292.23999999998887 0.0
292.24999999998886 0.0
292.25999999998885 0.0
292.26999999998884 0.0
292.27999999998883 0.0
292.2899999999888 0.0
292.2999999999888 0.0
292.3099999999888 0.0
292.3199999999888 0.0
292.3299999999888 0.0
292.3399999999888 0.0
292.34999999998877 0.0
292.35999999998876 0.0
292.36999999998875 0.0
292.37999999998874 0.0
292.38999999998873 0.0
292.3999999999887 0.0
292.4099999999887 0.0
292.4199999999887 0.0
292.4299999999887 0.0
292.4399999999887 0.0
292.4499999999887 0.0
292.45999999998867 0.0
292.46999999998866 0.0
292.47999999998865 0.0
292.48999999998864 0.0
292.49999999998863 0.0
292.5099999999886 0.0
292.5199999999886 0.0
292.5299999999886 0.0
292.5399999999886 0.0
292.5499999999886 0.0
292.5599999999886 0.0
292.56999999998857 0.0
292.57999999998856 0.0
292.58999999998855 0.0
292.59999999998854 0.0
292.60999999998853 0.0
292.6199999999885 0.0
292.6299999999885 0.0
292.6399999999885 0.0
292.6499999999885 0.0
292.6599999999885 0.0
292.6699999999885 0.0
292.67999999998847 0.0
292.68999999998846 0.0
292.69999999998845 0.0
292.70999999998844 0.0
292.71999999998843 0.0
292.7299999999884 0.0
292.7399999999884 0.0
292.7499999999884 0.0
292.7599999999884 0.0
292.7699999999884 0.0
292.7799999999884 0.0
292.78999999998837 0.0
292.79999999998836 0.0
292.80999999998835 0.0
292.81999999998834 0.0
292.82999999998833 0.0
292.8399999999883 0.0
292.8499999999883 0.0
292.8599999999883 0.0
292.8699999999883 0.0
292.8799999999883 0.0
292.8899999999883 0.0
292.89999999998827 0.0
292.90999999998826 0.0
292.91999999998825 0.0
292.92999999998824 0.0
292.93999999998823 0.0
292.9499999999882 0.0
292.9599999999882 0.0
292.9699999999882 0.0
292.9799999999882 0.0
292.9899999999882 0.0
292.9999999999882 0.0
293.00999999998817 0.0
293.01999999998816 0.0
293.02999999998815 0.0
293.03999999998814 0.0
293.04999999998813 0.0
293.0599999999881 0.0
293.0699999999881 0.0
293.0799999999881 0.0
293.0899999999881 0.0
293.0999999999881 0.0
293.1099999999881 0.0
293.11999999998807 0.0
293.12999999998806 0.0
293.13999999998805 0.0
293.14999999998804 0.0
293.15999999998803 0.0
293.169999999988 0.0
293.179999999988 0.0
293.189999999988 0.0
293.199999999988 0.0
293.209999999988 0.0
293.219999999988 0.0
293.22999999998797 0.0
293.23999999998796 0.0
293.24999999998795 0.0
293.25999999998794 0.0
293.26999999998793 0.0
293.2799999999879 0.0
293.2899999999879 0.0
293.2999999999879 0.0
293.3099999999879 0.0
293.3199999999879 0.0
293.3299999999879 0.0
293.33999999998787 0.0
293.34999999998786 0.0
293.35999999998785 0.0
293.36999999998784 0.0
293.37999999998783 0.0
293.3899999999878 0.0
293.3999999999878 0.0
293.4099999999878 0.0
293.4199999999878 0.0
293.4299999999878 0.0
293.4399999999878 0.0
293.44999999998777 0.0
293.45999999998776 0.0
293.46999999998775 0.0
293.47999999998774 0.0
293.48999999998773 0.0
293.4999999999877 0.0
293.5099999999877 0.0
293.5199999999877 0.0
293.5299999999877 0.0
293.5399999999877 0.0
293.5499999999877 0.0
293.55999999998767 0.0
293.56999999998766 0.0
293.57999999998765 0.0
293.58999999998764 0.0
293.59999999998763 0.0
293.6099999999876 0.0
293.6199999999876 0.0
293.6299999999876 0.0
293.6399999999876 0.0
293.6499999999876 0.0
293.6599999999876 0.0
293.66999999998757 0.0
293.67999999998756 0.0
293.68999999998755 0.0
293.69999999998754 0.0
293.70999999998753 0.0
293.7199999999875 0.0
293.7299999999875 0.0
293.7399999999875 0.0
293.7499999999875 0.0
293.7599999999875 0.0
293.7699999999875 0.0
293.77999999998747 0.0
293.78999999998746 0.0
293.79999999998745 0.0
293.80999999998744 0.0
293.81999999998743 0.0
293.8299999999874 0.0
293.8399999999874 0.0
293.8499999999874 0.0
293.8599999999874 0.0
293.8699999999874 0.0
293.8799999999874 0.0
293.88999999998737 0.0
293.89999999998736 0.0
293.90999999998735 0.0
293.91999999998734 0.0
293.92999999998733 0.0
293.9399999999873 0.0
293.9499999999873 0.0
293.9599999999873 0.0
293.9699999999873 0.0
293.9799999999873 0.0
293.9899999999873 0.0
293.99999999998727 0.0
294.00999999998726 0.0
294.01999999998725 0.0
294.02999999998724 0.0
294.03999999998723 0.0
294.0499999999872 0.0
294.0599999999872 0.0
294.0699999999872 0.0
294.0799999999872 0.0
294.0899999999872 0.0
294.0999999999872 0.0
294.10999999998717 0.0
294.11999999998716 0.0
294.12999999998715 0.0
294.13999999998714 0.0
294.14999999998713 0.0
294.1599999999871 0.0
294.1699999999871 0.0
294.1799999999871 0.0
294.1899999999871 0.0
294.1999999999871 0.0
294.2099999999871 0.0
294.21999999998707 0.0
294.22999999998706 0.0
294.23999999998705 0.0
294.24999999998704 0.0
294.25999999998703 0.0
294.269999999987 0.0
294.279999999987 0.0
294.289999999987 0.0
294.299999999987 0.0
294.309999999987 0.0
294.319999999987 0.0
294.32999999998697 0.0
294.33999999998696 0.0
294.34999999998695 0.0
294.35999999998694 0.0
294.36999999998693 0.0
294.3799999999869 0.0
294.3899999999869 0.0
294.3999999999869 0.0
294.4099999999869 0.0
294.4199999999869 0.0
294.4299999999869 0.0
294.43999999998687 0.0
294.44999999998686 0.0
294.45999999998685 0.0
294.46999999998684 0.0
294.47999999998683 0.0
294.4899999999868 0.0
294.4999999999868 0.0
294.5099999999868 0.0
294.5199999999868 0.0
294.5299999999868 0.0
294.5399999999868 0.0
294.54999999998677 0.0
294.55999999998676 0.0
294.56999999998675 0.0
294.57999999998674 0.0
294.58999999998673 0.0
294.5999999999867 0.0
294.6099999999867 0.0
294.6199999999867 0.0
294.6299999999867 0.0
294.6399999999867 0.0
294.6499999999867 0.0
294.65999999998667 0.0
294.66999999998666 0.0
294.67999999998665 0.0
294.68999999998664 0.0
294.69999999998663 0.0
294.7099999999866 0.0
294.7199999999866 0.0
294.7299999999866 0.0
294.7399999999866 0.0
294.7499999999866 0.0
294.7599999999866 0.0
294.76999999998657 0.0
294.77999999998656 0.0
294.78999999998655 0.0
294.79999999998654 0.0
294.80999999998653 0.0
294.8199999999865 0.0
294.8299999999865 0.0
294.8399999999865 0.0
294.8499999999865 0.0
294.8599999999865 0.0
294.8699999999865 0.0
294.87999999998647 0.0
294.88999999998646 0.0
294.89999999998645 0.0
294.90999999998644 0.0
294.91999999998643 0.0
294.9299999999864 0.0
294.9399999999864 0.0
294.9499999999864 0.0
294.9599999999864 0.0
294.9699999999864 0.0
294.9799999999864 0.0
294.98999999998637 0.0
294.99999999998636 0.0
295.00999999998635 0.0
295.01999999998634 0.0
295.02999999998633 0.0
295.0399999999863 0.0
295.0499999999863 0.0
295.0599999999863 0.0
295.0699999999863 0.0
295.0799999999863 0.0
295.0899999999863 0.0
295.09999999998627 0.0
295.10999999998626 0.0
295.11999999998625 0.0
295.12999999998624 0.0
295.13999999998623 0.0
295.1499999999862 0.0
295.1599999999862 0.0
295.1699999999862 0.0
295.1799999999862 0.0
295.1899999999862 0.0
295.1999999999862 0.0
295.20999999998617 0.0
295.21999999998616 0.0
295.22999999998615 0.0
295.23999999998614 0.0
295.24999999998613 0.0
295.2599999999861 0.0
295.2699999999861 0.0
295.2799999999861 0.0
295.2899999999861 0.0
295.2999999999861 0.0
295.3099999999861 0.0
295.31999999998607 0.0
295.32999999998606 0.0
295.33999999998605 0.0
295.34999999998604 0.0
295.35999999998603 0.0
295.369999999986 0.0
295.379999999986 0.0
295.389999999986 0.0
295.399999999986 0.0
295.409999999986 0.0
295.419999999986 0.0
295.42999999998597 0.0
295.43999999998596 0.0
295.44999999998595 0.0
295.45999999998594 0.0
295.46999999998593 0.0
295.4799999999859 0.0
295.4899999999859 0.0
295.4999999999859 0.0
295.5099999999859 0.0
295.5199999999859 0.0
295.5299999999859 0.0
295.53999999998587 0.0
295.54999999998586 0.0
295.55999999998585 0.0
295.56999999998584 0.0
295.57999999998583 0.0
295.5899999999858 0.0
295.5999999999858 0.0
295.6099999999858 0.0
295.6199999999858 0.0
295.6299999999858 0.0
295.6399999999858 0.0
295.64999999998577 0.0
295.65999999998576 0.0
295.66999999998575 0.0
295.67999999998574 0.0
295.68999999998573 0.0
295.6999999999857 0.0
295.7099999999857 0.0
295.7199999999857 0.0
295.7299999999857 0.0
295.7399999999857 0.0
295.7499999999857 0.0
295.75999999998567 0.0
295.76999999998566 0.0
295.77999999998565 0.0
295.78999999998564 0.0
295.79999999998563 0.0
295.8099999999856 0.0
295.8199999999856 0.0
295.8299999999856 0.0
295.8399999999856 0.0
295.8499999999856 0.0
295.8599999999856 0.0
295.86999999998557 0.0
295.87999999998556 0.0
295.88999999998555 0.0
295.89999999998554 0.0
295.90999999998553 0.0
295.9199999999855 0.0
295.9299999999855 0.0
295.9399999999855 0.0
295.9499999999855 0.0
295.9599999999855 0.0
295.9699999999855 0.0
295.97999999998547 0.0
295.98999999998546 0.0
295.99999999998545 0.0
296.00999999998544 0.0
296.01999999998543 0.0
296.0299999999854 0.0
296.0399999999854 0.0
296.0499999999854 0.0
296.0599999999854 0.0
296.0699999999854 0.0
296.0799999999854 0.0
296.08999999998537 0.0
296.09999999998536 0.0
296.10999999998535 0.0
296.11999999998534 0.0
296.12999999998533 0.0
296.1399999999853 0.0
296.1499999999853 0.0
296.1599999999853 0.0
296.1699999999853 0.0
296.1799999999853 0.0
296.1899999999853 0.0
296.19999999998527 0.0
296.20999999998526 0.0
296.21999999998525 0.0
296.22999999998524 0.0
296.23999999998523 0.0
296.2499999999852 0.0
296.2599999999852 0.0
296.2699999999852 0.0
296.2799999999852 0.0
296.2899999999852 0.0
296.2999999999852 0.0
296.30999999998517 0.0
296.31999999998516 0.0
296.32999999998515 0.0
296.33999999998514 0.0
296.34999999998513 0.0
296.3599999999851 0.0
296.3699999999851 0.0
296.3799999999851 0.0
296.3899999999851 0.0
296.3999999999851 0.0
296.4099999999851 0.0
296.41999999998507 0.0
296.42999999998506 0.0
296.43999999998505 0.0
296.44999999998504 0.0
296.45999999998503 0.0
296.469999999985 0.0
296.479999999985 0.0
296.489999999985 0.0
296.499999999985 0.0
296.509999999985 0.0
296.519999999985 0.0
296.52999999998497 0.0
296.53999999998496 0.0
296.54999999998495 0.0
296.55999999998494 0.0
296.56999999998493 0.0
296.5799999999849 0.0
296.5899999999849 0.0
296.5999999999849 0.0
296.6099999999849 0.0
296.6199999999849 0.0
296.6299999999849 0.0
296.63999999998487 0.0
296.64999999998486 0.0
296.65999999998485 0.0
296.66999999998484 0.0
296.67999999998483 0.0
296.6899999999848 0.0
296.6999999999848 0.0
296.7099999999848 0.0
296.7199999999848 0.0
296.7299999999848 0.0
296.7399999999848 0.0
296.74999999998477 0.0
296.75999999998476 0.0
296.76999999998475 0.0
296.77999999998474 0.0
296.78999999998473 0.0
296.7999999999847 0.0
296.8099999999847 0.0
296.8199999999847 0.0
296.8299999999847 0.0
296.8399999999847 0.0
296.8499999999847 0.0
296.85999999998467 0.0
296.86999999998466 0.0
296.87999999998465 0.0
296.88999999998464 0.0
296.89999999998463 0.0
296.9099999999846 0.0
296.9199999999846 0.0
296.9299999999846 0.0
296.9399999999846 0.0
296.9499999999846 0.0
296.9599999999846 0.0
296.96999999998457 0.0
296.97999999998456 0.0
296.98999999998455 0.0
296.99999999998454 0.0
297.00999999998453 0.0
297.0199999999845 0.0
297.0299999999845 0.0
297.0399999999845 0.0
297.0499999999845 0.0
297.0599999999845 0.0
297.0699999999845 0.0
297.07999999998447 0.0
297.08999999998446 0.0
297.09999999998445 0.0
297.10999999998444 0.0
297.11999999998443 0.0
297.1299999999844 0.0
297.1399999999844 0.0
297.1499999999844 0.0
297.1599999999844 0.0
297.1699999999844 0.0
297.1799999999844 0.0
297.18999999998437 0.0
297.19999999998436 0.0
297.20999999998435 0.0
297.21999999998434 0.0
297.22999999998433 0.0
297.2399999999843 0.0
297.2499999999843 0.0
297.2599999999843 0.0
297.2699999999843 0.0
297.2799999999843 0.0
297.2899999999843 0.0
297.29999999998427 0.0
297.30999999998426 0.0
297.31999999998425 0.0
297.32999999998424 0.0
297.33999999998423 0.0
297.3499999999842 0.0
297.3599999999842 0.0
297.3699999999842 0.0
297.3799999999842 0.0
297.3899999999842 0.0
297.3999999999842 0.0
297.40999999998417 0.0
297.41999999998416 0.0
297.42999999998415 0.0
297.43999999998414 0.0
297.44999999998413 0.0
297.4599999999841 0.0
297.4699999999841 0.0
297.4799999999841 0.0
297.4899999999841 0.0
297.4999999999841 0.0
297.5099999999841 0.0
297.51999999998407 0.0
297.52999999998406 0.0
297.53999999998405 0.0
297.54999999998404 0.0
297.55999999998403 0.0
297.569999999984 0.0
297.579999999984 0.0
297.589999999984 0.0
297.599999999984 0.0
297.609999999984 0.0
297.619999999984 0.0
297.62999999998397 0.0
297.63999999998396 0.0
297.64999999998395 0.0
297.65999999998394 0.0
297.66999999998393 0.0
297.6799999999839 0.0
297.6899999999839 0.0
297.6999999999839 0.0
297.7099999999839 0.0
297.7199999999839 0.0
297.7299999999839 0.0
297.73999999998387 0.0
297.74999999998386 0.0
297.75999999998385 0.0
297.76999999998384 0.0
297.77999999998383 0.0
297.7899999999838 0.0
297.7999999999838 0.0
297.8099999999838 0.0
297.8199999999838 0.0
297.8299999999838 0.0
297.8399999999838 0.0
297.84999999998377 0.0
297.85999999998376 0.0
297.86999999998375 0.0
297.87999999998374 0.0
297.88999999998373 0.0
297.8999999999837 0.0
297.9099999999837 0.0
297.9199999999837 0.0
297.9299999999837 0.0
297.9399999999837 0.0
297.9499999999837 0.0
297.95999999998367 0.0
297.96999999998366 0.0
297.97999999998365 0.0
297.98999999998364 0.0
297.99999999998363 0.0
298.0099999999836 0.0
298.0199999999836 0.0
298.0299999999836 0.0
298.0399999999836 0.0
298.0499999999836 0.0
298.0599999999836 0.0
298.06999999998357 0.0
298.07999999998356 0.0
298.08999999998355 0.0
298.09999999998354 0.0
298.10999999998353 0.0
298.1199999999835 0.0
298.1299999999835 0.0
298.1399999999835 0.0
298.1499999999835 0.0
298.1599999999835 0.0
298.1699999999835 0.0
298.17999999998347 0.0
298.18999999998346 0.0
298.19999999998345 0.0
298.20999999998344 0.0
298.21999999998343 0.0
298.2299999999834 0.0
298.2399999999834 0.0
298.2499999999834 0.0
298.2599999999834 0.0
298.2699999999834 0.0
298.2799999999834 0.0
298.28999999998337 0.0
298.29999999998336 0.0
298.30999999998335 0.0
298.31999999998334 0.0
298.32999999998333 0.0
298.3399999999833 0.0
298.3499999999833 0.0
298.3599999999833 0.0
298.3699999999833 0.0
298.3799999999833 0.0
298.3899999999833 0.0
298.39999999998327 0.0
298.40999999998326 0.0
298.41999999998325 0.0
298.42999999998324 0.0
298.43999999998323 0.0
298.4499999999832 0.0
298.4599999999832 0.0
298.4699999999832 0.0
298.4799999999832 0.0
298.4899999999832 0.0
298.4999999999832 0.0
298.50999999998317 0.0
298.51999999998316 0.0
298.52999999998315 0.0
298.53999999998314 0.0
298.54999999998313 0.0
298.5599999999831 0.0
298.5699999999831 0.0
298.5799999999831 0.0
298.5899999999831 0.0
298.5999999999831 0.0
298.6099999999831 0.0
298.61999999998307 0.0
298.62999999998306 0.0
298.63999999998305 0.0
298.64999999998304 0.0
298.65999999998303 0.0
298.669999999983 0.0
298.679999999983 0.0
298.689999999983 0.0
298.699999999983 0.0
298.709999999983 0.0
298.719999999983 0.0
298.72999999998297 0.0
298.73999999998296 0.0
298.74999999998295 0.0
298.75999999998294 0.0
298.76999999998293 0.0
298.7799999999829 0.0
298.7899999999829 0.0
298.7999999999829 0.0
298.8099999999829 0.0
298.8199999999829 0.0
298.8299999999829 0.0
298.83999999998287 0.0
298.84999999998286 0.0
298.85999999998285 0.0
298.86999999998284 0.0
298.87999999998283 0.0
298.8899999999828 0.0
298.8999999999828 0.0
298.9099999999828 0.0
298.9199999999828 0.0
298.9299999999828 0.0
298.9399999999828 0.0
298.94999999998277 0.0
298.95999999998276 0.0
298.96999999998275 0.0
298.97999999998274 0.0
298.98999999998273 0.0
298.9999999999827 0.0
299.0099999999827 0.0
299.0199999999827 0.0
299.0299999999827 0.0
299.0399999999827 0.0
299.0499999999827 0.0
299.05999999998267 0.0
299.06999999998266 0.0
299.07999999998265 0.0
299.08999999998264 0.0
299.09999999998263 0.0
299.1099999999826 0.0
299.1199999999826 0.0
299.1299999999826 0.0
299.1399999999826 0.0
299.1499999999826 0.0
299.1599999999826 0.0
299.16999999998256 0.0
299.17999999998256 0.0
299.18999999998255 0.0
299.19999999998254 0.0
299.20999999998253 0.0
299.2199999999825 0.0
299.2299999999825 0.0
299.2399999999825 0.0
299.2499999999825 0.0
299.2599999999825 0.0
299.2699999999825 0.0
299.27999999998246 0.0
299.28999999998246 0.0
299.29999999998245 0.0
299.30999999998244 0.0
299.31999999998243 0.0
299.3299999999824 0.0
299.3399999999824 0.0
299.3499999999824 0.0
299.3599999999824 0.0
299.3699999999824 0.0
299.3799999999824 0.0
299.38999999998236 0.0
299.39999999998236 0.0
299.40999999998235 0.0
299.41999999998234 0.0
299.42999999998233 0.0
299.4399999999823 0.0
299.4499999999823 0.0
299.4599999999823 0.0
299.4699999999823 0.0
299.4799999999823 0.0
299.4899999999823 0.0
299.49999999998226 0.0
299.50999999998226 0.0
299.51999999998225 0.0
299.52999999998224 0.0
299.53999999998223 0.0
299.5499999999822 0.0
299.5599999999822 0.0
299.5699999999822 0.0
299.5799999999822 0.0
299.5899999999822 0.0
299.5999999999822 0.0
299.60999999998216 0.0
299.61999999998216 0.0
299.62999999998215 0.0
299.63999999998214 0.0
299.64999999998213 0.0
299.6599999999821 0.0
299.6699999999821 0.0
299.6799999999821 0.0
299.6899999999821 0.0
299.6999999999821 0.0
299.7099999999821 0.0
299.71999999998206 0.0
299.72999999998206 0.0
299.73999999998205 0.0
299.74999999998204 0.0
299.759999999982 0.0
299.769999999982 0.0
299.779999999982 0.0
299.789999999982 0.0
299.799999999982 0.0
299.809999999982 0.0
299.819999999982 0.0
299.82999999998196 0.0
299.83999999998196 0.0
299.84999999998195 0.0
299.85999999998194 0.0
299.8699999999819 0.0
299.8799999999819 0.0
299.8899999999819 0.0
299.8999999999819 0.0
299.9099999999819 0.0
299.9199999999819 0.0
299.9299999999819 0.0
299.93999999998186 0.0
299.94999999998186 0.0
299.95999999998185 0.0
299.96999999998184 0.0
299.9799999999818 0.0
299.9899999999818 0.0
