275.0 0.0
275.01 0.0
275.02 0.0
275.03 0.0
275.04 0.0
275.05 0.0
275.06 0.0
275.07 0.0
275.08 0.0
275.09 0.0
275.1 0.0
275.11 0.0
275.12 0.0
275.13 0.0
275.14 0.0
275.15 0.0
275.16 0.0
275.17 0.0
275.18 0.0
275.19 0.0
275.2 0.0
275.21 0.0
275.22 0.0
275.23 0.0
275.24 0.0
275.25 0.0
275.26 0.0
275.27 0.0
275.28 0.0
275.29 0.0
275.3 0.0
275.31 0.0
275.32 0.0
275.33 0.0
275.34 0.0
275.35 0.0
275.36 0.0
275.37 0.0
275.38 0.0
275.39 0.0
275.4 0.0
275.41 0.0
275.42 0.0
275.43 0.0
275.44 0.0
275.45 0.0
275.46 0.0
275.47 0.0
275.48 0.0
275.49 0.0
275.5 0.0
275.51 0.0
275.52 0.0
275.53 0.0
275.54 0.0
275.55 0.0
275.56 0.0
275.57 0.0
275.58 0.0
275.59 0.0
275.6 0.0
275.61 0.0
275.62 0.0
275.63 0.0
275.64 0.0
275.65 0.0
275.66 0.0
275.67 0.0
275.68 0.0
275.69 0.0
275.7 0.0
275.71 0.0
275.72 0.0
275.73 0.0
275.74 0.0
275.75 0.0
275.76 0.0
275.77 0.0
275.78 0.0
275.79 0.0
275.8 0.0
275.81 0.0
275.82 0.0
275.83 0.0
275.84 0.0
275.85 0.0
275.86 0.0
275.87 0.0
275.88 0.0
275.89 0.0
275.9 0.0
275.91 0.0
275.92 0.0
275.93 0.0
275.94 0.0
275.95 0.0
275.96 0.0
275.97 0.0
275.98 0.0
275.99 0.0
276.0 0.0
276.01 0.0
276.02 0.0
276.03 0.0
276.04 0.0
276.05 0.0
276.06 0.0
276.07 0.0
276.08 0.0
276.09 0.0
276.1 0.0
276.11 0.0
276.12 0.0
276.13 0.0
276.14 0.0
276.15 0.0
276.16 0.0
276.17 0.0
276.18 0.0
276.19 0.0
276.2 0.0
276.21 0.0
276.22 0.0
276.23 0.0
276.24 0.0
276.25 0.0
276.26 0.0
276.27 0.0
276.28 0.0
276.29 0.0
276.3 0.0
276.31 0.0
276.32 0.0
276.33 0.0
276.34 0.0
276.35 0.0
276.36 0.0
276.37 0.0
276.38 0.0
276.39 0.0
276.4 0.0
276.41 0.0
276.42 0.0
276.43 0.0
276.44 0.0
276.45 0.0
276.46 0.0
276.47 0.0
276.48 0.0
276.49 0.0
276.5 0.0
276.51 0.0
276.52 0.0
276.53 0.0
276.54 0.0
276.55 0.0
276.56 0.0
276.57 0.0
276.58 0.0
276.59 0.0
276.6 0.0
276.61 0.0
276.62 0.0
276.63 0.0
276.64 0.0
276.65 0.0
276.66 0.0
276.67 0.0
276.68 0.0
276.69 0.0
276.7 0.0
276.71 0.0
276.72 0.0
276.73 0.0
276.74 0.0
276.75 0.0
276.76 0.0
276.77 0.0
276.78 0.0
276.79 0.0
276.8 0.0
276.81 0.0
276.82 0.0
276.83 0.0
276.84 0.0
276.85 0.0
276.86 0.0
276.87 0.0
276.88 0.0
276.89 0.0
276.9 0.0
276.91 0.0
276.92 0.0
276.93 0.0
276.94 0.0
276.95 0.0
276.96 0.0
276.97 0.0
276.98 0.0
276.99 0.0
277.0 0.0
277.01 0.0
277.02 0.0
277.03 0.0
277.04 0.0
277.05 0.0
277.06 0.0
277.07 0.0
277.08 0.0
277.09 0.0
277.1 0.0
277.11 0.0
277.12 0.0
277.13 0.0
277.14 0.0
277.15 0.0
277.16 0.0
277.17 0.0
277.18 0.0
277.19 0.0
277.2 0.0
277.21 0.0
277.22 0.0
277.23 0.0
277.24 0.0
277.25 0.0
277.26 0.0
277.27 0.0
277.28 0.0
277.29 0.0
277.3 0.0
277.31 0.0
277.32 0.0
277.33 0.0
277.34 0.0
277.35 0.0
277.36 0.0
277.37 0.0
277.38 0.0
277.39 0.0
277.4 0.0
277.41 0.0
277.42 0.0
277.43 0.0
277.44 0.0
277.45 0.0
277.46 0.0
277.47 0.0
277.48 0.0
277.49 0.0
277.5 0.0
277.51 0.0
277.52 0.0
277.53 0.0
277.54 0.0
277.55 0.0
277.56 0.0
277.57 0.0
277.58 0.0
277.59 0.0
277.6 0.0
277.61 0.0
277.62 0.0
277.63 0.0
277.64 0.0
277.65 0.0
277.66 0.0
277.67 0.0
277.68 0.0
277.69 0.0
277.7 0.0
277.71 0.0
277.72 0.0
277.73 0.0
277.74 0.0
277.75 0.0
277.76 0.0
277.77 0.0
277.78 0.0
277.79 0.0
277.8 0.0
277.81 0.0
277.82 0.0
277.83 0.0
277.84 0.0
277.85 0.0
277.86 0.0
277.87 0.0
277.88 0.0
277.89 0.0
277.9 0.0
277.91 0.0
277.92 0.0
277.93 0.0
277.94 0.0
277.95 0.0
277.96 0.0
277.97 0.0
277.98 0.0
277.99 0.0
278.0 0.0
278.01 0.0
278.02 0.0
278.03 0.0
278.04 0.0
278.05 0.0
278.06 0.0
278.07 0.0
278.08 0.0
278.09 0.0
278.1 0.0
278.11 1.97626258336e-323
278.12 1.38338380836e-322
278.13 8.99199475431e-322
278.14 5.90902512426e-321
278.15 3.87396872904e-320
278.16 2.53238287432e-319
278.17 1.65146382779e-318
278.18 1.07440207037e-317
278.19 6.97301476114e-317
278.2 4.51472261335e-316
278.21 2.91607225886e-315
278.22 1.87898018419e-314
278.23 1.20782170235e-313
278.24 7.74533429635e-313
278.25 4.95489225239e-312
278.26 3.16216823861e-311
278.27 2.0132255763e-310
278.28 1.27866452247e-309
278.29 8.10172507061e-309
278.3 5.12100378633e-308
278.31 3.22915879378e-307
278.32 2.03132969134e-306
278.33 1.27475915783e-305
278.34 7.98054543064e-305
278.35 4.98417999127e-304
278.36 3.10535725086e-303
278.37 1.93012809482e-302
278.38 1.19678849098e-301
278.39 7.40295970392e-301
278.4 4.56825224442e-300
278.41 2.81223414296e-299
278.42 1.72706859311e-298
278.43 1.05809437599e-297
278.44 6.46689686794e-297
278.45 3.94297636231e-296
278.46 2.39833100315e-295
278.47 1.45529413535e-294
278.48 8.80945712721e-294
278.49 5.31990923879e-293
278.5 3.20491126194e-292
278.51 1.92612516314e-291
278.52 1.15480780434e-290
278.53 6.90703449648e-290
278.54 4.12126223442e-289
278.55 2.45315835404e-288
278.56 1.45672517831e-287
278.57 8.62951483501e-287
278.58 5.09978470592e-286
278.59 3.00658865388e-285
278.6 1.7682875768e-284
278.61 1.03750091138e-283
278.62 6.07268546671e-283
278.63 3.54592705853e-282
278.64 2.06554907339e-281
278.65 1.20032249906e-280
278.66 6.95852329493e-280
278.67 4.02432395455e-279
278.68 2.32180366093e-278
278.69 1.33633320257e-277
278.7 7.67292116283e-277
278.71 4.39504597502e-276
278.72 2.51144006597e-275
278.73 1.43165681182e-274
278.74 8.14163707261e-274
278.75 4.61892875688e-273
278.76 2.61413190621e-272
278.77 1.47594590868e-271
278.78 8.31323571467e-271
278.79 4.67117843717e-270
278.8 2.61842132784e-269
278.81 1.46423003681e-268
278.82 8.16837754877e-268
278.83 4.54589085076e-267
278.84 2.52382311904e-266
278.85 1.39783378927e-265
278.86 7.72340597499e-265
278.87 4.25714951089e-264
278.88 2.34091503738e-263
278.89 1.28413034718e-262
278.9 7.02731266904e-262
278.91 3.83642007077e-261
278.92 2.08939110327e-260
278.93 1.13519387028e-259
278.94 6.15286013848e-259
278.95 3.32690774852e-258
278.96 1.79457322336e-257
278.97 9.65691297746e-257
278.98 5.18408557294e-256
278.99 2.77627648883e-255
279.0 1.48323504528e-254
279.01 7.9052198195e-254
279.02 4.20314751976e-253
279.03 2.22942067601e-252
279.04 1.17968518581e-251
279.05 6.22725910621e-251
279.06 3.27932497537e-250
279.07 1.72277549789e-249
279.08 9.02879153404e-249
279.09 4.72049209342e-248
279.1 2.46207701031e-247
279.11 1.28106952748e-246
279.12 6.64967589467e-246
279.13 3.4433801002e-245
279.14 1.77879607224e-244
279.15 9.1669332262e-244
279.16 4.71279645957e-243
279.17 2.41707434415e-242
279.18 1.23668201033e-241
279.19 6.3122296005e-241
279.2 3.21413594129e-240
279.21 1.63268500652e-239
279.22 8.2736525207e-239
279.23 4.1826243327e-238
279.24 2.10939130527e-237
279.25 1.06126087348e-236
279.26 5.32652370258e-236
279.27 2.66699550935e-235
279.28 1.33216314489e-234
279.29 6.63818350833e-234
279.3 3.29987738674e-233
279.31 1.63645121082e-232
279.32 8.0958980389e-232
279.33 3.99561566991e-231
279.34 1.96724792054e-230
279.35 9.66253748415e-230
279.36 4.73456407053e-229
279.37 2.31433121957e-228
279.38 1.12856801917e-227
279.39 5.49018114816e-227
279.4 2.66441775284e-226
279.41 1.28995533399e-225
279.42 6.23022507235e-225
279.43 3.00185360931e-224
279.44 1.44288590806e-223
279.45 6.91880648877e-223
279.46 3.30968823169e-222
279.47 1.57942750561e-221
279.48 7.51915465776e-221
279.49 3.57104273937e-220
279.5 1.69191206674e-219
279.51 7.99681846387e-219
279.52 3.7706254639e-218
279.53 1.77364322588e-217
279.54 8.32292234364e-217
279.55 3.89620796655e-216
279.56 1.81955474629e-215
279.57 8.47705173496e-215
279.58 3.93986417297e-214
279.59 1.82673005995e-213
279.6 8.44936770839e-213
279.61 3.89879818602e-212
279.62 1.79470887148e-211
279.63 8.24164632021e-211
279.64 3.77564059352e-210
279.65 1.72553602048e-209
279.66 7.86709006256e-209
279.67 3.57816961903e-208
279.68 1.62354539218e-207
279.69 7.34893923559e-207
279.7 3.31849820451e-206
279.71 1.49491061971e-205
279.72 6.7180862731e-205
279.73 3.01184512534e-204
279.74 1.34702732165e-203
279.75 6.0100333621e-203
279.76 2.67506334553e-202
279.77 1.1878127095e-201
279.78 5.26160903649e-201
279.79 2.32512278e-200
279.8 1.02501428285e-199
279.81 4.50786241549e-199
279.82 1.97773499152e-198
279.83 8.65609974053e-198
279.84 3.77948926414e-197
279.85 1.64626858051e-196
279.86 7.153605275e-196
279.87 3.10102998376e-195
279.88 1.34104597698e-194
279.89 5.78546245264e-194
279.9 2.48994182672e-193
279.91 1.06904757195e-192
279.92 4.57890435312e-192
279.93 1.95651337753e-191
279.94 8.33989880728e-191
279.95 3.54646313753e-190
279.96 1.50448141968e-189
279.97 6.36700097855e-189
279.98 2.68806467821e-188
279.99 1.13214283213e-187
280.0 4.75684979295e-187
280.01 1.99385863775e-186
280.02 8.3373109591e-186
280.03 3.47787801342e-185
280.04 1.44730279176e-184
280.05 6.00843218979e-184
280.06 2.48839682196e-183
280.07 1.02809872701e-182
280.08 4.23747075897e-182
280.09 1.74234966743e-181
280.1 7.14694810766e-181
280.11 2.92457423987e-180
280.12 1.19388193668e-179
280.13 4.86202090718e-179
280.14 1.97528139043e-178
280.15 8.00567272213e-178
280.16 3.23685616368e-177
280.17 1.3055865874e-176
280.18 5.25345078533e-176
280.19 2.10882414762e-175
280.2 8.44486620544e-175
280.21 3.37366449208e-174
280.22 1.34452139257e-173
280.23 5.34552361665e-173
280.24 2.12016420564e-172
280.25 8.38890841699e-172
280.26 3.31129686345e-171
280.27 1.30390962714e-170
280.28 5.12216513271e-170
280.29 2.00731887672e-169
280.3 7.8475821636e-169
280.31 3.06063882923e-168
280.32 1.19081694384e-167
280.33 4.62204997424e-167
280.34 1.78970304783e-166
280.35 6.91327810837e-166
280.36 2.66405868877e-165
280.37 1.02414219012e-164
280.38 3.92765593687e-164
280.39 1.50266899329e-163
280.4 5.73521790434e-163
280.41 2.1837012907e-162
280.42 8.29455799314e-162
280.43 3.14304048152e-161
280.44 1.18812849268e-160
280.45 4.48057299139e-160
280.46 1.68562285814e-159
280.47 6.32621542567e-159
280.48 2.36855923913e-158
280.49 8.84669867398e-158
280.5 3.2963622241e-157
280.51 1.22530817635e-156
280.52 4.54372924104e-156
280.53 1.68087828291e-155
280.54 6.20321448386e-155
280.55 2.28377880886e-154
280.56 8.38779851211e-154
280.57 3.07325537386e-153
280.58 1.12332653917e-152
280.59 4.09609573673e-152
280.6 1.49001584757e-151
280.61 5.40714960588e-151
280.62 1.95750370963e-150
280.63 7.06957833663e-150
280.64 2.54707151008e-149
280.65 9.15472861767e-149
280.66 3.28251349821e-148
280.67 1.17415187568e-147
280.68 4.18985256784e-147
280.69 1.49152286667e-146
280.7 5.29685153289e-146
280.71 1.87655973642e-145
280.72 6.63229289238e-145
280.73 2.3384156552e-144
280.74 8.22500995356e-144
280.75 2.88607666928e-143
280.76 1.01026662381e-142
280.77 3.52793728617e-142
280.78 1.22902981011e-141
280.79 4.27130601037e-141
280.8 1.48086567375e-140
280.81 5.1218558966e-140
280.82 1.7672409e-139
280.83 6.08304266041e-139
280.84 2.08882799733e-138
280.85 7.15552011781e-138
280.86 2.44532418866e-137
280.87 8.33658898343e-137
280.88 2.8352871262e-136
280.89 9.61971955797e-136
280.9 3.25600067468e-135
280.91 1.09941908236e-134
280.92 3.70338415937e-134
280.93 1.24448873027e-133
280.94 4.17195755351e-133
280.95 1.39522902954e-132
280.96 4.65487299287e-132
280.97 1.54926916599e-131
280.98 5.14401976587e-131
280.99 1.70386463703e-130
281.0 5.63020566829e-130
281.01 1.85596652774e-129
281.02 6.10341258437e-129
281.03 2.00231327963e-128
281.04 6.55311872194e-128
281.05 2.13954169336e-127
281.06 6.96867453172e-127
281.07 2.26431226251e-126
281.08 7.33971446604e-126
281.09 2.37344253477e-125
281.1 7.65658285868e-125
281.11 2.46404118158e-124
281.12 7.91074975795e-124
281.13 2.53363494773e-123
281.14 8.09519183049e-123
281.15 2.58028072355e-122
281.16 8.20471463761e-122
281.17 2.60265565899e-121
281.18 8.2361956568e-121
281.19 2.60011948888e-120
281.2 8.18873218254e-120
281.21 2.57274497131e-119
281.22 8.06368433002e-119
281.23 2.52131441996e-118
281.24 7.86461028282e-118
281.25 2.44728256075e-117
281.26 7.59709808665e-117
281.27 2.35270817417e-116
281.28 7.2685050859e-116
281.29 2.24015900554e-115
281.3 6.88762195649e-115
281.31 2.11259607072e-114
281.32 6.46428273124e-114
281.33 1.97324462311e-113
281.34 6.00894491195e-113
281.35 1.82545960314e-112
281.36 5.53226455615e-112
281.37 1.67259334035e-111
281.38 5.04469014192e-111
281.39 1.51787265845e-110
281.4 4.55609624536e-110
281.41 1.36429142987e-109
281.42 4.07547395259e-109
281.43 1.21452316346e-108
281.44 3.61068990685e-108
281.45 1.07085653502e-107
281.46 3.16832044828e-107
281.47 9.3515503982e-107
281.48 2.75356191828e-106
281.49 8.0884030499e-106
281.5 2.37021330321e-105
281.51 6.92897170641e-105
281.52 2.02072332306e-104
281.53 5.87897522188e-104
281.54 1.70629105867e-103
281.55 4.94039086184e-103
281.56 1.42700736318e-102
281.57 4.11195002569e-102
281.58 1.18202360969e-101
281.59 3.3896993814e-101
281.6 9.69734678338e-101
281.61 2.7675876153e-100
281.62 7.87964297266e-100
281.63 2.23804292058e-99
281.64 6.34142691589e-99
281.65 1.79251286677e-98
281.66 5.05468715518e-98
281.67 1.42194562902e-97
281.68 3.99051005365e-97
281.69 1.11719899811e-96
281.7 3.12024988141e-96
281.71 8.69370546686e-96
281.72 2.41644647346e-95
281.73 6.7004835599e-95
281.74 1.8534967203e-94
281.75 5.11486537444e-94
281.76 1.40809936417e-93
281.77 3.86713298371e-93
281.78 1.05950161006e-92
281.79 2.89581520842e-92
281.8 7.89581161093e-92
281.81 2.14772869927e-91
281.82 5.82798966189e-91
281.83 1.57766515812e-90
281.84 4.26056902625e-90
281.85 1.14782871874e-89
281.86 3.08491553107e-89
281.87 8.27115533139e-89
281.88 2.2123090012e-88
281.89 5.903126709e-88
281.9 1.57135797437e-87
281.91 4.17277407893e-87
281.92 1.1054301855e-86
281.93 2.92142321887e-86
281.94 7.70219204946e-86
281.95 2.02577365787e-85
281.96 5.31525623045e-85
281.97 1.39127890572e-84
281.98 3.63296241865e-84
281.99 9.46377310859e-84
282.0 2.45937324162e-83
282.01 6.3758967703e-83
282.02 1.64897784205e-82
282.03 4.25446614787e-82
282.04 1.09504517118e-81
282.05 2.81174353974e-81
282.06 7.2023809273e-81
282.07 1.84048879471e-80
282.08 4.69188088434e-80
282.09 1.19321165719e-79
282.1 3.0272250385e-79
282.11 7.66176161889e-79
282.12 1.93450240477e-78
282.13 4.87266575732e-78
282.14 1.22439255215e-77
282.15 3.06924421603e-77
282.16 7.67536297022e-77
282.17 1.91479863206e-76
282.18 4.76545095325e-76
282.19 1.18315490672e-75
282.2 2.93046085021e-75
282.21 7.24080660249e-75
282.22 1.78482105921e-74
282.23 4.38893475527e-74
282.24 1.07666421216e-73
282.25 2.63486361203e-73
282.26 6.43269131792e-73
282.27 1.56669332469e-72
282.28 3.80655390182e-72
282.29 9.2264935894e-72
282.3 2.23099241777e-71
282.31 5.38165946914e-71
282.32 1.29506343864e-70
282.33 3.10901331079e-70
282.34 7.44579079298e-70
282.35 1.77891741681e-69
282.36 4.23991797013e-69
282.37 1.00812835741e-68
282.38 2.39128267483e-68
282.39 5.65851814847e-68
282.4 1.33576856371e-67
282.41 3.1456937055e-67
282.42 7.39023685662e-67
282.43 1.73203630778e-66
282.44 4.04960193322e-66
282.45 9.44548772903e-66
282.46 2.19782521038e-65
282.47 5.10174353466e-65
282.48 1.18141044012e-64
282.49 2.7292272293e-64
282.5 6.28977769747e-64
282.51 1.44606430651e-63
282.52 3.3166269566e-63
282.53 7.58861212741e-63
282.54 1.732147193e-62
282.55 3.94424553658e-62
282.56 8.95983064023e-62
282.57 2.03045032109e-61
282.58 4.59030607972e-61
282.59 1.03525570296e-60
282.6 2.32921901907e-60
282.61 5.22792963082e-60
282.62 1.17059279948e-59
282.63 2.6148011845e-59
282.64 5.82677445027e-59
282.65 1.29531218503e-58
282.66 2.87261486984e-58
282.67 6.35531479353e-58
282.68 1.40266331727e-57
282.69 3.08835006113e-57
282.7 6.78353878887e-57
282.71 1.48642435851e-56
282.72 3.2492716708e-56
282.73 7.08575193644e-56
282.74 1.54149660901e-55
282.75 3.34546054843e-55
282.76 7.24312468684e-55
282.77 1.56441769508e-54
282.78 3.37082485303e-54
282.79 7.24563353101e-54
282.8 1.5537217715e-53
282.81 3.32373849952e-53
282.82 7.09311748921e-53
282.83 1.51009464978e-52
282.84 3.2072136661e-52
282.85 6.79529520367e-52
282.86 1.43630103111e-51
282.87 3.02858192285e-51
282.88 6.37074011226e-51
282.89 1.33689457651e-50
282.9 2.79873090547e-50
282.91 5.84496392796e-50
282.92 1.21775307943e-49
282.93 2.53100700549e-49
282.94 5.24788328404e-49
282.95 1.08550467286e-48
282.96 2.23993768629e-48
282.97 4.61101872208e-48
282.98 9.46922735457e-48
282.99 1.93994274287e-47
283.0 3.96478817564e-47
283.01 8.08365511935e-47
283.02 1.64419102449e-46
283.03 3.33621076373e-46
283.04 6.75322772623e-46
283.05 1.36372254418e-45
283.06 2.74724476668e-45
283.07 5.5210972758e-45
283.08 1.10690449943e-44
283.09 2.21386745585e-44
283.1 4.41722772108e-44
283.11 8.7923439979e-44
283.12 1.74588753117e-43
283.13 3.45847439578e-43
283.14 6.83454450389e-43
283.15 1.34738372232e-42
283.16 2.6499014722e-42
283.17 5.1990604381e-42
283.18 1.01759910236e-41
283.19 1.98694238391e-41
283.2 3.87035268783e-41
283.21 7.52094685565e-41
283.22 1.4579787936e-40
283.23 2.81959417066e-40
283.24 5.43974711334e-40
283.25 1.0469538211e-39
283.26 2.01017122426e-39
283.27 3.85030636024e-39
283.28 7.35722827492e-39
283.29 1.40245806835e-38
283.3 2.66699529101e-38
283.31 5.05954335838e-38
283.32 9.57540395873e-38
283.33 1.80783835806e-37
283.34 3.4050131901e-37
283.35 6.39785966674e-37
283.36 1.19924338246e-36
283.37 2.24252173498e-36
283.38 4.18333554676e-36
283.39 7.78512249384e-36
283.4 1.44532298474e-35
283.41 2.6768317679e-35
283.42 4.94577045396e-35
283.43 9.11598377046e-35
283.44 1.67621545424e-34
283.45 3.07477150068e-34
283.46 5.62668448934e-34
283.47 1.02718575722e-33
283.48 1.87069128998e-33
283.49 3.3986932496e-33
283.5 6.15996895259e-33
283.51 1.11378608328e-32
283.52 2.00900843639e-32
283.53 3.61508441949e-32
283.54 6.48950895193e-32
283.55 1.1621493345e-31
283.56 2.0761979093e-31
283.57 3.70026025099e-31
283.58 6.57888812243e-31
283.59 1.16688871874e-30
283.6 2.06472915777e-30
283.61 3.64463003705e-30
283.62 6.41801191191e-30
283.63 1.12746818847e-29
283.64 1.97589919784e-29
283.65 3.45447442911e-29
283.66 6.02498387839e-29
283.67 1.04830222021e-28
283.68 1.81959121572e-28
283.69 3.15077845466e-28
283.7 5.44275282758e-28
283.71 9.37942179576e-28
283.72 1.61246475539e-27
283.73 2.76542003189e-27
283.74 4.73138934593e-27
283.75 8.07556617542e-27
283.76 1.37503572752e-26
283.77 2.33567113903e-26
283.78 3.95791183407e-26
283.79 6.69078764922e-26
283.8 1.1283532573e-25
283.81 1.89832093347e-25
283.82 3.18603759662e-25
283.83 5.33444037675e-25
283.84 8.91011981181e-25
283.85 1.48468708939e-24
283.86 2.46798791982e-24
283.87 4.09268044823e-24
283.88 6.77063424413e-24
283.89 1.11739720234e-23
283.9 1.83968096778e-23
283.91 3.02158044191e-23
283.92 4.9508813176e-23
283.93 8.09259078104e-23
283.94 1.31962141231e-22
283.95 2.14668260573e-22
283.96 3.48371830294e-22
283.97 5.63994583045e-22
283.98 9.10884988318e-22
283.99 1.46760393119e-21
284.0 2.35890742574e-21
284.01 3.78241901526e-21
284.02 6.05041394544e-21
284.03 9.65511049097e-21
284.04 1.53704335384e-20
284.05 2.44102201473e-20
284.06 3.86735451018e-20
284.07 6.11241710527e-20
284.08 9.63759539487e-20
284.09 1.51593683839e-19
284.1 2.37875784322e-19
284.11 3.7237118709e-19
284.12 5.81511911132e-19
284.13 9.05936734201e-19
284.14 1.40797140467e-18
284.15 2.18296367351e-18
284.16 3.37641555532e-18
284.17 5.20981120729e-18
284.18 8.01945377538e-18
284.19 1.23147131667e-17
284.2 1.88651612893e-17
284.21 2.883058495e-17
284.22 4.39544747734e-17
284.23 6.6851236629e-17
284.24 1.01431419967e-16
284.25 1.53529655304e-16
284.26 2.31829529565e-16
284.27 3.49222279278e-16
284.28 5.24797600494e-16
284.29 7.86753073781e-16
284.3 1.17663500773e-15
284.31 1.75550387442e-15
284.32 2.61287436835e-15
284.33 3.87964487785e-15
284.34 5.74674768768e-15
284.35 8.49198062531e-15
284.36 1.25185079383e-14
284.37 1.84099603447e-14
284.38 2.70090834389e-14
284.39 3.9529702837e-14
284.4 5.77156993094e-14
284.41 8.40661356507e-14
284.42 1.22153218953e-13
284.43 1.77070191537e-13
284.44 2.56060569924e-13
284.45 3.69399810262e-13
284.46 5.31627377353e-13
284.47 7.63263891305e-13
284.48 1.09319794343e-12
284.49 1.56199487431e-12
284.5 2.22647135662e-12
284.51 3.16600305655e-12
284.52 4.49119856796e-12
284.53 6.35579518061e-12
284.54 8.97292916748e-12
284.55 1.26373290872e-11
284.56 1.77555062769e-11
284.57 2.48867127397e-11
284.58 3.47983553844e-11
284.59 4.8540764593e-11
284.6 6.75478011418e-11
284.61 9.37718596776e-11
284.62 1.29864530981e-10
284.63 1.79417699264e-10
284.64 2.47284402881e-10
284.65 3.40004664926e-10
284.66 4.66369066e-10
284.67 6.38162537985e-10
284.68 8.71143269982e-10
284.69 1.18632743757e-09
284.7 1.61167056288e-09
284.71 2.18426175589e-09
284.72 2.95317919061e-09
284.73 3.98319553827e-09
284.74 5.35957266679e-09
284.75 7.19424808624e-09
284.76 9.63379422807e-09
284.77 1.28696291123e-08
284.78 1.71510773737e-08
284.79 2.28020288412e-08
284.8 3.02421236449e-08
284.81 4.00136149144e-08
284.82 5.28153304422e-08
284.83 6.95454824017e-08
284.84 9.13554699648e-08
284.85 1.19717295655e-07
284.86 1.56507786436e-07
284.87 2.04113490631e-07
284.88 2.65560929541e-07
284.89 3.44677837858e-07
284.9 4.46292151463e-07
284.91 5.76476818911e-07
284.92 7.42850049677e-07
284.93 9.54942395663e-07
284.94 1.22464412178e-06
284.95 1.56674868663e-06
284.96 1.99961085608e-06
284.97 2.54594104113e-06
284.98 3.2337609158e-06
284.99 4.09754925663e-06
285.0 5.17961127618e-06
285.01 6.53170951281e-06
285.02 8.21699959877e-06
285.03 1.03123199535e-05
285.04 1.29108906252e-05
285.05 1.61254830997e-05
285.06 2.00921298579e-05
285.07 2.49744497206e-05
285.08 3.0968672471e-05
285.09 3.83094537519e-05
285.1 4.72765786465e-05
285.11 5.82026594436e-05
285.12 7.14819396372e-05
285.13 8.75803219069e-05
285.14 0.000107046742355
285.15 0.000130526016234
285.16 0.000158773281388
285.17 0.000192670164135
285.18 0.00023324278787
285.19 0.000281681736689
285.2 0.000339364074255
285.21 0.000407877501347
285.22 0.000489046713496
285.23 0.000584961992172
285.24 0.000698010028645
285.25 0.000830906938439
285.26 0.000986733375706
285.27 0.00116897160074
285.28 0.0013815442899
285.29 0.00162885480564
285.3 0.00191582856509
285.31 0.0022479550595
285.32 0.0026313299843
285.33 0.00307269684174
285.34 0.00357948727628
285.35 0.004159859299
285.36 0.00482273245292
285.37 0.00557781886934
285.38 0.00643564906809
285.39 0.00740759126544
285.4 0.00850586287584
285.41 0.00974353283071
285.42 0.0111345132934
285.43 0.0126935393278
285.44 0.0144361350838
285.45 0.0163785650953
285.46 0.0185377693601
285.47 0.0209312809703
285.48 0.0235771252137
285.49 0.0264936992484
285.5 0.0296996316855
285.51 0.0332136216873
285.52 0.0370542575024
285.53 0.0412398147169
285.54 0.0457880348934
285.55 0.0507158856948
285.56 0.056039304044
285.57 0.061772924344
285.58 0.0679297942643
285.59 0.0745210810887
285.6 0.0815557720922
285.61 0.0890403728722
285.62 0.0969786079786
285.63 0.105371128563
285.64 0.114215232087
285.65 0.123504599358
285.66 0.133229054352
285.67 0.143374352307
285.68 0.153922001567
285.69 0.164849124483
285.7 0.176128362428
285.71 0.187727829562
285.72 0.199611119514
285.73 0.211737368482
285.74 0.224061377533
285.75 0.236533796031
285.76 0.249101367182
285.77 0.261707235682
285.78 0.274291316373
285.79 0.286790721697
285.8 0.299140244643
285.81 0.311272892712
285.82 0.323120467404
285.83 0.334614182657
285.84 0.345685314741
285.85 0.356265875314
285.86 0.366289298572
285.87 0.37569113296
285.88 0.384409727457
285.89 0.392386902295
285.9 0.399568593947
285.91 0.405905464394
285.92 0.4113534651
285.93 0.415874346676
285.94 0.419436105984
285.95 0.422013363377
285.96 0.423587663862
285.97 0.42414769717
285.98 0.423689433073
285.99 0.422216169689
286.0 0.419738493951
286.01 0.416274154909
286.02 0.411847851993
286.03 0.406490941757
286.04 0.400241067987
286.05 0.393141721268
286.06 0.38524173522
286.07 0.376594727566
286.08 0.36725849496
286.09 0.357294371135
286.1 0.3467665583
286.11 0.335741441947
286.12 0.324286899243
286.13 0.312471610967
286.14 0.300364386645
286.15 0.288033511946
286.16 0.275546126739
286.17 0.262967641413
286.18 0.250361198083
286.19 0.237787182328
286.2 0.225302790019
286.21 0.212961652663
286.22 0.20081352359
286.23 0.188904026178
286.24 0.177274464242
286.25 0.165961693693
286.26 0.15499805363
286.27 0.144411354165
286.28 0.134224917538
286.29 0.124457668435
286.3 0.115124268894
286.31 0.106235292791
286.32 0.0977974346176
286.33 0.0898137470768
286.34 0.0822839020169
286.35 0.0752044692306
286.36 0.0685692078313
286.37 0.0623693651394
286.38 0.0565939783229
286.39 0.0512301744093
286.4 0.0462634646988
286.41 0.0416780300639
286.42 0.0374569940943
286.43 0.0335826815296
286.44 0.0300368599093
286.45 0.0268009628428
286.46 0.0238562937555
286.47 0.0211842094018
286.48 0.0187662828245
286.49 0.0165844458084
286.5 0.014621111189
286.51 0.0128592756573
286.52 0.0112826039359
286.53 0.00987549539202
286.54 0.00862313430245
286.55 0.00751152509523
286.56 0.00652751396558
286.57 0.00565879830126
286.58 0.00489392536061
286.59 0.00422228162751
286.6 0.00363407422538
286.61 0.00312030571115
286.62 0.00267274349396
286.63 0.00228388503508
286.64 0.00194691988918
286.65 0.00165568954557
286.66 0.00140464592385
286.67 0.00118880927454
286.68 0.00100372613293
286.69 0.000845427876766
286.7 0.000710390344782
286.71 0.000595494886701
286.72 0.000497991135539
286.73 0.00041546172069
286.74 0.000345789075885
286.75 0.000287124439378
286.76 0.000237859094727
286.77 0.000196597858836
286.78 0.000162134789341
286.79 0.000133431055221
286.8 0.0001095948924
286.81 8.98635493311e-05
286.82 7.35871156032e-05
286.83 6.0214118896e-05
286.84 4.92787715408e-05
286.85 4.0389746947e-05
286.86 3.32203677624e-05
286.87 2.75000913218e-05
286.88 2.3007183289e-05
286.89 1.95624770107e-05
286.9 1.70241236248e-05
286.91 1.5283246096e-05
286.92 1.42604188108e-05
286.93 1.39029029284e-05
286.94 1.41825761447e-05
286.95 1.50945037169e-05
286.96 1.66561053662e-05
286.97 1.89068799007e-05
286.98 2.19086559689e-05
286.99 2.57463431686e-05
287.0 3.0529162712e-05
287.01 3.63923409022e-05
287.02 4.34992517451e-05
287.03 5.20439970227e-05
287.04 6.22544130388e-05
287.05 7.4395492947e-05
287.06 8.87732120351e-05
287.07 0.000105738740524
287.08 0.000125693024299
287.09 0.000149091708522
287.1 0.000176450372228
287.11 0.000208350033866
287.12 0.000245442878248
287.13 0.000288458144711
287.14 0.000338208104409
287.15 0.000395594041864
287.16 0.000461612142231
287.17 0.000537359171485
287.18 0.000624037822181
287.19 0.000722961582848
287.2 0.000835558974896
287.21 0.000963376987479
287.22 0.00110808352858
287.23 0.00127146870015
287.24 0.001455444697
287.25 0.00166204412373
287.26 0.00189341652218
287.27 0.00215182290362
287.28 0.00243962808673
287.29 0.00275929065341
287.3 0.00311335035183
287.31 0.00350441279817
287.32 0.00393513135775
287.33 0.00440818612061
287.34 0.00492625992789
287.35 0.00549201145234
287.36 0.00610804538895
287.37 0.00677687986983
287.38 0.00750091127957
287.39 0.0082823767137
287.4 0.00912331439104
287.41 0.0100255224006
287.42 0.0109905162334
287.43 0.012019485616
287.44 0.0131132512296
287.45 0.0142722219523
287.46 0.0154963533197
287.47 0.0167851079356
287.48 0.0181374186016
287.49 0.0195516549481
287.5 0.0210255943591
287.51 0.0225563979703
287.52 0.0241405924935
287.53 0.0257740585765
287.54 0.0274520263497
287.55 0.0291690787258
287.56 0.0309191629309
287.57 0.0326956106298
287.58 0.0344911668836
287.59 0.0362980280414
287.6 0.0381078885174
287.61 0.0399119962517
287.62 0.0417012164885
287.63 0.0434661033492
287.64 0.0451969785146
287.65 0.0468840161778
287.66 0.0485173332871
287.67 0.0500870839657
287.68 0.0515835568819
287.69 0.0529972742483
287.7 0.054319091056
287.71 0.0555402931052
287.72 0.0566526923689
287.73 0.0576487182367
287.74 0.0585215032198
287.75 0.0592649617624
287.76 0.0598738608966
287.77 0.0603438815938
287.78 0.0606716698083
287.79 0.0608548763705
287.8 0.0608921850683
287.81 0.0607833284473
287.82 0.0605290910695
287.83 0.0601313001749
287.84 0.0595928039074
287.85 0.0589174374702
287.86 0.0581099777783
287.87 0.0571760873641
287.88 0.0561222484626
287.89 0.0549556883576
287.9 0.0536842971977
287.91 0.0523165395994
287.92 0.0508613614293
287.93 0.0493280932105
287.94 0.0477263516178
287.95 0.046065940524
287.96 0.0443567530203
287.97 0.0426086757797
287.98 0.0408314970469
287.99 0.039034819433
288.0 0.0372279785738
288.01 0.0354199685693
288.02 0.0336193749755
288.03 0.0318343159631
288.04 0.0300723920933
288.05 0.0283406450035
288.06 0.0266455251326
288.07 0.0249928684651
288.08 0.0233878821254
288.09 0.0218351385246
288.1 0.0203385776364
288.11 0.0189015168767
288.12 0.0175266679714
288.13 0.016216160122
288.14 0.0149715687255
288.15 0.0137939488633
288.16 0.0126838727534
288.17 0.0116414703522
288.18 0.0106664722985
288.19 0.00975825441546
288.2 0.00891588301414
288.21 0.00813816028879
288.22 0.00742366913947
288.23 0.0067708168172
288.24 0.00617787684623
288.25 0.00564302874283
288.26 0.0051643951156
288.27 0.00474007579844
288.28 0.00436817873246
288.29 0.00404684737635
288.3 0.00377428448499
288.31 0.00354877215356
288.32 0.00336868807747
288.33 0.00323251802785
288.34 0.00313886458731
288.35 0.00308645223189
288.36 0.00307412888198
288.37 0.0031008640782
288.38 0.00316574396807
288.39 0.0032679633158
288.4 0.00340681477143
288.41 0.0035816756564
288.42 0.00379199254214
288.43 0.00403726391459
288.44 0.00431702123314
288.45 0.00463080870524
288.46 0.00497816210989
288.47 0.0053585870122
288.48 0.00577153671922
288.49 0.00621639033226
288.5 0.00669243125346
288.51 0.00719882650441
288.52 0.00773460721079
288.53 0.0082986506001
288.54 0.00888966384827
288.55 0.00950617009524
288.56 0.01014649693
288.57 0.0108087676198
288.58 0.0114908953301
288.59 0.0121905805443
288.6 0.0129053118565
288.61 0.0136323702631
288.62 0.0143688370335
288.63 0.0151116051871
288.64 0.0158573945508
288.65 0.0166027703119
288.66 0.0173441649279
288.67 0.0180779031921
288.68 0.0188002302008
288.69 0.0195073419105
288.7 0.0201954179236
288.71 0.0208606560924
288.72 0.0214993084897
288.73 0.0221077182608
288.74 0.0226823568395
288.75 0.0232198609965
288.76 0.0237170691727
288.77 0.0241710565518
288.78 0.0245791683339
288.79 0.0249390506886
288.8 0.0252486788956
288.81 0.0255063822159
288.82 0.0257108650838
288.83 0.0258612242618
288.84 0.0259569616618
288.85 0.0259979926037
288.86 0.0259846493503
288.87 0.0259176798361
288.88 0.0257982415804
288.89 0.0256278908538
288.9 0.0254085672439
288.91 0.025142573835
288.92 0.0248325532936
288.93 0.0244814602065
288.94 0.0240925300849
288.95 0.0236692454919
288.96 0.023215299796
288.97 0.0227345590863
288.98 0.0222310228069
288.99 0.0217087836822
289.0 0.0211719875104
289.01 0.0206247933927
289.02 0.0200713349518
289.03 0.0195156830687
289.04 0.0189618106302
289.05 0.01841355974
289.06 0.0178746117977
289.07 0.0173484607911
289.08 0.0168383900941
289.09 0.0163474529904
289.1 0.0158784570845
289.11 0.0154339526866
289.12 0.0150162251933
289.13 0.0146272914166
289.14 0.014268899747
289.15 0.0139425339743
289.16 0.0136494205284
289.17 0.0133905388492
289.18 0.013166634545
289.19 0.012978234955
289.2 0.0128256666974
289.21 0.0127090747556
289.22 0.0126284426341
289.23 0.0125836131054
289.24 0.0125743090652
289.25 0.012600154019
289.26 0.0126606917371
289.27 0.0127554046401
289.28 0.0128837305034
289.29 0.0130450771144
289.3 0.0132388345578
289.31 0.0134643848595
289.32 0.013721108779
289.33 0.0140083896024
289.34 0.0143256138588
289.35 0.0146721689495
289.36 0.0150474377562
289.37 0.0154507903622
289.38 0.0158815730952
289.39 0.0163390951655
289.4 0.0168226132398
289.41 0.0173313143486
289.42 0.017864297576
289.43 0.0184205550256
289.44 0.0189989525896
289.45 0.0195982110698
289.46 0.020216888216
289.47 0.0208533622423
289.48 0.021505817373
289.49 0.0221722319455
289.5 0.0228503695571
289.51 0.0235377736997
289.52 0.0242317662588
289.53 0.0249294501905
289.54 0.0256277166039
289.55 0.0263232563943
289.56 0.0270125764767
289.57 0.0276920205747
289.58 0.0283577944184
289.59 0.0290059951107
289.6 0.0296326443219
289.61 0.0302337248851
289.62 0.0308052202777
289.63 0.0313431564029
289.64 0.0318436450182
289.65 0.0323029281086
289.66 0.0327174224623
289.67 0.0330837636872
289.68 0.0333988488954
289.69 0.0336598772965
289.7 0.0338643879613
289.71 0.0340102940616
289.72 0.0340959129447
289.73 0.0341199914724
289.74 0.0340817261341
289.75 0.0339807775369
289.76 0.033817278974
289.77 0.0335918388816
289.78 0.0333055371027
289.79 0.0329599149886
289.8 0.0325569594805
289.81 0.032099081419
289.82 0.0315890884325
289.83 0.0310301528484
289.84 0.0304257751537
289.85 0.0297797436056
289.86 0.0290960906507
289.87 0.0283790468585
289.88 0.0276329931033
289.89 0.0268624117472
289.9 0.0260718375775
289.91 0.0252658092374
289.92 0.0244488218643
289.93 0.0236252816066
289.94 0.0227994626439
289.95 0.0219754672683
289.96 0.0211571895197
289.97 0.0203482827888
289.98 0.0195521317219
289.99 0.0187718286758
290.0 0.0180101548894
290.01 0.0172695664498
290.02 0.0165521850529
290.03 0.0158597934782
290.04 0.0151938356252
290.05 0.0145554208938
290.06 0.0139453326307
290.07 0.0133640403149
290.08 0.0128117151118
290.09 0.0122882483959
290.1 0.0117932728132
290.11 0.0113261854454
290.12 0.0108861726275
290.13 0.0104722359754
290.14 0.0100832191874
290.15 0.00971783520359
290.16 0.0093746933258
290.17 0.00905232593267
290.18 0.00874921445415
290.19 0.00846381430711
290.2 0.00819457853167
290.21 0.00793997990791
290.22 0.00769853137369
290.23 0.00746880460518
290.24 0.00724944666187
290.25 0.0070391946366
290.26 0.00683688828821
290.27 0.00664148066846
290.28 0.00645204678672
290.29 0.00626779038373
290.3 0.00608804891066
290.31 0.00591229683046
290.32 0.00574014737566
290.33 0.0055713529094
290.34 0.00540580404615
290.35 0.0052435276931
290.36 0.00508468417479
290.37 0.00492956360104
290.38 0.00477858163209
290.39 0.00463227478587
290.4 0.00449129541963
290.41 0.00435640650331
290.42 0.00422847628443
290.43 0.00410847292492
290.44 0.00399745916876
290.45 0.00389658707734
290.46 0.00380709284611
290.47 0.00373029169261
290.48 0.00366757278307
290.49 0.003620394142
290.5 0.0035902774685
290.51 0.00357880276332
290.52 0.00358760265402
290.53 0.00361835629141
290.54 0.00367278267989
290.55 0.00375263329724
290.56 0.00385968385707
290.57 0.00399572506908
290.58 0.00416255225922
290.59 0.00436195372406
290.6 0.00459569771076
290.61 0.00486551793695
290.62 0.00517309759225
290.63 0.00552005179586
290.64 0.00590790852188
290.65 0.00633808804485
290.66 0.00681188100278
290.67 0.00733042522179
290.68 0.00789468149512
290.69 0.00850540855862
290.7 0.00916313755364
290.71 0.00986814631495
290.72 0.0106204338656
290.73 0.01141969554
290.74 0.0122652991903
290.75 0.0131562629588
290.76 0.014091235117
290.77 0.0150684764812
290.78 0.016085845917
290.79 0.0171407894274
290.8 0.018230333303
290.81 0.0193510817718
290.82 0.0204992195437
290.83 0.021670519582
290.84 0.0228603563692
290.85 0.0240637248502
290.86 0.0252752651502
290.87 0.0264892930669
290.88 0.027699836235
290.89 0.0289006757541
290.9 0.0300853929649
290.91 0.0312474209518
290.92 0.0323801002442
290.93 0.0334767380938
290.94 0.0345306706138
290.95 0.0355353269855
290.96 0.0364842948741
290.97 0.0373713861383
290.98 0.0381907018879
290.99 0.0389366959202
291.0 0.0396042355687
291.01 0.0401886590149
291.02 0.0406858281532
291.03 0.0410921761551
291.04 0.0414047489506
291.05 0.0416212399401
291.06 0.0417400173507
291.07 0.0417601437717
291.08 0.0416813875299
291.09 0.0415042257037
291.1 0.041229838711
291.11 0.0408600965504
291.12 0.040397536915
291.13 0.0398453355304
291.14 0.0392072691999
291.15 0.0384876721558
291.16 0.0376913864208
291.17 0.0368237069735
291.18 0.0358903225866
291.19 0.0348972532622
291.2 0.0338507852254
291.21 0.0327574044553
291.22 0.0316237297344
291.23 0.0304564461741
291.24 0.0292622401412
291.25 0.0280477364542
291.26 0.0268194386521
291.27 0.0255836730577
291.28 0.0243465372673
291.29 0.023113853597
291.3 0.0218911279159
291.31 0.020683514183
291.32 0.0194957849006
291.33 0.0183323075864
291.34 0.0171970272653
291.35 0.0160934548807
291.36 0.0150246614398
291.37 0.0139932776187
291.38 0.0130014984887
291.39 0.0120510929578
291.4 0.011143417477
291.41 0.0102794335216
291.42 0.00945972832951
291.43 0.0086845383693
291.44 0.00795377500118
291.45 0.0072670518051
291.46 0.00662371306321
291.47 0.00602286290863
291.48 0.00546339468308
291.49 0.00494402008226
291.5 0.00446329770883
291.51 0.00401966069723
291.52 0.00361144312054
291.53 0.0032369049368
291.54 0.00289425527945
291.55 0.00258167394204
291.56 0.00229733095167
291.57 0.00203940416676
291.58 0.00180609487302
291.59 0.001595641386
291.6 0.00140633069902
291.61 0.00123650824206
291.62 0.00108458583913
291.63 0.000949047969864
291.64 0.000828456455244
291.65 0.000721453697367
291.66 0.000626764609963
291.67 0.000543197379633
291.68 0.000469643198234
291.69 0.000405075104686
291.7 0.000348546070135
291.71 0.00029918645428
291.72 0.000256200953053
291.73 0.000218865149176
291.74 0.000186521767624
291.75 0.000158576728125
291.76 0.000134495076633
291.77 0.000113796867624
291.78 9.6053059141e-05
291.79 8.08814729985e-05
291.8 6.79428635673e-05
291.81 5.69371301606e-05
291.82 4.7599700356e-05
291.83 3.96981046214e-05
291.84 3.3028756398e-05
291.85 2.74139463436e-05
291.86 2.26990547192e-05
291.87 1.87499819014e-05
291.88 1.5450793669e-05
291.89 1.27015752035e-05
291.9 1.04164856045e-05
291.91 8.52200310052e-06
291.92 6.95534996192e-06
291.93 5.66308535867e-06
291.94 4.59985397509e-06
291.95 3.72727805702e-06
291.96 3.01298066678e-06
291.97 2.4297282152e-06
291.98 1.95468078427e-06
291.99 1.56873931309e-06
292.0 1.25597935981e-06
292.01 1.00316184636e-06
292.02 7.99311915716e-07
292.03 6.35357765211e-07
292.04 5.03822046079e-07
292.05 3.98559127404e-07
292.06 3.14532201862e-07
292.07 2.4762485364e-07
292.08 1.94482310996e-07
292.09 1.52378164011e-07
292.1 1.19102840548e-07
292.11 9.28706002696e-08
292.12 7.22422284466e-08
292.13 5.60609898594e-08
292.14 4.33997405731e-08
292.15 3.35173942176e-08
292.16 2.58232025503e-08
292.17 1.98475404084e-08
292.18 1.52180856835e-08
292.19 1.16404586065e-08
292.2 8.88253425149e-09
292.21 6.76177045784e-09
292.22 5.13500283923e-09
292.23 3.89025153561e-09
292.24 2.94016299192e-09
292.25 2.21677624496e-09
292.26 1.66735869296e-09
292.27 1.25110264856e-09
292.28 9.36512490635e-10
292.29 6.99344122212e-10
292.3 5.20984745978e-10
292.31 3.87182579671e-10
292.32 2.87053821224e-10
292.33 2.1230859552e-10
292.34 1.56649330441e-10
292.35 1.15304492503e-10
292.36 8.46682598297e-11
292.37 6.20228556554e-11
292.38 4.53251866151e-11
292.39 3.30433569294e-11
292.4 2.40317523465e-11
292.41 1.74358624867e-11
292.42 1.26199649048e-11
292.43 9.11233285926e-12
292.44 6.56383597224e-12
292.45 4.71674697325e-12
292.46 3.38130350307e-12
292.47 2.41814558642e-12
292.48 1.72519205297e-12
292.49 1.22786089409e-12
292.5 8.71801477699e-13
292.51 6.17508226432e-13
292.52 4.36339578787e-13
292.53 3.07583604383e-13
292.54 2.16300970894e-13
292.55 1.51743629913e-13
292.56 1.06198695352e-13
292.57 7.41454673254e-14
292.58 5.1642438924e-14
292.59 3.58827396942e-14
292.6 2.48725983466e-14
292.61 1.71994053089e-14
292.62 1.18648545026e-14
292.63 8.16522421015e-15
292.64 5.60570867373e-15
292.65 3.83927874649e-15
292.66 2.62316420185e-15
292.67 1.78796091312e-15
292.68 1.21575838919e-15
292.69 8.24694770783e-16
292.7 5.58079304353e-16
292.71 3.76751773412e-16
292.72 2.53729757162e-16
292.73 1.70468528831e-16
292.74 1.14254610255e-16
292.75 7.63941255145e-17
292.76 5.09568889297e-17
292.77 3.3908029863e-17
292.78 2.25091408759e-17
292.79 1.49063732626e-17
292.8 9.84785793971e-18
292.81 6.49035225931e-18
292.82 4.26728326114e-18
292.83 2.79892580463e-18
292.84 1.83142024326e-18
292.85 1.19547732903e-18
292.86 7.78487043725e-19
292.87 5.05729332493e-19
292.88 3.27749175805e-19
292.89 2.11895523987e-19
292.9 1.36665428568e-19
292.91 8.79330753371e-20
292.92 5.64420224183e-20
292.93 3.61417836217e-20
292.94 2.30873084901e-20
292.95 1.47127461005e-20
292.96 9.35342966092e-21
292.97 5.9320491233e-21
292.98 3.75314464867e-21
292.99 2.36887735582e-21
293.0 1.49158002979e-21
293.01 9.36930233996e-22
293.02 5.87117001501e-22
293.03 3.67027638675e-22
293.04 2.28891461571e-22
293.05 1.42402339648e-22
293.06 8.83814997621e-23
293.07 5.47220449875e-23
293.08 3.38002552833e-23
293.09 2.08273661301e-23
293.1 1.28028138992e-23
293.11 7.85114906873e-24
293.12 4.80305681239e-24
293.13 2.93129099389e-24
293.14 1.78466560323e-24
293.15 1.08395557323e-24
293.16 6.56784389112e-25
293.17 3.97000332266e-25
293.18 2.39395304822e-25
293.19 1.4401147427e-25
293.2 8.64241812423e-26
293.21 5.17404451633e-26
293.22 3.09016562909e-26
293.23 1.84115378058e-26
293.24 1.0943470713e-26
293.25 6.48898552746e-27
293.26 3.83844428046e-27
293.27 2.26511567479e-27
293.28 1.33346689969e-27
293.29 7.83124486746e-28
293.3 4.5881338299e-28
293.31 2.68162508983e-28
293.32 1.56356792591e-28
293.33 9.09477910328e-29
293.34 5.27745169775e-29
293.35 3.0550131819e-29
293.36 1.76424387957e-29
293.37 1.01639111525e-29
293.38 5.84143851937e-30
293.39 3.34915671609e-30
293.4 1.91561327976e-30
293.41 1.09304217091e-30
293.42 6.22189540878e-31
293.43 3.53317545068e-31
293.44 2.0015406358e-31
293.45 1.13115033573e-31
293.46 6.37724284709e-32
293.47 3.58675978285e-32
293.48 2.01246500558e-32
293.49 1.12644785535e-32
293.5 6.28999872376e-33
293.51 3.50385989109e-33
293.52 1.94715092653e-33
293.53 1.07946659956e-33
293.54 5.97001623456e-34
293.55 3.29380985569e-34
293.56 1.81291835831e-34
293.57 9.9543906111e-35
293.58 5.45265248648e-35
293.59 2.97959797516e-35
293.6 1.62429246923e-35
293.61 8.83339194e-36
293.62 4.79233843146e-36
293.63 2.59372643872e-36
293.64 1.40041762337e-36
293.65 7.54306196654e-37
293.66 4.05316695318e-37
293.67 2.17269127408e-37
293.68 1.16187192258e-37
293.69 6.19833725867e-38
293.7 3.29874586431e-38
293.71 1.75137531433e-38
293.72 9.27611873164e-39
293.73 4.90128642872e-39
293.74 2.58351255914e-39
293.75 1.35852545576e-39
293.76 7.12658867769e-40
293.77 3.72951463794e-40
293.78 1.94706140461e-40
293.79 1.01406008774e-40
293.8 5.26871177156e-41
293.81 2.73087550204e-41
293.82 1.41206949727e-41
293.83 7.28394992521e-42
293.84 3.74830170778e-42
293.85 1.92423823372e-42
293.86 9.85461922198e-43
293.87 5.03474600427e-43
293.88 2.56609064474e-43
293.89 1.30473745655e-43
293.9 6.61806421599e-44
293.91 3.34884874811e-44
293.92 1.69050631921e-44
293.93 8.51323797573e-45
293.94 4.2769035687e-45
293.95 2.14348699327e-45
293.96 1.07168945216e-45
293.97 5.34532073877e-46
293.98 2.65971616249e-46
293.99 1.32024193982e-46
294.0 6.53775236776e-47
294.01 3.2296846403e-47
294.02 1.59165331852e-47
294.03 7.82516582546e-48
294.04 3.83791480235e-48
294.05 1.87781939011e-48
294.06 9.16577133375e-49
294.07 4.46314428504e-49
294.08 2.1680512551e-49
294.09 1.05064227805e-49
294.1 5.07921866707e-50
294.11 2.44960272788e-50
294.12 1.17855841559e-50
294.13 5.65670172483e-51
294.14 2.70852067235e-51
294.15 1.29377197536e-51
294.16 6.16509870345e-52
294.17 2.93075178441e-52
294.18 1.38987182659e-52
294.19 6.57547566353e-53
294.2 3.10338964982e-53
294.21 1.4611747191e-53
294.22 6.86316912763e-54
294.23 3.21591056537e-54
294.24 1.50328018599e-54
294.25 7.01023559367e-55
294.26 3.2612343156e-55
294.27 1.51351978614e-55
294.28 7.00730323721e-56
294.29 3.23646138876e-56
294.3 1.49123695716e-56
294.31 6.85456021245e-57
294.32 3.14317993065e-57
294.33 1.43785668007e-57
294.34 6.56173467422e-58
294.35 2.98729726495e-58
294.36 1.35673468051e-58
294.37 6.1470694696e-59
294.38 2.77842082528e-59
294.39 1.25280835008e-59
294.4 5.63544171863e-60
294.41 2.52887868304e-60
294.42 1.1320998635e-60
294.43 5.05589667627e-61
294.44 2.25251842203e-61
294.45 1.00114094244e-61
294.46 4.43893517884e-62
294.47 1.96344659555e-62
294.48 8.66395310421e-63
294.49 3.81390439421e-63
294.5 1.67486659539e-63
294.51 7.33748707204e-64
294.52 3.20679491943e-64
294.53 1.39814345561e-64
294.54 6.08119585861e-65
294.55 2.63865710746e-65
294.56 1.14217758617e-65
294.57 4.93220386174e-66
294.58 2.12473667309e-66
294.59 9.13115927936e-67
294.6 3.91474458946e-67
294.61 1.67431688184e-67
294.62 7.14378851717e-68
294.63 3.04071860934e-68
294.64 1.29116154914e-68
294.65 5.46942468038e-69
294.66 2.3113164877e-69
294.67 9.74392422999e-70
294.68 4.09793521755e-70
294.69 1.71930524659e-70
294.7 7.1961067614e-71
294.71 3.00468477854e-71
294.72 1.25157518968e-71
294.73 5.20081832755e-72
294.74 2.15597207338e-72
294.75 8.91602521877e-73
294.76 3.67837629254e-73
294.77 1.51390188967e-73
294.78 6.21578546836e-74
294.79 2.5459566936e-74
294.8 1.0403098652e-74
294.81 4.24063732177e-75
294.82 1.72447242862e-75
294.83 6.99581133114e-76
294.84 2.83123964851e-76
294.85 1.14306751855e-76
294.86 4.60387841831e-77
294.87 1.84983297802e-77
294.88 7.41477366346e-78
294.89 2.96496785536e-78
294.9 1.18276588501e-78
294.91 4.70689271222e-79
294.92 1.86864377506e-79
294.93 7.40074511627e-80
294.94 2.92402502763e-80
294.95 1.15250663263e-80
294.96 4.53171397303e-81
294.97 1.77761725706e-81
294.98 6.95617876349e-82
294.99 2.71556323442e-82
295.0 1.05756194704e-82
295.01 4.10873773621e-83
295.02 1.59245707773e-83
295.03 6.15720707253e-84
295.04 2.37496105967e-84
295.05 9.13873189368e-85
295.06 3.50810100629e-85
295.07 1.34342971925e-85
295.08 5.13232941309e-86
295.09 1.95600880162e-86
295.1 7.43676050472e-87
295.11 2.82067790107e-87
295.12 1.06728377185e-87
295.13 4.02868234654e-88
295.14 1.51706033879e-88
295.15 5.69900966002e-89
295.16 2.13576094791e-89
295.17 7.98477345673e-90
295.18 2.97803135532e-90
295.19 1.10803286691e-90
295.2 4.11275395864e-91
295.21 1.52289347134e-91
295.22 5.6255246262e-92
295.23 2.07306655443e-92
295.24 7.62114403243e-93
295.25 2.79501281471e-93
295.26 1.02259613486e-93
295.27 3.73234000576e-94
295.28 1.35898593648e-94
295.29 4.93634420097e-95
295.3 1.78876223018e-95
295.31 6.46630979325e-96
295.32 2.33193858255e-96
295.33 8.38946793005e-97
295.34 3.01098393254e-97
295.35 1.07805065382e-97
295.36 3.85058403754e-98
295.37 1.37205257916e-98
295.38 4.87721176139e-99
295.39 1.72953430218e-99
295.4 6.1184787617e-100
295.41 2.15930725226e-100
295.42 7.60224986285e-101
295.43 2.67009396416e-101
295.44 9.35551415422e-102
295.45 3.27013351626e-102
295.46 1.14030234918e-102
295.47 3.96671741407e-103
295.48 1.37657290161e-103
295.49 4.76566904126e-104
295.5 1.64590684431e-104
295.51 5.67078697377e-105
295.52 1.94911796549e-105
295.53 6.68327952178e-106
295.54 2.286113751e-106
295.55 7.80122414018e-107
295.56 2.6557328496e-107
295.57 9.01909008178e-108
295.58 3.05560894895e-108
295.59 1.03273651162e-108
295.6 3.48207402228e-109
295.61 1.1712326658e-109
295.62 3.930113232e-110
295.63 1.31559937805e-110
295.64 4.39338198978e-111
295.65 1.46362891518e-111
295.66 4.8642927642e-112
295.67 1.61274290562e-112
295.68 5.33417530092e-113
295.69 1.76005458807e-113
295.7 5.79350919703e-114
295.71 1.90245316202e-114
295.72 6.23222257971e-115
295.73 2.03670742736e-115
295.74 6.64004539381e-116
295.75 2.15958428808e-116
295.76 7.00690096764e-117
295.77 2.26797628593e-117
295.78 7.32331556691e-118
295.79 2.35903126896e-118
295.8 7.58082298687e-119
295.81 2.43027670412e-119
295.82 7.77234019516e-120
295.83 2.47973109773e-120
295.84 7.89249081272e-121
295.85 2.50599552503e-121
295.86 7.937855829e-122
295.87 2.50831937031e-122
295.88 7.90713523747e-123
295.89 2.48663596647e-123
295.9 7.80120992742e-124
295.91 2.44156577245e-124
295.92 7.62309972011e-125
295.93 2.37438687726e-125
295.94 7.37782033888e-126
295.95 2.28697478731e-126
295.96 7.07214876741e-127
295.97 2.18171545598e-127
295.98 6.71431231347e-128
295.99 2.06139718208e-128
296.0 6.3136212775e-129
296.01 1.92908820608e-129
296.02 5.88006807596e-130
296.03 1.78800748236e-130
296.04 5.42391680143e-131
296.05 1.64139617114e-131
296.06 4.95530650424e-132
296.07 1.49239690015e-132
296.08 4.48388911129e-133
296.09 1.34394686553e-133
296.1 4.01851915904e-134
296.11 1.19868948948e-134
296.12 3.56700781545e-135
296.13 1.05890776747e-135
296.14 3.13594846246e-136
296.15 9.26480768589e-137
296.16 2.73061587415e-137
296.17 8.02863144218e-138
296.18 2.35493618373e-138
296.19 6.89086073788e-139
296.2 2.01152073148e-139
296.21 5.85776928304e-140
296.22 1.70175376962e-140
296.23 4.93194119566e-141
296.24 1.42592199405e-141
296.25 4.11273148006e-142
296.26 1.18337299004e-142
296.27 3.39679751506e-143
296.28 9.72689830376e-144
296.29 2.77866250632e-144
296.3 7.91870084248e-145
296.31 2.25127620469e-145
296.32 6.38499167468e-146
296.33 1.80654423093e-146
296.34 5.09910050999e-147
296.35 1.43580431935e-147
296.36 4.03323612052e-148
296.37 1.13023499474e-148
296.38 3.15966152248e-149
296.39 8.81189031236e-150
296.4 2.45162653442e-150
296.41 6.80450054659e-151
296.42 1.88406075357e-151
296.43 5.20415546886e-152
296.44 1.4340435185e-152
296.45 3.94213151838e-153
296.46 1.08107692346e-153
296.47 2.95759562002e-154
296.48 8.07193584114e-155
296.49 2.1977248444e-155
296.5 5.96933075904e-156
296.51 1.6174642081e-156
296.52 4.3722040706e-157
296.53 1.17902463313e-157
296.54 3.17177259914e-158
296.55 8.51212351036e-159
296.56 2.27892745103e-159
296.57 6.08667050691e-160
296.58 1.62175705075e-160
296.59 4.31070701788e-161
296.6 1.14305710602e-161
296.61 3.02373731002e-162
296.62 7.97952241696e-163
296.63 2.10071167487e-163
296.64 5.51712353636e-164
296.65 1.44549195049e-164
296.66 3.77811659254e-165
296.67 9.85125915666e-166
296.68 2.56250571005e-166
296.69 6.64958663971e-167
296.7 1.72139749109e-167
296.71 4.44553866514e-168
296.72 1.14531336233e-168
296.73 2.94361476697e-169
296.74 7.54734717423e-170
296.75 1.93047593502e-170
296.76 4.92596323399e-171
296.77 1.2539339169e-171
296.78 3.18430634702e-172
296.79 8.0669942058e-173
296.8 2.03875649242e-173
296.81 5.14014864928e-174
296.82 1.29283383558e-174
296.83 3.24389247634e-175
296.84 8.11982932437e-176
296.85 2.02760830017e-176
296.86 5.05100652616e-177
296.87 1.25524502405e-177
296.88 3.1119728314e-178
296.89 7.69661556436e-179
296.9 1.89898048668e-179
296.91 4.67409913227e-180
296.92 1.14770968251e-180
296.93 2.81140156048e-181
296.94 6.8702165631e-182
296.95 1.67484523579e-182
296.96 4.0731991723e-183
296.97 9.88219276271e-184
296.98 2.3918156583e-184
296.99 5.77509054817e-185
297.0 1.39106236417e-185
297.01 3.34265160016e-186
297.02 8.01294819383e-187
297.03 1.91624160965e-187
297.04 4.57156508551e-188
297.05 1.0880184443e-188
297.06 2.5832373876e-189
297.07 6.11855808414e-190
297.08 1.44574122917e-190
297.09 3.40791500615e-191
297.1 8.01389509423e-192
297.11 1.87998879444e-192
297.12 4.39970520118e-193
297.13 1.02718484836e-193
297.14 2.39238097957e-194
297.15 5.55864305222e-195
297.16 1.2884392374e-195
297.17 2.97931077305e-196
297.18 6.87265243793e-197
297.19 1.58157454094e-197
297.2 3.63087801952e-198
297.21 8.31553818037e-199
297.22 1.89987826568e-199
297.23 4.33029911883e-200
297.24 9.8461563611e-201
297.25 2.23342960946e-201
297.26 5.0539916513e-202
297.27 1.1409155003e-202
297.28 2.56938479782e-203
297.29 5.77246794003e-204
297.3 1.29375076146e-204
297.31 2.89265351691e-205
297.32 6.4520678346e-206
297.33 1.43568162583e-206
297.34 3.18694133608e-207
297.35 7.05743205631e-208
297.36 1.55910746827e-208
297.37 3.43607082861e-209
297.38 7.55448516383e-210
297.39 1.65693070989e-210
297.4 3.6254384095e-211
297.41 7.91358780286e-212
297.42 1.72322913453e-212
297.43 3.74342676732e-213
297.44 8.11245617757e-214
297.45 1.75384858102e-214
297.46 3.78258361647e-215
297.47 8.13844978413e-216
297.48 1.7468336473e-216
297.49 3.74040060621e-217
297.5 7.98990100257e-218
297.51 1.70263433649e-218
297.52 3.6195792185e-219
297.53 7.67629213592e-220
297.54 1.62405828746e-220
297.55 3.42774447333e-221
297.56 7.21725377077e-222
297.57 1.51597563894e-222
297.58 3.17664861728e-223
297.59 6.64053153925e-224
297.6 1.38481965418e-224
297.61 2.88098039655e-225
297.62 5.97921399726e-226
297.63 1.23795426598e-226
297.64 2.55694751638e-227
297.65 5.26860617407e-228
297.66 1.0829947932e-228
297.67 2.22082179197e-229
297.68 4.54315717146e-230
297.69 9.27168188412e-231
297.7 1.88762618265e-231
297.71 3.83380635124e-232
297.72 7.7678541372e-233
297.73 1.57010487063e-233
297.74 3.16601500834e-234
297.75 6.36874686069e-235
297.76 1.27806138917e-235
297.77 2.55862213007e-236
297.78 5.10995762229e-237
297.79 1.01808761573e-237
297.8 2.02353033942e-238
297.81 4.01227780604e-239
297.82 7.93649926277e-240
297.83 1.56611509139e-240
297.84 3.08301102898e-241
297.85 6.05456842524e-242
297.86 1.18617294624e-242
297.87 2.31829952923e-243
297.88 4.52009735637e-244
297.89 8.79190001532e-245
297.9 1.70598183092e-245
297.91 3.30234750571e-246
297.92 6.37716791224e-247
297.93 1.22854096357e-247
297.94 2.36106607473e-248
297.95 4.5267170574e-249
297.96 8.65795387928e-250
297.97 1.65197661706e-250
297.98 3.1444828695e-251
297.99 5.97105786601e-252
298.0 1.13112352888e-252
298.01 2.13759538082e-253
298.02 4.02993162658e-254
298.03 7.57925576579e-255
298.04 1.42204112861e-255
298.05 2.66167154309e-256
298.06 4.96996665623e-257
298.07 9.25782992641e-258
298.08 1.72036908972e-258
298.09 3.18926622117e-259
298.1 5.89816102316e-260
298.11 1.08817610765e-260
298.12 2.00280403179e-261
298.13 3.6773455172e-262
298.14 6.73576810736e-263
298.15 1.23082561738e-263
298.16 2.24368888082e-264
298.17 4.08023760549e-265
298.18 7.40227102585e-266
298.19 1.3396804503e-266
298.2 2.41876773632e-267
298.21 4.35656124353e-268
298.22 7.82798869557e-269
298.23 1.4031796111e-269
298.24 2.50918712717e-270
298.25 4.47620064653e-271
298.26 7.9660449003e-272
298.27 1.4142710902e-272
298.28 2.50483594713e-273
298.29 4.4257066101e-274
298.3 7.80086321317e-275
298.31 1.37170087196e-275
298.32 2.40620639266e-276
298.33 4.21078480776e-277
298.34 7.351059331e-278
298.35 1.28024626695e-278
298.36 2.22430233552e-279
298.37 3.8552347427e-280
298.38 6.66598828175e-281
298.39 1.14983354413e-281
298.4 1.97861871246e-282
298.41 3.39661215493e-283
298.42 5.81683193995e-284
298.43 9.93765196297e-285
298.44 1.69370495775e-285
298.45 2.87970794309e-286
298.46 4.8844519243e-287
298.47 8.26494454552e-288
298.48 1.39514953317e-288
298.49 2.34940712657e-289
298.5 3.94686720938e-290
298.51 6.61459803833e-291
298.52 1.10588790952e-291
298.53 1.84448646141e-292
298.54 3.06899756032e-293
298.55 5.09418044142e-294
298.56 8.43546085698e-295
298.57 1.39347767253e-295
298.58 2.29640203985e-296
298.59 3.77530934445e-297
298.6 6.19175654052e-298
298.61 1.01305239981e-298
298.62 1.65350935873e-299
298.63 2.69239090305e-300
298.64 4.37347130325e-301
298.65 7.08714237503e-302
298.66 1.14570482814e-302
298.67 1.84769821219e-303
298.68 2.97266550414e-304
298.69 4.77109163525e-305
298.7 7.63917012274e-306
298.71 1.22020082771e-306
298.72 1.94434424178e-307
298.73 3.09080574492e-308
298.74 4.90147704302e-309
298.75 7.75423474801e-310
298.76 1.22379204448e-310
298.77 1.92678393369e-311
298.78 3.02632187158e-312
298.79 4.74191676272e-313
298.8 7.41223953531e-314
298.81 1.15585052477e-314
298.82 1.7980866322e-315
298.83 2.79046295568e-316
298.84 4.32014805029e-317
298.85 6.6723318438e-318
298.86 1.02804685521e-318
298.87 1.58017015509e-319
298.88 2.42289792721e-320
298.89 3.70549234381e-321
298.9 5.63234836259e-322
298.91 8.3991159793e-323
298.92 1.48219693752e-323
298.93 0.0
298.94 0.0
298.95 0.0
298.96 0.0
298.97 0.0
298.98 0.0
298.99 0.0
299.0 0.0
299.01 0.0
299.02 0.0
299.03 0.0
299.04 0.0
299.05 0.0
299.06 0.0
299.07 0.0
299.08 0.0
299.09 0.0
299.1 0.0
299.11 0.0
299.12 0.0
299.13 0.0
299.14 0.0
299.15 0.0
299.16 0.0
299.17 0.0
299.18 0.0
299.19 0.0
299.2 0.0
299.21 0.0
299.22 0.0
299.23 0.0
299.24 0.0
299.25 0.0
299.26 0.0
299.27 0.0
299.28 0.0
299.29 0.0
299.3 0.0
299.31 0.0
299.32 0.0
299.33 0.0
299.34 0.0
299.35 0.0
299.36 0.0
299.37 0.0
299.38 0.0
299.39 0.0
299.4 0.0
299.41 0.0
299.42 0.0
299.43 0.0
299.44 0.0
299.45 0.0
299.46 0.0
299.47 0.0
299.48 0.0
299.49 0.0
299.5 0.0
299.51 0.0
299.52 0.0
299.53 0.0
299.54 0.0
299.55 0.0
299.56 0.0
299.57 0.0
299.58 0.0
299.59 0.0
299.6 0.0
299.61 0.0
299.62 0.0
299.63 0.0
299.64 0.0
299.65 0.0
299.66 0.0
299.67 0.0
299.68 0.0
299.69 0.0
299.7 0.0
299.71 0.0
299.72 0.0
299.73 0.0
299.74 0.0
299.75 0.0
299.76 0.0
299.77 0.0
299.78 0.0
299.79 0.0
299.8 0.0
299.81 0.0
299.82 0.0
299.83 0.0
299.84 0.0
299.85 0.0
299.86 0.0
299.87 0.0
299.88 0.0
299.89 0.0
299.9 0.0
299.91 0.0
299.92 0.0
299.93 0.0
299.94 0.0
299.95 0.0
299.96 0.0
299.97 0.0
299.98 0.0
299.99 0.0
