281.3675 0.081918
285.0116 0.022188
285.9039 0.080978
286.3505 0.090804
287.5733 0.087816
288.4270 0.004317
288.8808 0.000223
291.0946 0.003019
291.3208 0.003024
292.0431 0.006394
290.1088 0.00176
290.6484 0.033052
291.0250 0.0
291.2253 4e-06
291.5483 0.006808
291.7561 0.013457
291.7565 0.00056
291.9994 0.000996
292.1255 0.0
292.3275 3.2e-05
289.2342 0.000597
289.6728 0.016921
290.0896 0.000761
290.5150 0.004954
290.6185 0.012343
290.7483 0.007714
291.2046 7.7e-05
291.4678 0.00029
291.5216 0.001836
291.7220 0.004046
