281.6748 0.081817
285.1093 0.022295
285.7942 0.086739
286.4656 0.091454
287.5305 0.080119
288.5580 0.007128
288.9796 -0.000135
291.1570 0.002745
291.3805 0.002537
292.0365 0.006112
290.1752 0.001787
290.7150 0.033503
291.0559 7.4e-05
291.2656 6.7e-05
291.6100 0.006621
291.7267 0.001886
291.8218 0.012571
291.9896 0.00116
292.1633 2e-06
292.2223 3e-06
289.2711 0.000574
289.7190 0.016677
290.1600 0.000712
290.5646 0.005001
290.6908 0.01102
290.8022 0.007442
291.2745 6e-05
291.5316 0.000179
291.5885 0.001833
291.7941 0.004246
