275.0 3.57052578779e-213
275.01 1.64636350939e-212
275.02 7.57314023278e-212
275.03 3.47522538123e-211
275.04 1.59091384616e-210
275.05 7.26552593506e-210
275.06 3.31012323421e-209
275.07 1.50445075792e-208
275.08 6.82132122929e-208
275.09 3.08543026825e-207
275.1 1.39225786223e-206
275.11 6.26729780988e-206
275.12 2.81447693888e-205
275.13 1.26087422394e-204
275.14 5.6351119462e-204
275.15 2.51240725703e-203
275.16 1.11746579839e-202
275.17 4.95832682908e-202
275.18 2.19478897363e-201
275.19 9.69185926009e-201
275.2 4.2695110087e-200
275.21 1.87631558544e-199
275.22 8.22603103848e-199
275.23 3.59775438548e-198
275.24 1.56974601117e-197
275.25 6.83256818859e-197
275.26 2.9668478214e-196
275.27 1.28517798094e-195
275.28 5.55377129145e-195
275.29 2.39424955738e-194
275.3 1.02969250112e-193
275.31 4.41776279734e-193
275.32 1.89083636789e-192
275.33 8.07350669162e-192
275.34 3.43896045504e-191
275.35 1.46133189626e-190
275.36 6.19479950571e-190
275.37 2.61976512209e-189
275.38 1.10523382139e-188
275.39 4.6516034752e-188
275.4 1.95302550919e-187
275.41 8.18031174967e-187
275.42 3.41812942871e-186
275.43 1.42483266019e-185
275.44 5.9251033382e-185
275.45 2.45801600469e-184
275.46 1.01725584299e-183
275.47 4.19983655523e-183
275.48 1.72978168754e-182
275.49 7.10733703411e-182
275.5 2.91325992898e-181
275.51 1.19126469148e-180
275.52 4.8595271586e-180
275.53 1.97759095516e-179
275.54 8.02852252362e-179
275.55 3.25155798097e-178
275.56 1.31372385103e-177
275.57 5.29509036797e-177
275.58 2.12911626408e-176
275.59 8.54047622779e-176
275.6 3.41760218285e-175
275.61 1.36432437456e-174
275.62 5.43338497493e-174
275.63 2.15863903539e-173
275.64 8.55551751362e-173
275.65 3.38274493591e-172
275.66 1.33428600242e-171
275.67 5.25031447636e-171
275.68 2.06100200129e-170
275.69 8.07101620973e-170
275.7 3.15307815091e-169
275.71 1.22884741504e-168
275.72 4.77768920505e-168
275.73 1.85308157998e-167
275.74 7.17014424797e-167
275.75 2.76769325977e-166
275.76 1.06577303719e-165
275.77 4.09419205556e-165
275.78 1.56901972407e-164
275.79 5.99853648243e-164
275.8 2.2878045294e-163
275.81 8.70460835914e-163
275.82 3.30397129864e-162
275.83 1.25106537785e-161
275.84 4.72585567763e-161
275.85 1.78089212404e-160
275.86 6.6950138754e-160
275.87 2.51085746214e-159
275.88 9.39397383828e-159
275.89 3.50617301685e-158
275.9 1.30549150286e-157
275.91 4.84921528364e-157
275.92 1.79690695926e-156
275.93 6.64257437213e-156
275.94 2.44964961748e-155
275.95 9.01214610796e-155
275.96 3.30757109202e-154
275.97 1.21100757754e-153
275.98 4.42324752554e-153
275.99 1.6117301693e-152
276.0 5.8586848492e-152
276.01 2.12453870861e-151
276.02 7.68574319094e-151
276.03 2.7737275443e-150
276.04 9.98615813678e-150
276.05 3.5866565237e-149
276.06 1.2851027334e-148
276.07 4.59348831296e-148
276.08 1.63796302441e-147
276.09 5.8266949436e-147
276.1 2.06774594706e-146
276.11 7.32029840158e-146
276.12 2.58533663864e-145
276.13 9.10882013695e-145
276.14 3.20157633945e-144
276.15 1.12259293962e-143
276.16 3.9267880503e-143
276.17 1.37028001734e-142
276.18 4.77021438608e-142
276.19 1.65662106993e-141
276.2 5.73938255153e-141
276.21 1.98364464871e-140
276.22 6.83942019627e-140
276.23 2.35250961699e-139
276.24 8.07235472676e-139
276.25 2.76328562713e-138
276.26 9.43643662899e-138
276.27 3.21474838539e-137
276.28 1.09255335641e-136
276.29 3.7042051719e-136
276.3 1.2528645516e-135
276.31 4.22736666876e-135
276.32 1.42295912715e-134
276.33 4.77828051562e-134
276.34 1.60069123896e-133
276.35 5.34934001438e-133
276.36 1.78340322781e-132
276.37 5.93137801154e-132
276.38 1.96796951605e-131
276.39 6.5138513051e-131
276.4 2.15086931393e-130
276.41 7.0851152039e-130
276.42 2.32828702777e-129
276.43 7.63278149944e-129
276.44 2.49623720291e-128
276.45 8.14414659256e-128
276.46 2.6507088165e-127
276.47 8.60667041722e-127
276.48 2.7878219415e-126
276.49 9.00848170357e-126
276.5 2.9039884138e-125
276.51 9.33888155586e-125
276.52 2.99606730192e-124
276.53 9.58881571179e-124
276.54 3.06150581449e-123
276.55 9.75128646049e-123
276.56 3.09845683602e-122
276.57 9.82167808698e-122
276.58 3.1058655419e-121
276.59 9.79797472423e-121
276.6 3.08351942471e-120
276.61 9.68085626385e-120
276.62 3.03205842094e-119
276.63 9.47366595706e-119
276.64 2.95294446462e-118
276.65 9.1822518606e-118
276.66 2.84839248933e-117
276.67 8.81469262141e-117
276.68 2.72126742324e-116
276.69 8.38092554289e-116
276.7 2.57495386078e-115
276.71 7.89230081995e-115
276.72 2.41320667868e-114
276.73 7.36108980932e-114
276.74 2.23999177546e-113
276.75 6.79997695094e-113
276.76 2.05932630512e-112
276.77 6.22156443024e-112
276.78 1.87512726438e-111
276.79 5.63791603335e-111
276.8 1.69107616394e-110
276.81 5.06016224833e-110
276.82 1.51050589967e-109
276.83 4.49818299106e-109
276.84 1.33631401046e-108
276.85 3.96037795142e-108
276.86 1.17090444799e-107
276.87 3.4535280449e-107
276.88 1.0161579704e-106
276.89 2.98274535711e-106
276.9 8.73429464213e-106
276.91 2.5515037312e-105
276.92 7.43569019484e-105
276.93 2.16173809187e-104
276.94 6.26962511371e-104
276.95 1.81399790432e-103
276.96 5.2358681085e-103
276.97 1.5076388662e-102
276.98 4.3307454826e-102
276.99 1.24103693471e-101
277.0 3.54783539458e-101
277.01 1.01180990582e-100
277.02 2.87866482628e-100
277.03 8.17033728304e-100
277.04 2.3133725532e-99
277.05 6.5344325827e-99
277.06 1.84130992508e-98
277.07 5.17609949987e-98
277.08 1.4515601862e-97
277.09 4.06091770793e-97
277.1 1.13336563327e-96
277.11 3.15553208013e-96
277.12 8.76459533698e-96
277.13 2.42855446999e-95
277.14 6.71306013383e-95
277.15 1.85118548279e-94
277.16 5.09255870067e-94
277.17 1.39758702838e-93
277.18 3.82629445205e-93
277.19 1.04504411645e-92
277.2 2.84739403276e-92
277.21 7.73957701382e-92
277.22 2.0986672783e-91
277.23 5.67710158953e-91
277.24 1.53202710845e-90
277.25 4.12442056535e-90
277.26 1.10768467424e-89
277.27 2.96774143104e-89
277.28 7.9321822133e-89
277.29 2.11502747717e-88
277.3 5.62595242397e-88
277.31 1.49290717792e-87
277.32 3.95208490832e-87
277.33 1.04370180988e-86
277.34 2.7496873526e-86
277.35 7.22681446502e-86
277.36 1.8948167001e-85
277.37 4.95614737386e-85
277.38 1.2932364286e-84
277.39 3.36642045317e-84
277.4 8.74209443365e-84
277.41 2.26474515783e-83
277.42 5.85301848353e-83
277.43 1.50902752316e-82
277.44 3.8812456952e-82
277.45 9.95868098018e-82
277.46 2.54911374199e-81
277.47 6.50928546118e-81
277.48 1.65818938532e-80
277.49 4.21397207492e-80
277.5 1.06833113484e-79
277.51 2.70194700732e-79
277.52 6.81717555797e-79
277.53 1.71588761245e-78
277.54 4.30853781688e-78
277.55 1.07926399509e-77
277.56 2.69700764981e-77
277.57 6.72346854081e-77
277.58 1.67209629871e-76
277.59 4.14845041485e-76
277.6 1.02675595635e-75
277.61 2.53515938148e-75
277.62 6.24453371094e-75
277.63 1.53444550938e-74
277.64 3.76148761458e-74
277.65 9.19865882455e-74
277.66 2.24412010191e-73
277.67 5.46165659597e-73
277.68 1.32604845529e-72
277.69 3.21181932796e-72
277.7 7.76067559976e-72
277.71 1.87070222352e-71
277.72 4.49848735818e-71
277.73 1.07915805267e-70
277.74 2.58261885136e-70
277.75 6.16584051706e-70
277.76 1.46852372524e-69
277.77 3.48920396154e-69
277.78 8.27043696662e-69
277.79 1.95563258382e-68
277.8 4.61320530578e-68
277.81 1.08561293827e-67
277.82 2.54861331576e-67
277.83 5.96883528911e-67
277.84 1.3945431314e-66
277.85 3.25035664753e-66
277.86 7.55765029028e-66
277.87 1.75307007829e-65
277.88 4.0566587098e-65
277.89 9.36471092086e-65
277.9 2.15663668913e-64
277.91 4.95468800522e-64
277.92 1.13556590619e-63
277.93 2.59636106069e-63
277.94 5.92208366719e-63
277.95 1.34753700427e-62
277.96 3.0588879652e-62
277.97 6.92696751755e-62
277.98 1.56487423798e-61
277.99 3.52673185301e-61
278.0 7.92906812516e-61
278.01 1.77839638832e-60
278.02 3.97916268849e-60
278.03 8.88201563258e-60
278.04 1.97782599339e-59
278.05 4.39360830885e-59
278.06 9.73668910277e-59
278.07 2.15257344657e-58
278.08 4.74746054234e-58
278.09 1.04453130048e-57
278.1 2.29265265668e-57
278.11 5.02009316098e-57
278.12 1.09658424022e-56
278.13 2.3896204868e-56
278.14 5.19484477777e-56
278.15 1.12660825029e-55
278.16 2.43741785847e-55
278.17 5.26070270941e-55
278.18 1.13269827832e-54
278.19 2.43299619927e-54
278.2 5.21345140895e-54
278.21 1.11446373074e-53
278.22 2.37663921077e-53
278.23 5.05611899282e-53
278.24 1.07306992749e-52
278.25 2.27193274688e-52
278.26 4.79865611411e-52
278.27 1.0111148635e-51
278.28 2.12538724795e-51
278.29 4.45689452118e-51
278.3 9.32359394178e-51
278.31 1.94576799467e-50
278.32 4.05093681817e-50
278.33 8.41349794952e-50
278.34 1.74322893672e-49
278.35 3.60320497978e-49
278.36 7.42985299927e-49
278.37 1.52836886886e-48
278.38 3.13641017648e-48
278.39 6.42087529383e-48
278.4 1.31133099215e-47
278.41 2.67169652385e-47
278.42 5.43023512773e-47
278.43 1.10104952476e-46
278.44 2.2271618681e-46
278.45 4.4942106065e-46
278.46 9.04714952164e-46
278.47 1.81688242965e-45
278.48 3.6399765996e-45
278.49 7.27490066928e-45
278.5 1.45048169905e-44
278.51 2.88505534555e-44
278.52 5.72470027739e-44
278.53 1.13320391956e-43
278.54 2.23779393195e-43
278.55 4.40847949665e-43
278.56 8.66391670289e-43
278.57 1.69862073304e-42
278.58 3.32227273989e-42
278.59 6.48232579238e-42
278.6 1.26177853588e-41
278.61 2.45014691379e-41
278.62 4.74632886155e-41
278.63 9.17234192308e-41
278.64 1.7683138768e-40
278.65 3.40091034999e-40
278.66 6.52510826825e-40
278.67 1.24892675682e-39
278.68 2.38475038374e-39
278.69 4.54261148152e-39
278.7 8.63226910479e-39
278.71 1.63644365554e-38
278.72 3.0948090075e-38
278.73 5.83879674535e-38
278.74 1.09892884207e-37
278.75 2.06334806952e-37
278.76 3.8648454314e-37
278.77 7.22185015134e-37
278.78 1.34623700947e-36
278.79 2.50352128349e-36
278.8 4.64448708623e-36
278.81 8.59569389072e-36
278.82 1.5870142703e-35
278.83 2.92305799674e-35
278.84 5.37094545989e-35
278.85 9.84511428174e-35
278.86 1.80031081656e-34
278.87 3.28421007743e-34
278.88 5.97683239701e-34
278.89 1.08509543175e-33
278.9 1.96526673107e-33
278.91 3.55084552257e-33
278.92 6.40027692409e-33
278.93 1.15085990804e-32
278.94 2.0644428573e-32
278.95 3.69436653163e-32
278.96 6.59528861822e-32
278.97 1.17458470007e-31
278.98 2.08685167838e-31
278.99 3.69875475058e-31
279.0 6.53997666137e-31
279.01 1.15359554598e-30
279.02 2.02996080337e-30
279.03 3.56351378641e-30
279.04 6.24059421256e-30
279.05 1.09026018941e-29
279.06 1.90016394821e-29
279.07 3.30376161706e-29
279.08 5.73037498194e-29
279.09 9.91548793532e-29
279.1 1.71159830741e-28
279.11 2.94744911253e-28
279.12 5.06346127346e-28
279.13 8.67771493295e-28
279.14 1.48361076297e-27
279.15 2.53041224702e-27
279.16 4.3054573949e-27
279.17 7.30809224699e-27
279.18 1.23750070442e-26
279.19 2.09046835909e-26
279.2 3.5228848813e-26
279.21 5.9225674384e-26
279.22 9.93295085953e-26
279.23 1.66189380452e-25
279.24 2.77386269703e-25
279.25 4.61873835888e-25
279.26 7.67217449147e-25
279.27 1.27136511787e-24
279.28 2.10173918426e-24
279.29 3.46612371902e-24
279.3 5.70250938745e-24
279.31 9.35932799006e-24
279.32 1.53242784499e-23
279.33 2.50306490997e-23
279.34 4.07869188415e-23
279.35 6.63019642664e-23
279.36 1.07519837879e-22
279.37 1.73943224352e-22
279.38 2.80726325529e-22
279.39 4.51976105412e-22
279.4 7.25946339297e-22
279.41 1.16318896408e-21
279.42 1.85931398615e-21
279.43 2.96491268904e-21
279.44 4.71658636181e-21
279.45 7.4851478397e-21
279.46 1.1850309243e-20
279.47 1.87161145458e-20
279.48 2.94888892737e-20
279.49 4.63508651285e-20
279.5 7.26798435721e-20
279.51 1.13691195379e-19
279.52 1.77417473824e-19
279.53 2.76199354437e-19
279.54 4.28948977236e-19
279.55 6.64577025631e-19
279.56 1.02716856563e-18
279.57 1.58377989773e-18
279.58 2.43615345861e-18
279.59 3.73827431807e-18
279.6 5.7226133261e-18
279.61 8.73925368042e-18
279.62 1.3314075025e-17
279.63 2.023505379e-17
279.64 3.06799350627e-17
279.65 4.6404619763e-17
279.66 7.00204198254e-17
279.67 1.05401043812e-16
279.68 1.58278462462e-16
279.69 2.37113042594e-16
279.7 3.54360881555e-16
279.71 5.28314843815e-16
279.72 7.85772023444e-16
279.73 1.16588850614e-15
279.74 1.72573532525e-15
279.75 2.5482854047e-15
279.76 3.7538650349e-15
279.77 5.51652957601e-15
279.78 8.08741924738e-15
279.79 1.18279824967e-14
279.8 1.72571112407e-14
279.81 2.5117836756e-14
279.82 3.64714540414e-14
279.83 5.28300026074e-14
279.84 7.63422394766e-14
279.85 1.1005400934e-13
279.86 1.58271803611e-13
279.87 2.27069050347e-13
279.88 3.24989287228e-13
279.89 4.6402016762e-13
279.9 6.60938997556e-13
279.91 9.39166532047e-13
279.92 1.3313141489e-12
279.93 1.88267431228e-12
279.94 2.65599073636e-12
279.95 3.73795978273e-12
279.96 5.2480673815e-12
279.97 7.35056783743e-12
279.98 1.02706773703e-11
279.99 1.43164055915e-11
280.0 1.99079073016e-11
280.01 2.76168369288e-11
280.02 3.82189693058e-11
280.03 5.27643649514e-11
280.04 7.26706709312e-11
280.05 9.98468420694e-11
280.06 1.36856745162e-10
280.07 1.87134900218e-10
280.08 2.55270178697e-10
280.09 3.47377819194e-10
280.1 4.7158588295e-10
280.11 6.38669559205e-10
280.12 8.62875916221e-10
280.13 1.16299323278e-09
280.14 1.56373348969e-09
280.15 2.0975146196e-09
280.16 2.80675151194e-09
280.17 3.74679251129e-09
280.18 4.98967238453e-09
280.19 6.62889482795e-09
280.2 8.78550915345e-09
280.21 1.1615808725e-08
280.22 1.53210552227e-08
280.23 2.01597254571e-08
280.24 2.64628892022e-08
280.25 3.46534607539e-08
280.26 4.52702275117e-08
280.27 5.89977502027e-08
280.28 7.6703456295e-08
280.29 9.94835161552e-08
280.3 1.28719406562e-07
280.31 1.66147434866e-07
280.32 2.13943926416e-07
280.33 2.74829275385e-07
280.34 3.5219463268e-07
280.35 4.5025566231e-07
280.36 5.74238547634e-07
280.37 7.30604279185e-07
280.38 9.27318214e-07
280.39 1.1741729691e-06
280.4 1.48317390463e-06
280.41 1.86899776876e-06
280.42 2.34953651851e-06
280.43 2.94653989603e-06
280.44 3.68637202405e-06
280.45 4.60089907627e-06
280.46 5.72852696416e-06
280.47 7.11540993791e-06
280.48 8.81685299758e-06
280.49 1.08989330132e-05
280.5 1.34403654113e-05
280.51 1.65346451443e-05
280.52 2.02924923467e-05
280.53 2.4844634522e-05
280.54 3.03449581961e-05
280.55 3.69740636216e-05
280.56 4.49432561912e-05
280.57 5.44990076028e-05
280.58 6.59279183605e-05
280.59 7.95622107531e-05
280.6 9.57857778687e-05
280.61 0.000115040809316
280.62 0.00013783500798
280.63 0.000164749404191
280.64 0.00019644676396
280.65 0.000233680576368
280.66 0.000277304591613
280.67 0.000328282865618
280.68 0.000387700249409
280.69 0.000456773241732
280.7 0.000536861101653
280.71 0.000629477094353
280.72 0.000736299718138
280.73 0.000859183734238
280.74 0.00100017079354
280.75 0.00116149942658
280.76 0.00134561413536
280.77 0.00155517329865
280.78 0.00179305557714
280.79 0.0020623644816
280.8 0.00236643074788
280.81 0.00270881214678
280.82 0.00309329034727
280.83 0.00352386444711
280.84 0.00400474078932
280.85 0.00454031869418
280.86 0.00513517175827
280.87 0.00579402440302
280.88 0.00652172339756
280.89 0.00732320413382
280.9 0.00820345149667
280.91 0.00916745524846
280.92 0.0102201599344
280.93 0.0113664094137
280.94 0.0126108862295
280.95 0.0139580461452
280.96 0.0154120483005
280.97 0.0169766815643
280.98 0.0186552877943
280.99 0.0204506828404
281.0 0.0223650762563
281.01 0.0243999908007
281.02 0.0265561829217
281.03 0.0288335655103
281.04 0.0312311342907
281.05 0.0337468992721
281.06 0.0363778227227
281.07 0.0391197651358
281.08 0.0419674406384
281.09 0.0449143832442
281.1 0.0479529252686
281.11 0.0510741891136
281.12 0.0542680934809
281.13 0.0575233748967
281.14 0.0608276252234
281.15 0.0641673456016
281.16 0.0675280170073
281.17 0.0708941873359
281.18 0.0742495746309
281.19 0.0775771857821
281.2 0.0808594497131
281.21 0.0840783637834
281.22 0.0872156518462
281.23 0.0902529321336
281.24 0.0931718928992
281.25 0.0959544735354
281.26 0.098583048706
281.27 0.101040612904
281.28 0.103310962751
281.29 0.105378874328
281.3 0.107230272817
281.31 0.108852391837
281.32 0.110233919935
281.33 0.11136513189
281.34 0.112238002705
281.35 0.112846302409
281.36 0.113185670099
281.37 0.113253666011
281.38 0.113049800724
281.39 0.11257554103
281.4 0.111834292358
281.41 0.110831358051
281.42 0.109573876182
281.43 0.108070734947
281.44 0.106332468061
281.45 0.104371131858
281.46 0.102200166107
281.47 0.0998342407994
281.48 0.0972890913324
281.49 0.0945813446891
281.5 0.0917283392833
281.51 0.0887479411922
281.52 0.0856583594802
281.53 0.0824779632577
281.54 0.0792251030037
281.55 0.0759179385291
281.56 0.072574275761
281.57 0.0692114143003
281.58 0.0658460074496
281.59 0.0624939361292
281.6 0.0591701978106
281.61 0.0558888112932
281.62 0.0526627378557
281.63 0.0495038190121
281.64 0.0464227308251
281.65 0.043428954458
281.66 0.040530762404
281.67 0.0377352196094
281.68 0.035048198516
281.69 0.0324744068852
281.7 0.0300174271387
281.71 0.0276797658498
281.72 0.0254629119563
281.73 0.0233674022318
281.74 0.0213928925455
281.75 0.0195382334652
281.76 0.0178015488045
281.77 0.0161803157858
281.78 0.014671445576
281.79 0.013271363057
281.8 0.0119760848072
281.81 0.0107812943919
281.82 0.00968241418886
281.83 0.00867467310703
281.84 0.00775316968167
281.85 0.00691293015762
281.86 0.00614896129064
281.87 0.00545629770915
281.88 0.00483004378206
281.89 0.00426541003096
281.9 0.00375774420718
281.91 0.00330255722476
281.92 0.00289554419937
281.93 0.00253260089085
281.94 0.00220983588389
281.95 0.00192357886726
281.96 0.00167038538871
281.97 0.00144703847035
281.98 0.00125054746897
281.99 0.00107814455879
282.0 0.000927279201468
282.01 0.000795610950125
282.02 0.00068100091311
282.03 0.000581502178712
282.04 0.000495349475845
282.05 0.000420948318317
282.06 0.00035686385242
282.07 0.000301809599909
282.08 0.000254636261409
282.09 0.000214320719478
282.1 0.000179955356097
282.11 0.000150737776775
282.12 0.000125961012645
282.13 0.000105004253262
282.14 8.7324146124e-05
282.15 7.24466843712e-05
282.16 5.99596915596e-05
282.17 4.95059017539e-05
282.18 4.07766243838e-05
282.19 3.35059761687e-05
282.2 2.74656568255e-05
282.21 2.2460241056e-05
282.22 1.83229563178e-05
282.23 1.49119139524e-05
282.24 1.2106760224e-05
282.25 9.80571356799e-06
282.26 7.92295472828e-06
282.27 6.38633734118e-06
282.28 5.13538780762e-06
282.29 4.11956486633e-06
282.3 3.29675106454e-06
282.31 2.63195023955e-06
282.32 2.09616711139e-06
282.33 1.66544709279e-06
282.34 1.32005640415e-06
282.35 1.04378450525e-06
282.36 8.23352696683e-07
282.37 6.47914483817e-07
282.38 5.0863492141e-07
282.39 3.98337661623e-07
282.4 3.11209807135e-07
282.41 2.42555925588e-07
282.42 1.8859371379e-07
282.43 1.4628481479e-07
282.44 1.13195194273e-07
282.45 8.73802819476e-08
282.46 6.72907864017e-08
282.47 5.16957065442e-08
282.48 3.96195972558e-08
282.49 3.02916093347e-08
282.5 2.310422192e-08
282.51 1.75799265861e-08
282.52 1.33444130554e-08
282.53 1.01050532218e-08
282.54 7.63368866533e-09
282.55 5.75290220574e-09
282.56 4.32510095322e-09
282.57 3.24386084694e-09
282.58 2.42708447544e-09
282.59 1.81160820248e-09
282.6 1.34896404414e-09
282.61 1.00205873709e-09
282.62 7.42579051997e-10
282.63 5.48970386826e-10
282.64 4.04866507749e-10
282.65 2.978732438e-10
282.66 2.1862903992e-10
282.67 1.60081413333e-10
282.68 1.16931274094e-10
282.69 8.52073705069e-11
282.7 6.19413054525e-11
282.71 4.49200524432e-11
282.72 3.24980172318e-11
282.73 2.34547162958e-11
282.74 1.6887299791e-11
282.75 1.21296131983e-11
282.76 8.69141325445e-12
282.77 6.21284555588e-12
282.78 4.43044576881e-12
282.79 3.15181705819e-12
282.8 2.23682129143e-12
282.81 1.58364664042e-12
282.82 1.11851545464e-12
282.83 7.88101953603e-13
282.84 5.53961431046e-13
282.85 3.88448422836e-13
282.86 2.71733952588e-13
282.87 1.8963179634e-13
282.88 1.32018599602e-13
282.89 9.16886954775e-14
282.9 6.35262435677e-14
282.91 4.3908365087e-14
282.92 3.02759700768e-14
282.93 2.08259862637e-14
282.94 1.42912362097e-14
282.95 9.78342064724e-15
282.96 6.68141373964e-15
282.97 4.55200483354e-15
282.98 3.09381095709e-15
282.99 2.09769113327e-15
283.0 1.41888116529e-15
283.01 9.57430416826e-16
283.02 6.44503293836e-16
283.03 4.32812510696e-16
283.04 2.89955440865e-16
283.05 1.93784763268e-16
283.06 1.29200792005e-16
283.07 8.59347020186e-17
283.08 5.70205526262e-17
283.09 3.77448364662e-17
283.1 2.49262042461e-17
283.11 1.64228788745e-17
283.12 1.07966716326e-17
283.13 7.08442835917e-18
283.14 4.64298829933e-18
283.15 3.04432893741e-18
283.16 2.00490506089e-18
283.17 1.33826023475e-18
283.18 9.2348942542e-19
283.19 6.8455056512e-19
283.2 5.7710287897e-19
283.21 5.80732466048e-19
283.22 6.95283743014e-19
283.23 9.40676163707e-19
283.24 1.3601481928e-18
283.25 2.0274194625e-18
283.26 3.05887932225e-18
283.27 4.63268616688e-18
283.28 7.01770845279e-18
283.29 1.06167022758e-17
283.3 1.60302035284e-17
283.31 2.41505968634e-17
283.32 3.63001058988e-17
283.33 5.44325895072e-17
283.34 8.14278178767e-17
283.35 1.21519452096e-16
283.36 1.809158255e-16
283.37 2.68698013955e-16
283.38 3.9811564508e-16
283.39 5.88451694597e-16
283.4 8.67699069715e-16
283.41 1.2763922789e-15
283.42 1.87307824599e-15
283.43 2.74210691106e-15
283.44 4.00469602945e-15
283.45 5.83460474636e-15
283.46 8.48027692478e-15
283.47 1.22960419886e-14
283.48 1.77859615933e-14
283.49 2.56652838844e-14
283.5 3.69463469398e-14
283.51 5.30583384108e-14
283.52 7.60138091594e-14
283.53 1.08639574641e-13
283.54 1.54896044098e-13
283.55 2.20317657746e-13
283.56 3.12618730249e-13
283.57 4.42524574626e-13
283.58 6.24908599775e-13
283.59 8.80343818063e-13
283.6 1.23721405772e-12
283.61 1.73457899362e-12
283.62 2.42605157265e-12
283.63 3.38503126667e-12
283.64 4.71174794435e-12
283.65 6.54271683266e-12
283.66 9.06339502232e-12
283.67 1.25250769499e-11
283.68 1.72673863437e-11
283.69 2.37481355442e-11
283.7 3.25828554326e-11
283.71 4.45969823782e-11
283.72 6.08945625588e-11
283.73 8.29484482854e-11
283.74 1.1271837696e-10
283.75 1.52805116686e-10
283.76 2.06651126251e-10
283.77 2.7880102478e-10
283.78 3.75238736122e-10
283.79 5.03822632508e-10
283.8 6.74845553373e-10
283.81 9.01753461273e-10
283.82 1.20206500749e-09
283.83 1.59854476032e-09
283.84 2.12069570729e-09
283.85 2.8066523586e-09
283.86 3.7055749157e-09
283.87 4.88066817949e-09
283.88 6.41297691429e-09
283.89 8.40614312589e-09
283.9 1.0992351148e-08
283.91 1.43397346863e-08
283.92 1.86615773118e-08
283.93 2.4227705734e-08
283.94 3.1378555092e-08
283.95 4.05424791794e-08
283.96 5.22569878321e-08
283.97 6.71947206376e-08
283.98 8.61951127665e-08
283.99 1.10302877258e-07
284.0 1.40814620715e-07
284.01 1.79335128299e-07
284.02 2.27845101203e-07
284.03 2.88782407456e-07
284.04 3.6513921647e-07
284.05 4.60577730571e-07
284.06 5.79567603347e-07
284.07 7.27548545134e-07
284.08 9.11122059116e-07
284.09 1.13827672538e-06
284.1 1.41865195123e-06
284.11 1.76384562892e-06
284.12 2.18777167965e-06
284.13 2.70707400603e-06
284.14 3.34160391242e-06
284.15 4.11496856904e-06
284.16 5.05515857453e-06
284.17 6.19526309195e-06
284.18 7.57428137068e-06
284.19 9.23803969563e-06
284.2 1.12402228927e-05
284.21 1.36435294339e-05
284.22 1.65209588891e-05
284.23 1.99572399232e-05
284.24 2.40504062002e-05
284.25 2.89135263806e-05
284.26 3.46765928481e-05
284.27 4.1488571831e-05
284.28 4.95196151522e-05
284.29 5.89634309156e-05
284.3 7.00398069864e-05
284.31 8.29972771208e-05
284.32 9.81159150416e-05
284.33 0.000115710236635
284.34 0.000136132184777
284.35 0.000159774165119
284.36 0.000187072094508
284.37 0.000218508416695
284.38 0.000254615032642
284.39 0.000295976085218
284.4 0.000343230530562
284.41 0.000397074420945
284.42 0.00045826281693
284.43 0.000527611240087
284.44 0.000605996571796
284.45 0.000694357299006
284.46 0.000793693004462
284.47 0.000905062997144
284.48 0.00102958397882
284.49 0.00116842664487
284.5 0.00132281112225
284.51 0.00149400115483
284.52 0.00168329695645
284.53 0.00189202666535
284.54 0.00212153634976
284.55 0.0023731785339
284.56 0.00264829923626
284.57 0.00294822353713
284.58 0.0032742397209
284.59 0.00362758206885
284.6 0.00400941241112
284.61 0.0044208005803
284.62 0.00486270394414
284.63 0.00533594623018
284.64 0.00584119588942
284.65 0.00637894427931
284.66 0.00694948397737
284.67 0.00755288756403
284.68 0.00818898723666
284.69 0.00885735563527
284.7 0.00955728827239
284.71 0.0102877879653
284.72 0.0110475516666
284.73 0.0118349600803
284.74 0.0126480704292
284.75 0.0134846127167
284.76 0.0143419897857
284.77 0.0152172814363
284.78 0.0161072528087
284.79 0.0170083671793
284.8 0.0179168032516
284.81 0.0188284769471
284.82 0.0197390676301
284.83 0.0206440486164
284.84 0.0215387217363
284.85 0.0224182556415
284.86 0.0232777274687
284.87 0.0241121673951
284.88 0.0249166055573
284.89 0.0256861207406
284.9 0.026415890198
284.91 0.0271012399147
284.92 0.0277376946099
284.93 0.0283210267482
284.94 0.0288473038365
284.95 0.0293129332919
284.96 0.0297147041975
284.97 0.0300498253009
284.98 0.0303159586703
284.99 0.0305112484873
285.0 0.030634344538
285.01 0.0306844200515
285.02 0.0306611836326
285.03 0.0305648851391
285.04 0.0303963154611
285.05 0.0301568002667
285.06 0.0298481878869
285.07 0.0294728316168
285.08 0.0290335668072
285.09 0.0285336832122
285.1 0.0279768931393
285.11 0.0273672960171
285.12 0.0267093400518
285.13 0.0260077816878
285.14 0.0252676436108
285.15 0.0244941720476
285.16 0.0236927941085
285.17 0.0228690759003
285.18 0.0220286821037
285.19 0.0211773376556
285.2 0.0203207921187
285.21 0.0194647872442
285.22 0.0186150281477
285.23 0.017777158429
285.24 0.0169567394621
285.25 0.0161592339821
285.26 0.0153899939863
285.27 0.0146542528609
285.28 0.0139571215388
285.29 0.013303588395
285.3 0.012698522486
285.31 0.0121466796555
285.32 0.0116527109482
285.33 0.0112211727034
285.34 0.0108565376483
285.35 0.0105632062637
285.36 0.010345517671
285.37 0.0102077592725
285.38 0.0101541743842
285.39 0.0101889671169
285.4 0.0103163037993
285.41 0.0105403102891
285.42 0.010865064587
285.43 0.0112945842551
285.44 0.0118328082383
285.45 0.0124835728046
285.46 0.0132505814455
285.47 0.0141373687146
285.48 0.0151472581316
285.49 0.0162833144313
285.5 0.0175482905959
285.51 0.0189445702685
285.52 0.0204741063056
285.53 0.0221383563795
285.54 0.0239382166866
285.55 0.0258739549543
285.56 0.0279451440581
285.57 0.0301505976592
285.58 0.0324883093544
285.59 0.0349553968829
285.6 0.0375480529573
285.61 0.0402615042836
285.62 0.0430899802931
285.63 0.0460266930369
285.64 0.0490638295844
285.65 0.0521925581217
285.66 0.0554030487658
285.67 0.0586845098988
285.68 0.0620252405795
285.69 0.065412699319
285.7 0.0688335892109
285.71 0.072273959091
285.72 0.075719320074
285.73 0.0791547764829
285.74 0.0825651698477
285.75 0.0859352343292
285.76 0.0892497616097
285.77 0.0924937730046
285.78 0.0956526962912
285.79 0.0987125445322
285.8 0.101660093993
285.81 0.10448305813
285.82 0.107170254544
285.83 0.109711761815
285.84 0.112099063126
285.85 0.114325173768
285.86 0.116384749742
285.87 0.118274174939
285.88 0.119991624673
285.89 0.121537103702
285.9 0.122912457263
285.91 0.124121354115
285.92 0.125169241045
285.93 0.126063268814
285.94 0.126812190035
285.95 0.127426230002
285.96 0.127916932022
285.97 0.128296979285
285.98 0.128579995813
285.99 0.128780329439
286.0 0.128912820174
286.01 0.128992557654
286.02 0.129034631625
286.03 0.129053879613
286.04 0.129064636064
286.05 0.129080487256
286.06 0.129114036271
286.07 0.129176682169
286.08 0.129278417304
286.09 0.129427646441
286.1 0.129631030996
286.11 0.129893361248
286.12 0.130217458954
286.13 0.130604112226
286.14 0.13105204396
286.15 0.131557914551
286.16 0.132116358953
286.17 0.132720057586
286.18 0.133359839947
286.19 0.134024819208
286.2 0.134702555523
286.21 0.135379245271
286.22 0.136039932978
286.23 0.136668742291
286.24 0.137249122039
286.25 0.137764103164
286.26 0.138196562163
286.27 0.138529486565
286.28 0.138746237996
286.29 0.138830808465
286.3 0.138768065664
286.31 0.138543983348
286.32 0.138145853135
286.33 0.137562474504
286.34 0.136784320161
286.35 0.135803674461
286.36 0.134614743068
286.37 0.133213732602
286.38 0.131598899572
286.39 0.129770568434
286.4 0.127731119201
286.41 0.125484945504
286.42 0.123038384554
286.43 0.120399620863
286.44 0.117578566008
286.45 0.114586717068
286.46 0.111436996641
286.47 0.108143577583
286.48 0.104721695744
286.49 0.101187454084
286.5 0.0975576215474
286.51 0.0938494300361
286.52 0.0900803727149
286.53 0.0862680067056
286.54 0.0824297630169
286.55 0.0785827662941
286.56 0.0747436666741
286.57 0.0709284857091
286.58 0.067152477975
286.59 0.0634300096255
286.6 0.0597744547941
286.61 0.0561981103891
286.62 0.0527121294862
286.63 0.0493264731938
286.64 0.0460498805699
286.65 0.042889855891
286.66 0.0398526723371
286.67 0.0369433909493
286.68 0.0341658935496
286.69 0.0315229281799
286.7 0.0290161655272
286.71 0.0266462647442
286.72 0.0244129470541
286.73 0.0223150755393
286.74 0.020350739556
286.75 0.0185173422826
286.76 0.0168116900001
286.77 0.0152300818085
286.78 0.013768398609
286.79 0.0124221903075
286.8 0.0111867603397
286.81 0.010057246752
286.82 0.00902869921619
286.83 0.00809615148726
286.84 0.00725468894302
286.85 0.00649951096051
286.86 0.00582598799129
286.87 0.00522971329005
286.88 0.00470654933031
286.89 0.00425266900474
286.9 0.00386459175679
286.91 0.00353921482435
286.92 0.00327383979604
286.93 0.0030661946869
286.94 0.00291445173428
286.95 0.00281724109729
286.96 0.00277366061723
286.97 0.00278328176153
286.98 0.00284615183469
286.99 0.0029627924954
287.0 0.00313419457431
287.01 0.00336180914189
287.02 0.00364753473358
287.03 0.00399370060176
287.04 0.00440304583266
287.05 0.00487869414345
287.06 0.00542412416182
287.07 0.00604313498836
287.08 0.00673980685341
287.09 0.00751845670456
287.1 0.00838358859949
287.11 0.00933983883262
287.12 0.0103919157916
287.13 0.0115445346219
287.14 0.0128023468723
287.15 0.0141698654026
287.16 0.0156513849501
287.17 0.0172508988793
287.18 0.018972012769
287.19 0.0208178556256
287.2 0.0227909896448
287.21 0.0248933195744
287.22 0.0271260028519
287.23 0.0294893618036
287.24 0.0319827992841
287.25 0.0346047192169
287.26 0.0373524535453
287.27 0.0402221971357
287.28 0.0432089521718
287.29 0.046306483548
287.3 0.0495072867027
287.31 0.0528025692363
287.32 0.0561822475199
287.33 0.0596349593364
287.34 0.0631480933913
287.35 0.0667078363001
287.36 0.070299237399
287.37 0.0739062914436
287.38 0.0775120389591
287.39 0.081098683691
287.4 0.0846477262859
287.41 0.0881401130129
287.42 0.0915563980204
287.43 0.0948769173301
287.44 0.0980819724901
287.45 0.101152021565
287.46 0.104067874926
287.47 0.106810893147
287.48 0.109363184159
287.49 0.111707796796
287.5 0.113828907784
287.51 0.115711999321
287.52 0.117344024453
287.53 0.11871355762
287.54 0.119810927941
287.55 0.120628333075
287.56 0.12115993178
287.57 0.121401913635
287.58 0.121352544786
287.59 0.121012188925
287.6 0.120383303182
287.61 0.11947040898
287.62 0.118280038374
287.63 0.116820656735
287.64 0.11510256312
287.65 0.113137769934
287.66 0.110939863896
287.67 0.108523850563
287.68 0.105905984914
287.69 0.103103590677
287.7 0.100134871239
287.71 0.0970187150086
287.72 0.0937744981646
287.73 0.0904218876543
287.74 0.086980647233
287.75 0.0834704491857
287.76 0.0799106941897
287.77 0.076320341552
287.78 0.0727177517921
287.79 0.069120543258
287.8 0.0655454641557
287.81 0.0620082810546
287.82 0.0585236846065
287.83 0.0551052128965
287.84 0.0517651925298
287.85 0.048514697259
287.86 0.045363523682
287.87 0.0423201832835
287.88 0.0393919098707
287.89 0.0365846812617
287.9 0.0339032539239
287.91 0.0313512091383
287.92 0.028931009174
287.93 0.026644061905
287.94 0.0244907922801
287.95 0.0224707190657
287.96 0.0205825353226
287.97 0.0188241911411
287.98 0.0171929772491
287.99 0.0156856082093
288.0 0.0142983040508
288.01 0.0130268693052
288.02 0.0118667685655
288.03 0.0108131978262
288.04 0.00986115101098
288.05 0.00900548123823
288.06 0.00824095651237
288.07 0.00756230966103
288.08 0.00696428246002
288.09 0.00644166399903
288.1 0.00598932343997
288.11 0.00560223740559
288.12 0.00527551230837
288.13 0.00500440198822
288.14 0.00478432107239
288.15 0.00461085450283
288.16 0.00447976369546
288.17 0.00438698980317
288.18 0.00432865455138
288.19 0.00430105910172
288.2 0.00430068137847
288.21 0.00432417226361
288.22 0.00436835103209
288.23 0.00443020035986
288.24 0.00450686119474
288.25 0.00459562773585
288.26 0.00469394272141
288.27 0.0047993931796
288.28 0.00490970675232
288.29 0.0050227486593
288.3 0.00513651933013
288.31 0.00524915269517
288.32 0.00535891509364
288.33 0.00546420472905
288.34 0.00556355157833
288.35 0.00565561764233
288.36 0.00573919741155
288.37 0.00581321841187
288.38 0.00587674169142
288.39 0.00592896210965
288.4 0.00596920829503
288.41 0.00599694214642
288.42 0.00601175776513
288.43 0.00601337972052
288.44 0.00600166056917
288.45 0.00597657756771
288.46 0.00593822853998
288.47 0.00588682688109
288.48 0.00582269570276
288.49 0.00574626114534
288.5 0.0056580449029
288.51 0.00555865602632
288.52 0.00544878208671
288.53 0.00532917979642
288.54 0.0052006651973
288.55 0.00506410353555
288.56 0.00492039894959
288.57 0.00477048410068
288.58 0.00461530987777
288.59 0.00445583530531
288.6 0.00429301777868
288.61 0.00412780374432
288.62 0.00396111993242
288.63 0.00379386523839
288.64 0.00362690333653
288.65 0.00346105609463
288.66 0.00329709784347
288.67 0.00313575053898
288.68 0.00297767983949
288.69 0.00282349210447
288.7 0.00267373230633
288.71 0.00252888283283
288.72 0.00238936314452
288.73 0.00225553023999
288.74 0.00212767987222
288.75 0.00200604845041
288.76 0.00189081555593
288.77 0.00178210699592
288.78 0.00167999831603
288.79 0.00158451869231
288.8 0.00149565512369
288.81 0.00141335684875
288.82 0.00133753991459
288.83 0.00126809183068
288.84 0.00120487624714
288.85 0.00114773760395
288.86 0.00109650570527
288.87 0.00105100018144
288.88 0.0010110348093
288.89 0.000976421669801
288.9 0.000946975129669
288.91 0.000922515641245
288.92 0.000902873361214
288.93 0.000887891594618
288.94 0.000877430075178
288.95 0.00087136809641
288.96 0.000869607510204
288.97 0.000872075610327
288.98 0.000878727917804
288.99 0.000889550883179
289.0 0.000904564517349
289.01 0.000923824958125
289.02 0.00094742697386
289.03 0.00097550639865
289.04 0.00100824248585
289.05 0.00104586015813
289.06 0.0010886321234
289.07 0.00113688081644
289.08 0.00119098011701
289.09 0.00125135678623
289.1 0.00131849155414
289.11 0.00139291978453
289.12 0.00147523163585
289.13 0.00156607163297
289.14 0.00166613756059
289.15 0.00177617858873
289.16 0.00189699254141
289.17 0.00202942222365
289.18 0.0021743507284
289.19 0.00233269565409
289.2 0.00250540217583
289.21 0.00269343492854
289.22 0.00289776867793
289.23 0.00311937777635
289.24 0.00335922442351
289.25 0.00361824577761
289.26 0.00389733998965
289.27 0.00419735126245
289.28 0.00451905406524
289.29 0.00486313666461
289.3 0.00523018416175
289.31 0.00562066125422
289.32 0.00603489496652
289.33 0.00647305761778
289.34 0.00693515031438
289.35 0.00742098727211
289.36 0.0079301812828
289.37 0.00846213064652
289.38 0.00901600788955
289.39 0.00959075058138
289.4 0.01018505455
289.41 0.010797369774
289.42 0.0114258992007
289.43 0.0120686007067
289.44 0.0127231923735
289.45 0.0133871612032
289.46 0.0140577753477
289.47 0.0147320998658
289.48 0.01540701596
289.49 0.016079243585
289.5 0.0167453672502
289.51 0.0174018647773
289.52 0.0180451387108
289.53 0.0186715500184
289.54 0.0192774536634
289.55 0.0198592355851
289.56 0.0204133505767
289.57 0.0209363605209
289.58 0.0214249724205
289.59 0.0218760756436
289.6 0.0222867778069
289.61 0.0226544387259
289.62 0.0229767018836
289.63 0.0232515229002
289.64 0.0234771945318
289.65 0.0236523677766
289.66 0.023776068731
289.67 0.0238477109093
289.68 0.0238671028164
289.69 0.0238344506453
289.7 0.0237503560581
289.71 0.0236158090936
289.72 0.0234321763342
289.73 0.023201184546
289.74 0.0229249000899
289.75 0.0226057044718
289.76 0.0222462664723
289.77 0.0218495113498
289.78 0.0214185876637
289.79 0.0209568322992
289.8 0.0204677343035
289.81 0.0199548981548
289.82 0.0194220070903
289.83 0.018872787106
289.84 0.0183109722218
289.85 0.0177402715697
289.86 0.0171643388216
289.87 0.0165867444184
289.88 0.0160109510027
289.89 0.0154402923891
289.9 0.0148779563338
289.91 0.0143269712865
289.92 0.013790197233
289.93 0.0132703206519
289.94 0.0127698535338
289.95 0.0122911363333
289.96 0.0118363446499
289.97 0.0114074993672
289.98 0.0110064799137
289.99 0.0106350402546
290.0 0.0102948271744
290.01 0.00998740036624
290.02 0.00971425381379
290.03 0.00947683792628
290.04 0.00927658187025
290.05 0.0091149155365
290.06 0.00899329058178
290.07 0.00891319999528
290.08 0.00887619565905
290.09 0.00888390339799
290.1 0.00893803504954
290.11 0.00904039712474
290.12 0.0091928956805
290.13 0.00939753707735
290.14 0.00965642435716
290.15 0.00997174904029
290.16 0.0103457782114
290.17 0.0107808368368
290.18 0.011279285333
290.19 0.0118434924845
290.2 0.0124758038914
290.21 0.0131785062076
290.22 0.0139537875117
290.23 0.0148036942351
290.24 0.0157300851485
290.25 0.0167345829819
290.26 0.017818524327
290.27 0.0189829085308
290.28 0.0202283463516
290.29 0.0215550091912
290.3 0.0229625797625
290.31 0.024450205074
290.32 0.0260164526312
290.33 0.0276592707552
290.34 0.0293759539062
290.35 0.0311631138716
290.36 0.0330166576347
290.37 0.0349317726788
290.38 0.0369029204062
290.39 0.0389238382586
290.4 0.0409875510182
290.41 0.0430863916486
290.42 0.045212031897
290.43 0.0473555227394
290.44 0.0495073445916
290.45 0.0516574670523
290.46 0.0537954177806
290.47 0.0559103599447
290.48 0.0579911775204
290.49 0.0600265675609
290.5 0.0620051384138
290.51 0.0639155127303
290.52 0.0657464339925
290.53 0.0674868751865
290.54 0.0691261481749
290.55 0.0706540122644
290.56 0.0720607804415
290.57 0.0733374217449
290.58 0.0744756582728
290.59 0.0754680553741
290.6 0.0763081036594
290.61 0.0769902915709
290.62 0.0775101673846
290.63 0.0778643896749
290.64 0.078050765441
290.65 0.0780682752892
290.66 0.0779170852649
290.67 0.0775985451403
290.68 0.0771151731779
290.69 0.0764706276058
290.7 0.0756696652504
290.71 0.0747180879749
290.72 0.0736226777589
290.73 0.0723911214297
290.74 0.0710319262071
290.75 0.0695543273524
290.76 0.0679681893194
290.77 0.0662839018831
290.78 0.0645122727709
290.79 0.0626644183439
290.8 0.0607516538709
290.81 0.0587853849026
290.82 0.0567770011941
290.83 0.0547377745413
290.84 0.0526787617901
290.85 0.0506107141528
290.86 0.0485439938264
290.87 0.046488498754
290.88 0.0444535962081
290.89 0.0424480657082
290.9 0.0404800516136
290.91 0.038557025567
290.92 0.0366857587969
290.93 0.0348723041365
290.94 0.0331219874658
290.95 0.0314394081544
290.96 0.0298284479626
290.97 0.0282922877573
290.98 0.0268334313127
290.99 0.0254537353987
291.0 0.0241544453124
291.01 0.0229362349735
291.02 0.0217992506921
291.03 0.0207431577199
291.04 0.0197671887108
291.05 0.0188701932501
291.06 0.0180506876557
291.07 0.017306904305
291.08 0.0166368398086
291.09 0.0160383014172
291.1 0.0155089511271
291.11 0.0150463470221
291.12 0.0146479814746
291.13 0.0143113159036
291.14 0.0140338118668
291.15 0.0138129583385
291.16 0.0136462950957
291.17 0.0135314322006
291.18 0.0134660656279
291.19 0.0134479891398
291.2 0.0134751025588
291.21 0.0135454166287
291.22 0.0136570546896
291.23 0.0138082514201
291.24 0.0139973489189
291.25 0.0142227904166
291.26 0.0144831119155
291.27 0.0147769320615
291.28 0.015102940551
291.29 0.0154598853739
291.3 0.015846559185
291.31 0.0162617850867
291.32 0.0167044020964
291.33 0.0171732505547
291.34 0.0176671577185
291.35 0.0181849237674
291.36 0.0187253084344
291.37 0.0192870184566
291.38 0.0198686960262
291.39 0.0204689084032
291.4 0.0210861388386
291.41 0.0217187789375
291.42 0.0223651225783
291.43 0.0230233614859
291.44 0.0236915825423
291.45 0.0243677668991
291.46 0.0250497909421
291.47 0.0257354291369
291.48 0.0264223587676
291.49 0.0271081665611
291.5 0.0277903571661
291.51 0.0284663634378
291.52 0.0291335584533
291.53 0.0297892691606
291.54 0.0304307915407
291.55 0.0310554071367
291.56 0.031660400781
291.57 0.0322430793267
291.58 0.0328007911702
291.59 0.0333309463269
291.6 0.0338310368094
291.61 0.0342986570368
291.62 0.0347315239966
291.63 0.0351274968703
291.64 0.0354845958327
291.65 0.0358010197353
291.66 0.0360751623939
291.67 0.0363056272111
291.68 0.0364912398858
291.69 0.0366310589827
291.7 0.0367243841688
291.71 0.0367707619545
291.72 0.0367699888181
291.73 0.036722111634
291.74 0.0366274253726
291.75 0.0364864680834
291.76 0.0363000132255
291.77 0.0360690594539
291.78 0.0357948180189
291.79 0.0354786979794
291.8 0.0351222894695
291.81 0.0347273452957
291.82 0.0342957611711
291.83 0.0338295549141
291.84 0.0333308449588
291.85 0.0328018285307
291.86 0.0322447598425
291.87 0.0316619286575
291.88 0.0310556395544
291.89 0.0304281922035
291.9 0.0297818629368
291.91 0.0291188878593
291.92 0.0284414477095
291.93 0.0277516546321
291.94 0.0270515409823
291.95 0.0263430502295
291.96 0.0256280299846
291.97 0.0249082271241
291.98 0.0241852849422
291.99 0.0234607422197
292.0 0.022736034061
292.01 0.0220124943203
292.02 0.0212913594105
292.03 0.020573773269
292.04 0.0198607932437
292.05 0.0191533966528
292.06 0.0184524877755
292.07 0.0177589050362
292.08 0.0170734281575
292.09 0.0163967850758
292.1 0.0157296584338
292.11 0.0150726914947
292.12 0.0144264933451
292.13 0.0137916432912
292.14 0.0131686943791
292.15 0.0125581760041
292.16 0.0119605956032
292.17 0.011376439455
292.18 0.0108061726341
292.19 0.0102502381953
292.2 0.00970905567601
292.21 0.00918301902763
292.22 0.00867249409165
292.23 0.00817781574867
292.24 0.00769928486872
292.25 0.00723716519156
292.26 0.00679168026133
292.27 0.00636301053192
292.28 0.00595129074909
292.29 0.00555660770266
292.3 0.00517899842705
292.31 0.00481844891309
292.32 0.00447489337672
292.33 0.00414821411387
292.34 0.00383824195393
292.35 0.0035447573084
292.36 0.00326749179663
292.37 0.00300613041711
292.38 0.00276031422123
292.39 0.0025296434366
292.4 0.0023136809793
292.41 0.00211195628849
292.42 0.00192396941359
292.43 0.00174919528176
292.44 0.00158708807439
292.45 0.00143708564217
292.46 0.00129861389257
292.47 0.0011710910872
292.48 0.00105393199299
292.49 0.00094655183688
292.5 0.000848370021345
292.51 0.000758813564934
292.52 0.000677320239981
292.53 0.000603341386824
292.54 0.000536344391251
292.55 0.000475814818716
292.56 0.000421258205214
292.57 0.000372201510487
292.58 0.000328194244275
292.59 0.000288809280719
292.6 0.000253643379599
292.61 0.000222317436003
292.62 0.000194476482129
292.63 0.000169789466405
292.64 0.000147948835918
292.65 0.000128669948356
292.66 0.000111690339395
292.67 9.67688707087e-05
292.68 8.36847826582e-05
292.69 7.22366742912e-05
292.7 6.22414316225e-05
292.71 5.35331233258e-05
292.72 4.59618810281e-05
292.73 3.93927794016e-05
292.74 3.37047292445e-05
292.75 2.87893947834e-05
292.76 2.4550144536e-05
292.77 2.09010432892e-05
292.78 1.77658910797e-05
292.79 1.50773135412e-05
292.8 1.27759066058e-05
292.81 1.08094373262e-05
292.82 9.13210151972e-06
292.83 7.70383802038e-06
292.84 6.48969856172e-06
292.85 5.45927168077e-06
292.86 4.58615853629e-06
292.87 3.8474981502e-06
292.88 3.22353930323e-06
292.89 2.69725613084e-06
292.9 2.25400436038e-06
292.91 1.88121509482e-06
292.92 1.56812306907e-06
292.93 1.30552637331e-06
292.94 1.08557474235e-06
292.95 9.01583643452e-07
292.96 7.47871548957e-07
292.97 6.19617947672e-07
292.98 5.12739824663e-07
292.99 4.23784518224e-07
293.0 3.4983704092e-07
293.01 2.88440125922e-07
293.02 2.37525427761e-07
293.03 1.95354466226e-07
293.04 1.60468052253e-07
293.05 1.3164307434e-07
293.06 1.07855652906e-07
293.07 8.82497879775e-08
293.08 7.21107326953e-08
293.09 5.88424218141e-08
293.1 4.79483710167e-08
293.11 3.90155401173e-08
293.12 3.17007217082e-08
293.13 2.5719077216e-08
293.14 2.08344953663e-08
293.15 1.68514944187e-08
293.16 1.36084298897e-08
293.17 1.09718044791e-08
293.18 8.83150716024e-09
293.19 7.0968344421e-09
293.2 5.69316917624e-09
293.21 4.55921143281e-09
293.22 3.64467232291e-09
293.23 2.90835557753e-09
293.24 2.31656353636e-09
293.25 1.84177424792e-09
293.26 1.46154489108e-09
293.27 1.15760392192e-09
293.28 9.15100422432e-10
293.29 7.21984247304e-10
293.3 5.68494875828e-10
293.31 4.46740501319e-10
293.32 3.50351936788e-10
293.33 2.74198472378e-10
293.34 2.14154964308e-10
293.35 1.66911231551e-10
293.36 1.29816340379e-10
293.37 1.00751614703e-10
293.38 7.8027261155e-11
293.39 6.02983752237e-11
293.4 4.64968264854e-11
293.41 3.57761304734e-11
293.42 2.74669219316e-11
293.43 2.10410656794e-11
293.44 1.60827911233e-11
293.45 1.22655263488e-11
293.46 9.33334760542e-12
293.47 7.0861581681e-12
293.48 5.36787398011e-12
293.49 4.05702801374e-12
293.5 3.05931580666e-12
293.51 2.30169525534e-12
293.52 1.72772789325e-12
293.53 1.29390941534e-12
293.54 9.6678651844e-13
293.55 7.206971974e-13
293.56 5.36004121759e-13
293.57 3.97716987666e-13
293.58 2.94420930924e-13
293.59 2.17445136582e-13
293.6 1.60219462264e-13
293.61 1.17777842212e-13
293.62 8.63759787402e-14
293.63 6.31977843936e-14
293.64 4.6130560054e-14
293.65 3.3593265185e-14
293.66 2.44056865094e-14
293.67 1.76890269424e-14
293.68 1.27905678763e-14
293.69 9.22672581626e-15
293.7 6.64012590436e-15
293.71 4.76732756263e-15
293.72 3.41462316632e-15
293.73 2.43993843332e-15
293.74 1.73933200766e-15
293.75 1.23695224828e-15
293.76 8.77585701699e-16
293.77 6.21143122299e-16
293.78 4.38590054483e-16
293.79 3.08951488071e-16
293.8 2.17112940472e-16
293.81 1.52210481145e-16
293.82 1.06455081486e-16
293.83 7.42763935942e-17
293.84 5.17008172775e-17
293.85 3.59009411354e-17
293.86 2.48699978043e-17
293.87 1.71872673543e-17
293.88 1.18494664591e-17
293.89 8.14988276709e-18
293.9 5.5919627826e-18
293.91 3.82769467263e-18
293.92 2.61378693861e-18
293.93 1.78058516116e-18
293.94 1.21008197254e-18
293.95 8.204008925e-19
293.96 5.54876814816e-19
293.97 3.74391512254e-19
293.98 2.52007939203e-19
293.99 1.6922367601e-19
294.0 1.13361757509e-19
294.01 7.5758337922e-20
294.02 5.05071210953e-20
294.03 3.3591778179e-20
294.04 2.22880194084e-20
294.05 1.47525797997e-20
294.06 9.74142280438e-21
294.07 6.41703871134e-21
294.08 4.21701062275e-21
294.09 2.76460080734e-21
294.1 1.80808065724e-21
294.11 1.17967056401e-21
294.12 7.67823148274e-22
294.13 4.98561940218e-22
294.14 3.2294937993e-22
294.15 2.08692650221e-22
294.16 1.34535586399e-22
294.17 8.65215875881e-23
294.18 5.55097188208e-23
294.19 3.55280019363e-23
294.2 2.26845263564e-23
294.21 1.44492662108e-23
294.22 9.18161303379e-24
294.23 5.8203522186e-24
294.24 3.68075247086e-24
294.25 2.32210042655e-24
294.26 1.46144475413e-24
294.27 9.17573379139e-25
294.28 5.74719835957e-25
294.29 3.59110851976e-25
294.3 2.23850369876e-25
294.31 1.39201537541e-25
294.32 8.6354935196e-26
294.33 5.3442552648e-26
294.34 3.29946946139e-26
294.35 2.03216004684e-26
294.36 1.24861506231e-26
294.37 7.65342949099e-27
294.38 4.67994174142e-27
294.39 2.85483915343e-27
294.4 1.73731940262e-27
294.41 1.05471352611e-27
294.42 6.38772445886e-28
294.43 3.85935419944e-28
294.44 2.32616170962e-28
294.45 1.39869157945e-28
294.46 8.38997769082e-29
294.47 5.02060939703e-29
294.48 2.99715250064e-29
294.49 1.78491698104e-29
294.5 1.06043479798e-29
294.51 6.28502030644e-30
294.52 3.71608946757e-30
294.53 2.19190837361e-30
294.54 1.28977924807e-30
294.55 7.57120710739e-31
294.56 4.43375423865e-31
294.57 2.59020927126e-31
294.58 1.50957548516e-31
294.59 8.77670613062e-32
294.6 5.09055365738e-32
294.61 2.94547417631e-32
294.62 1.70020839141e-32
294.63 9.79052149313e-33
294.64 5.62427085579e-33
294.65 3.22317110189e-33
294.66 1.84271097863e-33
294.67 1.05096393793e-33
294.68 5.9796412892e-34
294.69 3.39405734404e-34
294.7 1.9218520175e-34
294.71 1.0856190012e-34
294.72 6.11774894558e-35
294.73 3.43924082664e-35
294.74 1.92881353698e-35
294.75 1.07913213033e-35
294.76 6.02303963735e-36
294.77 3.35361758262e-36
294.78 1.86280790795e-36
294.79 1.03223677082e-36
294.8 5.7062040224e-37
294.81 3.14682058306e-37
294.82 1.73122448198e-37
294.83 9.50148536195e-38
294.84 5.20219152906e-38
294.85 2.84143605226e-38
294.86 1.54826804379e-38
294.87 8.41610466571e-39
294.88 4.56386531798e-39
294.89 2.46894391853e-39
294.9 1.33243595702e-39
294.91 7.17361683624e-40
294.92 3.8528909835e-40
294.93 2.06439110223e-40
294.94 1.10345327662e-40
294.95 5.88399955168e-41
294.96 3.13002657893e-41
294.97 1.66104015621e-41
294.98 8.79364542125e-42
294.99 4.64423812939e-42
295.0 2.44690281725e-42
295.01 1.28610276995e-42
295.02 6.74359278672e-43
295.03 3.527473115e-43
295.04 1.84074147754e-43
295.05 9.58249486774e-44
295.06 4.97646670837e-44
295.07 2.57822206903e-44
295.08 1.3325277153e-44
295.09 6.8705086454e-45
295.1 3.53393242435e-45
295.11 1.8133611265e-45
295.12 9.28254519737e-46
295.13 4.740307926e-46
295.14 2.41491998555e-46
295.15 1.22731388524e-46
295.16 6.22250507943e-47
295.17 3.147252463e-47
295.18 1.58801505171e-47
295.19 7.99345173415e-48
295.2 4.01393938124e-48
295.21 2.01077729166e-48
295.22 1.00487917125e-48
295.23 5.0098004432e-49
295.24 2.49163096319e-49
295.25 1.23624264666e-49
295.26 6.11899972174e-50
295.27 3.02143917177e-50
295.28 1.48834628273e-50
295.29 7.3139304913e-51
295.3 3.58553841628e-51
295.31 1.75353581728e-51
295.32 8.55522846915e-52
295.33 4.16394795414e-52
295.34 2.02178831819e-52
295.35 9.79315848652e-53
295.36 4.73223815301e-53
295.37 2.28121969326e-53
295.38 1.09704474442e-53
295.39 5.26305950195e-54
295.4 2.51888841189e-54
295.41 1.20264177808e-54
295.42 5.72822877133e-55
295.43 2.72183084687e-55
295.44 1.29020469727e-55
295.45 6.10116563407e-56
295.46 2.87821824349e-56
295.47 1.35453845016e-56
295.48 6.35939297796e-57
295.49 2.97849378404e-57
295.5 1.39166415978e-57
295.51 6.48677593799e-58
295.52 3.01633838581e-58
295.53 1.39922621892e-58
295.54 6.47519001695e-59
295.55 2.98932965254e-59
295.56 1.37673962492e-59
295.57 6.32537858807e-60
295.58 2.8991984612e-60
295.59 1.32564145406e-60
295.6 6.04687396813e-61
295.61 2.75164540404e-61
295.62 1.2491388813e-61
295.63 5.65699370967e-62
295.64 2.55574414527e-62
295.65 1.15187608833e-62
295.66 5.17905902658e-63
295.67 2.32301849873e-63
295.68 1.03946814614e-63
295.69 4.64009007943e-64
295.7 2.06632365664e-64
295.71 9.17966840265e-65
295.72 4.06829417299e-65
295.73 1.79868210287e-65
295.74 7.9332873978e-66
295.75 3.49066901922e-66
295.76 1.53221907577e-66
295.77 6.70949398419e-67
295.78 2.93099704314e-67
295.79 1.27731408837e-67
295.8 5.55311585015e-68
295.81 2.40842138636e-68
295.82 1.04204128475e-68
295.83 4.49773729919e-69
295.84 1.93668931101e-69
295.85 8.31921857494e-70
295.86 3.56501879403e-70
295.87 1.52404511088e-70
295.88 6.4996583667e-71
295.89 2.76528531552e-71
295.9 1.17367019083e-71
295.91 4.96945670094e-72
295.92 2.09907742044e-72
295.93 8.84514002711e-73
295.94 3.71824221868e-73
295.95 1.55929164705e-73
295.96 6.52339590487e-74
295.97 2.72255605599e-74
295.98 1.13353943553e-74
295.99 4.70818095842e-75
296.0 1.95086118944e-75
296.01 8.0641073564e-76
296.02 3.32539272469e-76
296.03 1.36800061709e-76
296.04 5.61418027262e-77
296.05 2.29849267414e-77
296.06 9.38764381945e-78
296.07 3.82495907353e-78
296.08 1.55472539103e-78
296.09 6.30430621248e-79
296.1 2.55021982336e-79
296.11 1.0291404411e-79
296.12 4.14312829162e-80
296.13 1.66394446641e-80
296.14 6.66662434101e-81
296.15 2.66458665875e-81
296.16 1.06245470496e-81
296.17 4.22617725741e-82
296.18 1.67703336328e-82
296.19 6.6388431217e-83
296.2 2.62180157096e-83
296.21 1.03291347241e-83
296.22 4.05961430531e-84
296.23 1.59170403031e-84
296.24 6.22582009954e-85
296.25 2.42933567585e-85
296.26 9.45660389641e-86
296.27 3.67231205447e-86
296.28 1.42265851524e-86
296.29 5.49817383319e-87
296.3 2.119790664e-87
296.31 8.1531267336e-88
296.32 3.12832683924e-88
296.33 1.19744826145e-88
296.34 4.57254622351e-89
296.35 1.74187168921e-89
296.36 6.61958748632e-90
296.37 2.50958784107e-90
296.38 9.49140677252e-91
296.39 3.58109201852e-91
296.4 1.3478981725e-91
296.41 5.06122212503e-92
296.42 1.89587814761e-92
296.43 7.0847112299e-93
296.44 2.64113496835e-93
296.45 9.82235772378e-94
296.46 3.64416143551e-94
296.47 1.34876466102e-94
296.48 4.9800242624e-95
296.49 1.8343552554e-95
296.5 6.74050053526e-96
296.51 2.4709135801e-96
296.52 9.03607182963e-97
296.53 3.29654115811e-97
296.54 1.19975906427e-97
296.55 4.35598410799e-98
296.56 1.57773929834e-98
296.57 5.70086699896e-99
296.58 2.05495958287e-99
296.59 7.38962448455e-100
296.6 2.6509294152e-100
296.61 9.48703861499e-101
296.62 3.38703654014e-101
296.63 1.2063291022e-101
296.64 4.28616058098e-102
296.65 1.51924487546e-102
296.66 5.3720968281e-103
296.67 1.89503219751e-103
296.68 6.66877498842e-104
296.69 2.34116619483e-104
296.7 8.19926899167e-105
296.71 2.86467088359e-105
296.72 9.98460855153e-106
296.73 3.47171496502e-106
296.74 1.20424205457e-106
296.75 4.16716049405e-107
296.76 1.43854474326e-107
296.77 4.9540824597e-108
296.78 1.70200094658e-108
296.79 5.83328335515e-109
296.8 1.9944495644e-109
296.81 6.80283211376e-110
296.82 2.31479831506e-110
296.83 7.85766069601e-111
296.84 2.66090944415e-111
296.85 8.98925350126e-112
296.86 3.02952032442e-112
296.87 1.01854641024e-112
296.88 3.41620940576e-113
296.89 1.14304901886e-113
296.9 3.81541634514e-114
296.91 1.27050309129e-114
296.92 4.22052255773e-115
296.93 1.39866412337e-115
296.94 4.62399497975e-116
296.95 1.52502857837e-116
296.96 5.01759172152e-117
296.97 1.64690810759e-117
296.98 5.39262380487e-118
296.99 1.76152005088e-118
297.0 5.74026268571e-119
297.01 1.86609028789e-119
297.02 6.05187915943e-120
297.03 1.95796332335e-120
297.04 6.31939593531e-121
297.05 2.03471361073e-121
297.06 6.53563400048e-122
297.07 2.09425164974e-122
297.08 6.69463214574e-123
297.09 2.13491840074e-123
297.1 6.79191984279e-124
297.11 2.15556206859e-124
297.12 6.82472605069e-125
297.13 2.15559229798e-125
297.14 6.79211034255e-126
297.15 2.13500822166e-126
297.16 6.69500769308e-127
297.17 2.09439850175e-127
297.18 6.53618395027e-128
297.19 2.03491336149e-128
297.2 6.32010495078e-129
297.21 1.95821046177e-129
297.22 6.05272792254e-130
297.23 1.8663781766e-130
297.24 5.74122877074e-131
297.25 1.76184122188e-131
297.26 5.39368266011e-132
297.27 1.64725458275e-132
297.28 5.0187176993e-133
297.29 1.52539219561e-133
297.3 4.62516235496e-134
297.31 1.39903685023e-134
297.32 4.22170647927e-135
297.33 1.27087730937e-135
297.34 3.81659367297e-136
297.35 1.14341776589e-136
297.36 3.4173593972e-137
297.37 1.0189035702e-137
297.38 3.03062514611e-138
297.39 8.99265786072e-139
297.4 2.66195449925e-139
297.41 7.86085698013e-140
297.42 2.3157723882e-140
297.43 6.80579020554e-141
297.44 1.99534479781e-141
297.45 5.83598353879e-142
297.46 1.70281266995e-142
297.47 4.95651468417e-143
297.48 1.43927118585e-143
297.49 4.16932331428e-144
297.5 1.20488397161e-144
297.51 3.47361426354e-145
297.52 9.99021100993e-146
297.53 2.86631847395e-146
297.54 8.20409978126e-147
297.55 2.34257839885e-147
297.56 6.67289120794e-148
297.57 1.89622847502e-148
297.58 5.3755634585e-149
297.59 1.52024656828e-149
297.6 4.28904674922e-150
297.61 1.20715833581e-150
297.62 3.38941232956e-151
297.63 9.49382630419e-152
297.64 2.65286327799e-152
297.65 7.39511894983e-153
297.66 2.05651636301e-153
297.67 5.70526582597e-154
297.68 1.57897883563e-154
297.69 4.35946748529e-155
297.7 1.20073532193e-155
297.71 3.29926985929e-156
297.72 9.04367823443e-157
297.73 2.47302823228e-157
297.74 6.74636378558e-158
297.75 1.83597662357e-158
297.76 4.98449595685e-159
297.77 1.34999468412e-159
297.78 3.64753592688e-160
297.79 9.83159109661e-161
297.8 2.64365480493e-161
297.81 7.09157001437e-162
297.82 1.89774018079e-162
297.83 5.06626404267e-163
297.84 1.34925985115e-163
297.85 3.58475999406e-164
297.86 9.50126170015e-165
297.87 2.51222877686e-165
297.88 6.62664646288e-166
297.89 1.74375363518e-166
297.9 4.57755066961e-167
297.91 1.19877562596e-167
297.92 3.1318384915e-168
297.93 8.16239335995e-169
297.94 2.12222972302e-169
297.95 5.50457729885e-170
297.96 1.42433539346e-170
297.97 3.67669214529e-171
297.98 9.46801588434e-172
297.99 2.43230144591e-172
298.0 6.23350809252e-173
298.01 1.59369190545e-173
298.02 4.06474135004e-174
298.03 1.03423248274e-174
298.04 2.62518637517e-175
298.05 6.64750723856e-176
298.06 1.67924554879e-176
298.07 4.23181138063e-177
298.08 1.0638860348e-177
298.09 2.66821378515e-178
298.1 6.67579279703e-179
298.11 1.66625621823e-179
298.12 4.14894260727e-180
298.13 1.03059915218e-180
298.14 2.55387033795e-181
298.15 6.31341905491e-182
298.16 1.55699457342e-182
298.17 3.83059546957e-183
298.18 9.40160914015e-184
298.19 2.30194425761e-184
298.2 5.62268978399e-185
298.21 1.3700933333e-185
298.22 3.3305264923e-186
298.23 8.07667005354e-187
298.24 1.95392774637e-187
298.25 4.71564787434e-188
298.26 1.13535308848e-188
298.27 2.72695036302e-189
298.28 6.53401653977e-190
298.29 1.56185220726e-190
298.3 3.72440028679e-191
298.31 8.85991339454e-192
298.32 2.10261283666e-192
298.33 4.97789642305e-193
298.34 1.17567994431e-193
298.35 2.77005934349e-194
298.36 6.5109707765e-195
298.37 1.52671906383e-195
298.38 3.57132373907e-196
298.39 8.33404847417e-197
298.4 1.94016887538e-197
298.41 4.50588137389e-198
298.42 1.04394275366e-198
298.43 2.41284999925e-199
298.44 5.56340495537e-200
298.45 1.2796987089e-200
298.46 2.93651010797e-201
298.47 6.72220848871e-202
298.48 1.53514416189e-202
298.49 3.49738193344e-203
298.5 7.948655389e-204
298.51 1.80219169792e-204
298.52 4.07628940627e-205
298.53 9.19783777045e-206
298.54 2.07044257659e-206
298.55 4.64940463316e-207
298.56 1.04156938883e-207
298.57 2.32774702862e-208
298.58 5.18967383369e-209
298.59 1.1542531169e-209
298.6 2.56105413034e-210
298.61 5.6688265518e-211
298.62 1.25176928241e-211
298.63 2.75747840816e-212
298.64 6.05977725163e-213
298.65 1.32848883842e-213
298.66 2.90546647719e-214
298.67 6.33914283579e-215
298.68 1.37975480658e-215
298.69 2.99591855887e-216
298.7 6.4895532517e-217
298.71 1.40234963958e-217
298.72 3.02311399287e-218
298.73 6.50143835847e-219
298.74 1.39482937366e-219
298.75 2.98530995686e-220
298.76 6.37403558693e-221
298.77 1.35767633407e-221
298.78 2.88492628918e-222
298.79 6.1154709045e-223
298.8 1.29324794453e-223
298.81 2.72828916889e-224
298.82 5.74190113565e-225
298.83 1.20552919298e-225
298.84 2.52497139462e-226
298.85 5.27584347838e-227
298.86 1.0997248845e-227
298.87 2.28682489624e-228
298.88 4.74393227643e-229
298.89 9.81749658462e-230
298.9 2.02684130765e-230
298.91 4.17441328802e-231
298.92 8.57685071872e-232
298.93 1.75799229664e-232
298.94 3.5947011761e-233
298.95 7.33272384237e-234
298.96 1.49219154359e-234
298.97 3.02928775347e-235
298.98 6.13498059413e-236
298.99 1.23948868645e-236
299.0 2.49820831963e-237
299.01 5.02309559266e-238
299.02 1.00756006436e-238
299.03 2.01617004211e-239
299.04 4.02476084015e-240
299.05 8.01511410996e-241
299.06 1.59234089966e-241
299.07 3.15586996548e-242
299.08 6.23963032045e-243
299.09 1.23070886494e-243
299.1 2.42163401105e-244
299.11 4.75355360439e-245
299.12 9.30861339093e-246
299.13 1.81847904391e-246
299.14 3.54395596849e-247
299.15 6.89009236249e-248
299.16 1.33634465077e-248
299.17 2.58564337716e-249
299.18 4.99086106125e-250
299.19 9.61034645432e-251
299.2 1.84611741147e-251
299.21 3.5378246359e-252
299.22 6.76347664837e-253
299.23 1.28991293417e-253
299.24 2.45418619964e-254
299.25 4.65812706746e-255
299.26 8.82006656053e-256
299.27 1.66605411384e-256
299.28 3.13951855087e-257
299.29 5.90192536808e-258
299.3 1.10683040984e-258
299.31 2.07073803983e-259
299.32 3.8647904388e-260
299.33 7.19587230669e-261
299.34 1.33658830117e-261
299.35 2.47667244656e-262
299.36 4.57821516013e-263
299.37 8.44268401593e-264
299.38 1.55317925367e-264
299.39 2.85048878125e-265
299.4 5.21883781779e-266
299.41 9.53202066156e-267
299.42 1.73681219097e-267
299.43 3.15702086484e-268
299.44 5.72477938551e-269
299.45 1.03561126868e-269
299.46 1.868923347e-270
299.47 3.36467344689e-271
299.48 6.04297867733e-272
299.49 1.08271938483e-272
299.5 1.93525176611e-273
299.51 3.4507678414e-274
299.52 6.13833690589e-275
299.53 1.089287224e-275
299.54 1.92837196117e-276
299.55 3.4056178692e-277
299.56 6.00008956415e-278
299.57 1.05457205795e-278
299.58 1.84906209745e-279
299.59 3.23432339603e-280
299.6 5.64380627083e-281
299.61 9.82465848356e-282
299.62 1.70615914085e-282
299.63 2.95582229988e-283
299.64 5.10850490705e-284
299.65 8.80777107004e-285
299.66 1.51493824872e-285
299.67 2.5994445209e-286
299.68 4.44961960061e-287
299.69 7.59839603935e-288
299.7 1.29442733831e-288
299.71 2.19983514939e-289
299.72 3.72957467238e-290
299.73 6.30790561392e-291
299.74 1.0643090995e-291
299.75 1.79145982723e-292
299.76 3.00817488986e-293
299.77 5.039132748e-294
299.78 8.42103023012e-295
299.79 1.40388444804e-295
299.8 2.33482432451e-296
299.81 3.8737694061e-297
299.82 6.41165329423e-298
299.83 1.05867584668e-298
299.84 1.74386430899e-299
299.85 2.86562319022e-300
299.86 4.69766655036e-301
299.87 7.68248992484e-302
299.88 1.25336776736e-302
299.89 2.03991350811e-303
299.9 3.31208668954e-304
299.91 5.36473589288e-305
299.92 8.66865476082e-306
299.93 1.39737116463e-306
299.94 2.24713185787e-307
299.95 3.6049732464e-308
299.96 5.76942118328e-309
299.97 9.21126237655e-310
299.98 1.46711031611e-310
299.99 2.33111177571e-311
