270.0 0.000122995068974
270.01 0.000123159720157
270.02 0.000123324715734
270.03 0.000123490056704
270.04 0.000123655744069
270.05 0.000123821778836
270.06 0.000123988162015
270.07 0.000124154894619
270.08 0.000124321977666
270.09 0.000124489412178
270.1 0.000124657199179
270.11 0.0001248253397
270.12 0.000124993834772
270.13 0.000125162685434
270.14 0.000125331892726
270.15 0.000125501457692
270.16 0.000125671381383
270.17 0.00012584166485
270.18 0.000126012309151
270.19 0.000126183315346
270.2 0.0001263546845
270.21 0.000126526417682
270.22 0.000126698515966
270.23 0.000126870980428
270.24 0.000127043812149
270.25 0.000127217012216
270.26 0.000127390581717
270.27 0.000127564521747
270.28 0.000127738833403
270.29 0.000127913517787
270.3 0.000128088576007
270.31 0.000128264009171
270.32 0.000128439818396
270.33 0.000128616004801
270.34 0.000128792569509
270.35 0.000128969513647
270.36 0.000129146838349
270.37 0.000129324544751
270.38 0.000129502633994
270.39 0.000129681107224
270.4 0.000129859965589
270.41 0.000130039210245
270.42 0.000130218842351
270.43 0.000130398863069
270.44 0.000130579273568
270.45 0.00013076007502
270.46 0.000130941268603
270.47 0.000131122855497
270.48 0.000131304836889
270.49 0.00013148721397
270.5 0.000131669987935
270.51 0.000131853159985
270.52 0.000132036731324
270.53 0.000132220703162
270.54 0.000132405076715
270.55 0.000132589853199
270.56 0.000132775033841
270.57 0.000132960619868
270.58 0.000133146612515
270.59 0.000133333013019
270.6 0.000133519822624
270.61 0.00013370704258
270.62 0.000133894674137
270.63 0.000134082718556
270.64 0.0001342711771
270.65 0.000134460051036
270.66 0.000134649341638
270.67 0.000134839050185
270.68 0.000135029177959
270.69 0.00013521972625
270.7 0.000135410696351
270.71 0.000135602089561
270.72 0.000135793907184
270.73 0.00013598615053
270.74 0.000136178820912
270.75 0.000136371919652
270.76 0.000136565448074
270.77 0.000136759407508
270.78 0.00013695379929
270.79 0.000137148624762
270.8 0.00013734388527
270.81 0.000137539582165
270.82 0.000137735716807
270.83 0.000137932290556
270.84 0.000138129304783
270.85 0.000138326760861
270.86 0.000138524660169
270.87 0.000138723004092
270.88 0.000138921794023
270.89 0.000139121031356
270.9 0.000139320717494
270.91 0.000139520853845
270.92 0.000139721441822
270.93 0.000139922482845
270.94 0.000140123978339
270.95 0.000140325929735
270.96 0.000140528338469
270.97 0.000140731205985
270.98 0.000140934533731
270.99 0.000141138323162
271.0 0.000141342575737
271.01 0.000141547292924
271.02 0.000141752476196
271.03 0.00014195812703
271.04 0.000142164246912
271.05 0.000142370837332
271.06 0.000142577899788
271.07 0.000142785435782
271.08 0.000142993446825
271.09 0.000143201934432
271.1 0.000143410900124
271.11 0.000143620345431
271.12 0.000143830271886
271.13 0.000144040681032
271.14 0.000144251574414
271.15 0.000144462953588
271.16 0.000144674820114
271.17 0.000144887175558
271.18 0.000145100021495
271.19 0.000145313359503
271.2 0.00014552719117
271.21 0.00014574151809
271.22 0.000145956341862
271.23 0.000146171664092
271.24 0.000146387486395
271.25 0.000146603810391
271.26 0.000146820637707
271.27 0.000147037969977
271.28 0.000147255808842
271.29 0.000147474155949
271.3 0.000147693012954
271.31 0.000147912381518
271.32 0.00014813226331
271.33 0.000148352660006
271.34 0.00014857357329
271.35 0.000148795004851
271.36 0.000149016956387
271.37 0.000149239429603
271.38 0.00014946242621
271.39 0.000149685947929
271.4 0.000149909996484
271.41 0.000150134573611
271.42 0.000150359681051
271.43 0.000150585320553
271.44 0.000150811493873
271.45 0.000151038202776
271.46 0.000151265449032
271.47 0.000151493234421
271.48 0.00015172156073
271.49 0.000151950429753
271.5 0.000152179843293
271.51 0.00015240980316
271.52 0.000152640311171
271.53 0.000152871369154
271.54 0.00015310297894
271.55 0.000153335142373
271.56 0.000153567861301
271.57 0.000153801137583
271.58 0.000154034973085
271.59 0.00015426936968
271.6 0.00015450432925
271.61 0.000154739853687
271.62 0.000154975944888
271.63 0.000155212604761
271.64 0.000155449835222
271.65 0.000155687638193
271.66 0.000155926015607
271.67 0.000156164969405
271.68 0.000156404501536
271.69 0.000156644613957
271.7 0.000156885308637
271.71 0.000157126587548
271.72 0.000157368452677
271.73 0.000157610906014
271.74 0.000157853949562
271.75 0.000158097585331
271.76 0.00015834181534
271.77 0.000158586641618
271.78 0.000158832066202
271.79 0.000159078091139
271.8 0.000159324718483
271.81 0.0001595719503
271.82 0.000159819788663
271.83 0.000160068235656
271.84 0.000160317293371
271.85 0.000160566963911
271.86 0.000160817249386
271.87 0.000161068151917
271.88 0.000161319673635
271.89 0.000161571816679
271.9 0.0001618245832
271.91 0.000162077975357
271.92 0.000162331995318
271.93 0.000162586645263
271.94 0.000162841927379
271.95 0.000163097843867
271.96 0.000163354396935
271.97 0.0001636115888
271.98 0.000163869421693
271.99 0.000164127897852
272.0 0.000164387019525
272.01 0.000164646788973
272.02 0.000164907208465
272.03 0.000165168280281
272.04 0.000165430006712
272.05 0.000165692390058
272.06 0.000165955432632
272.07 0.000166219136755
272.08 0.00016648350476
272.09 0.00016674853899
272.1 0.000167014241801
272.11 0.000167280615558
272.12 0.000167547662636
272.13 0.000167815385423
272.14 0.000168083786316
272.15 0.000168352867726
272.16 0.000168622632073
272.17 0.000168893081788
272.18 0.000169164219314
272.19 0.000169436047107
272.2 0.000169708567631
272.21 0.000169981783365
272.22 0.000170255696796
272.23 0.000170530310426
272.24 0.000170805626767
272.25 0.000171081648342
272.26 0.000171358377689
272.27 0.000171635817354
272.28 0.000171913969897
272.29 0.00017219283789
272.3 0.000172472423918
272.31 0.000172752730576
272.32 0.000173033760472
272.33 0.000173315516227
272.34 0.000173598000475
272.35 0.000173881215861
272.36 0.000174165165044
272.37 0.000174449850693
272.38 0.000174735275493
272.39 0.000175021442139
272.4 0.000175308353342
272.41 0.000175596011822
272.42 0.000175884420316
272.43 0.000176173581571
272.44 0.000176463498348
272.45 0.000176754173422
272.46 0.000177045609582
272.47 0.000177337809628
272.48 0.000177630776374
272.49 0.00017792451265
272.5 0.000178219021297
272.51 0.000178514305171
272.52 0.000178810367142
272.53 0.000179107210092
272.54 0.000179404836919
272.55 0.000179703250535
272.56 0.000180002453865
272.57 0.000180302449848
272.58 0.00018060324144
272.59 0.000180904831608
272.6 0.000181207223335
272.61 0.000181510419619
272.62 0.000181814423472
272.63 0.00018211923792
272.64 0.000182424866007
272.65 0.000182731310788
272.66 0.000183038575335
272.67 0.000183346662735
272.68 0.00018365557609
272.69 0.000183965318518
272.7 0.000184275893151
272.71 0.000184587303137
272.72 0.000184899551641
272.73 0.000185212641841
272.74 0.000185526576934
272.75 0.00018584136013
272.76 0.000186156994656
272.77 0.000186473483755
272.78 0.000186790830688
272.79 0.000187109038729
272.8 0.000187428111171
272.81 0.000187748051322
272.82 0.000188068862507
272.83 0.000188390548068
272.84 0.000188713111363
272.85 0.000189036555768
272.86 0.000189360884676
272.87 0.000189686101495
272.88 0.000190012209653
272.89 0.000190339212593
272.9 0.000190667113778
272.91 0.000190995916685
272.92 0.000191325624812
272.93 0.000191656241673
272.94 0.000191987770801
272.95 0.000192320215745
272.96 0.000192653580074
272.97 0.000192987867374
272.98 0.000193323081251
272.99 0.000193659225328
273.0 0.000193996303246
273.01 0.000194334318667
273.02 0.000194673275269
273.03 0.00019501317675
273.04 0.000195354026829
273.05 0.000195695829242
273.06 0.000196038587744
273.07 0.00019638230611
273.08 0.000196726988136
273.09 0.000197072637636
273.1 0.000197419258443
273.11 0.000197766854412
273.12 0.000198115429417
273.13 0.000198464987353
273.14 0.000198815532133
273.15 0.000199167067693
273.16 0.000199519597989
273.17 0.000199873126996
273.18 0.000200227658712
273.19 0.000200583197155
273.2 0.000200939746364
273.21 0.0002012973104
273.22 0.000201655893344
273.23 0.0002020154993
273.24 0.000202376132392
273.25 0.000202737796768
273.26 0.000203100496597
273.27 0.000203464236068
273.28 0.000203829019396
273.29 0.000204194850816
273.3 0.000204561734585
273.31 0.000204929674986
273.32 0.00020529867632
273.33 0.000205668742915
273.34 0.000206039879121
273.35 0.00020641208931
273.36 0.000206785377879
273.37 0.000207159749248
273.38 0.000207535207861
273.39 0.000207911758185
273.4 0.000208289404713
273.41 0.00020866815196
273.42 0.000209048004467
273.43 0.000209428966799
273.44 0.000209811043546
273.45 0.000210194239322
273.46 0.000210578558768
273.47 0.000210964006548
273.48 0.000211350587353
273.49 0.000211738305898
273.5 0.000212127166927
273.51 0.000212517175205
273.52 0.000212908335528
273.53 0.000213300652715
273.54 0.000213694131613
273.55 0.000214088777096
273.56 0.000214484594063
273.57 0.000214881587441
273.58 0.000215279762185
273.59 0.000215679123276
273.6 0.000216079675724
273.61 0.000216481424566
273.62 0.000216884374867
273.63 0.00021728853172
273.64 0.000217693900247
273.65 0.000218100485597
273.66 0.000218508292949
273.67 0.000218917327512
273.68 0.000219327594522
273.69 0.000219739099245
273.7 0.000220151846978
273.71 0.000220565843045
273.72 0.000220981092803
273.73 0.000221397601636
273.74 0.000221815374962
273.75 0.000222234418227
273.76 0.000222654736908
273.77 0.000223076336514
273.78 0.000223499222584
273.79 0.000223923400691
273.8 0.000224348876437
273.81 0.000224775655456
273.82 0.000225203743417
273.83 0.000225633146018
273.84 0.000226063868992
273.85 0.000226495918103
273.86 0.000226929299149
273.87 0.000227364017962
273.88 0.000227800080406
273.89 0.000228237492381
273.9 0.000228676259818
273.91 0.000229116388684
273.92 0.000229557884982
273.93 0.000230000754747
273.94 0.000230445004051
273.95 0.000230890638999
273.96 0.000231337665735
273.97 0.000231786090435
273.98 0.000232235919315
273.99 0.000232687158623
274.0 0.000233139814647
274.01 0.00023359389371
274.02 0.000234049402173
274.03 0.000234506346434
274.04 0.000234964732929
274.05 0.000235424568132
274.06 0.000235885858554
274.07 0.000236348610746
274.08 0.000236812831297
274.09 0.000237278526835
274.1 0.000237745704027
274.11 0.000238214369581
274.12 0.000238684530245
274.13 0.000239156192804
274.14 0.000239629364088
274.15 0.000240104050965
274.16 0.000240580260344
274.17 0.000241057999177
274.18 0.000241537274457
274.19 0.000242018093219
274.2 0.000242500462541
274.21 0.000242984389542
274.22 0.000243469881385
274.23 0.000243956945278
274.24 0.00024444558847
274.25 0.000244935818256
274.26 0.000245427641973
274.27 0.000245921067006
274.28 0.000246416100781
274.29 0.000246912750773
274.3 0.000247411024501
274.31 0.000247910929529
274.32 0.00024841247347
274.33 0.000248915663981
274.34 0.000249420508768
274.35 0.000249927015584
274.36 0.00025043519223
274.37 0.000250945046554
274.38 0.000251456586453
274.39 0.000251969819875
274.4 0.000252484754813
274.41 0.000253001399315
274.42 0.000253519761475
274.43 0.00025403984944
274.44 0.000254561671404
274.45 0.000255085235618
274.46 0.00025561055038
274.47 0.000256137624042
274.48 0.000256666465007
274.49 0.000257197081734
274.5 0.000257729482732
274.51 0.000258263676565
274.52 0.000258799671851
274.53 0.000259337477262
274.54 0.000259877101527
274.55 0.000260418553428
274.56 0.000260961841805
274.57 0.000261506975551
274.58 0.000262053963619
274.59 0.000262602815018
274.6 0.000263153538815
274.61 0.000263706144134
274.62 0.000264260640159
274.63 0.000264817036132
274.64 0.000265375341355
274.65 0.00026593556519
274.66 0.000266497717058
274.67 0.000267061806444
274.68 0.000267627842892
274.69 0.000268195836008
274.7 0.000268765795462
274.71 0.000269337730985
274.72 0.000269911652373
274.73 0.000270487569486
274.74 0.000271065492246
274.75 0.000271645430644
274.76 0.000272227394733
274.77 0.000272811394634
274.78 0.000273397440534
274.79 0.000273985542687
274.8 0.000274575711415
274.81 0.000275167957109
274.82 0.000275762290227
274.83 0.000276358721298
274.84 0.00027695726092
274.85 0.000277557919763
274.86 0.000278160708566
274.87 0.000278765638141
274.88 0.000279372719372
274.89 0.000279981963217
274.9 0.000280593380705
274.91 0.000281206982943
274.92 0.000281822781108
274.93 0.000282440786456
274.94 0.000283061010318
274.95 0.000283683464101
274.96 0.00028430815929
274.97 0.000284935107449
274.98 0.000285564320217
274.99 0.000286195809317
275.0 0.000286829586548
275.01 0.000287465663792
275.02 0.000288104053012
275.03 0.000288744766252
275.04 0.000289387815639
275.05 0.000290033213385
275.06 0.000290680971783
275.07 0.000291331103214
275.08 0.000291983620142
275.09 0.000292638535121
275.1 0.000293295860787
275.11 0.000293955609867
275.12 0.000294617795177
275.13 0.000295282429621
275.14 0.000295949526193
275.15 0.000296619097979
275.16 0.000297291158155
275.17 0.00029796571999
275.18 0.000298642796849
275.19 0.000299322402187
275.2 0.000300004549557
275.21 0.000300689252606
275.22 0.000301376525077
275.23 0.000302066380813
275.24 0.000302758833754
275.25 0.000303453897939
275.26 0.000304151587506
275.27 0.000304851916696
275.28 0.000305554899851
275.29 0.000306260551415
275.3 0.000306968885937
275.31 0.000307679918069
275.32 0.000308393662571
275.33 0.000309110134306
275.34 0.000309829348248
275.35 0.000310551319476
275.36 0.000311276063182
275.37 0.000312003594664
275.38 0.000312733929336
275.39 0.000313467082721
275.4 0.000314203070456
275.41 0.000314941908294
275.42 0.000315683612101
275.43 0.000316428197861
275.44 0.000317175681676
275.45 0.000317926079766
275.46 0.00031867940847
275.47 0.000319435684248
275.48 0.000320194923684
275.49 0.000320957143482
275.5 0.000321722360472
275.51 0.000322490591608
275.52 0.000323261853973
275.53 0.000324036164775
275.54 0.000324813541352
275.55 0.000325594001173
275.56 0.000326377561835
275.57 0.000327164241072
275.58 0.000327954056747
275.59 0.000328747026862
275.6 0.000329543169553
275.61 0.000330342503094
275.62 0.000331145045898
275.63 0.000331950816519
275.64 0.000332759833649
275.65 0.000333572116128
275.66 0.000334387682935
275.67 0.000335206553198
275.68 0.000336028746191
275.69 0.000336854281336
275.7 0.000337683178204
275.71 0.000338515456519
275.72 0.000339351136155
275.73 0.000340190237144
275.74 0.000341032779669
275.75 0.000341878784073
275.76 0.000342728270856
275.77 0.00034358126068
275.78 0.000344437774367
275.79 0.000345297832902
275.8 0.000346161457437
275.81 0.000347028669288
275.82 0.00034789948994
275.83 0.000348773941047
275.84 0.000349652044437
275.85 0.000350533822107
275.86 0.000351419296231
275.87 0.000352308489161
275.88 0.000353201423424
275.89 0.000354098121728
275.9 0.000354998606964
275.91 0.000355902902205
275.92 0.000356811030711
275.93 0.000357723015928
275.94 0.000358638881491
275.95 0.000359558651227
275.96 0.000360482349155
275.97 0.000361409999489
275.98 0.00036234162664
275.99 0.000363277255218
276.0 0.000364216910033
276.01 0.000365160616099
276.02 0.000366108398634
276.03 0.000367060283064
276.04 0.000368016295022
276.05 0.000368976460354
276.06 0.000369940805119
276.07 0.000370909355591
276.08 0.000371882138264
276.09 0.000372859179848
276.1 0.000373840507279
276.11 0.000374826147715
276.12 0.000375816128543
276.13 0.000376810477377
276.14 0.000377809222065
276.15 0.000378812390686
276.16 0.00037982001156
276.17 0.000380832113241
276.18 0.000381848724527
276.19 0.00038286987446
276.2 0.000383895592328
276.21 0.000384925907668
276.22 0.00038596085027
276.23 0.000387000450176
276.24 0.000388044737687
276.25 0.000389093743363
276.26 0.000390147498028
276.27 0.000391206032769
276.28 0.000392269378943
276.29 0.000393337568177
276.3 0.000394410632373
276.31 0.000395488603709
276.32 0.000396571514644
276.33 0.000397659397919
276.34 0.00039875228656
276.35 0.000399850213885
276.36 0.000400953213502
276.37 0.000402061319314
276.38 0.000403174565524
276.39 0.000404292986636
276.4 0.00040541661746
276.41 0.000406545493113
276.42 0.000407679649026
276.43 0.000408819120943
276.44 0.000409963944927
276.45 0.000411114157366
276.46 0.000412269794971
276.47 0.000413430894784
276.48 0.000414597494178
276.49 0.000415769630867
276.5 0.0004169473429
276.51 0.000418130668675
276.52 0.000419319646937
276.53 0.000420514316782
276.54 0.000421714717664
276.55 0.000422920889394
276.56 0.000424132872152
276.57 0.000425350706482
276.58 0.000426574433302
276.59 0.000427804093908
276.6 0.000429039729975
276.61 0.000430281383564
276.62 0.000431529097128
276.63 0.000432782913511
276.64 0.000434042875957
276.65 0.000435309028114
276.66 0.000436581414038
276.67 0.000437860078198
276.68 0.000439145065478
276.69 0.000440436421187
276.7 0.000441734191061
276.71 0.000443038421268
276.72 0.000444349158413
276.73 0.000445666449544
276.74 0.000446990342156
276.75 0.000448320884197
276.76 0.000449658124074
276.77 0.000451002110657
276.78 0.000452352893285
276.79 0.000453710521773
276.8 0.000455075046414
276.81 0.00045644651799
276.82 0.000457824987771
276.83 0.00045921050753
276.84 0.000460603129539
276.85 0.000462002906583
276.86 0.00046340989196
276.87 0.000464824139493
276.88 0.000466245703532
276.89 0.000467674638963
276.9 0.000469111001211
276.91 0.000470554846251
276.92 0.000472006230614
276.93 0.000473465211388
276.94 0.000474931846235
276.95 0.000476406193387
276.96 0.000477888311662
276.97 0.000479378260467
276.98 0.000480876099805
276.99 0.000482381890283
277.0 0.000483895693121
277.01 0.000485417570158
277.02 0.000486947583861
277.03 0.000488485797331
277.04 0.000490032274311
277.05 0.000491587079198
277.06 0.000493150277045
277.07 0.000494721933576
277.08 0.000496302115188
277.09 0.000497890888964
277.1 0.000499488322681
277.11 0.000501094484816
277.12 0.000502709444561
277.13 0.000504333271824
277.14 0.000505966037245
277.15 0.000507607812203
277.16 0.000509258668823
277.17 0.000510918679992
277.18 0.000512587919361
277.19 0.000514266461362
277.2 0.000515954381212
277.21 0.000517651754929
277.22 0.000519358659339
277.23 0.000521075172087
277.24 0.000522801371647
277.25 0.000524537337337
277.26 0.000526283149324
277.27 0.00052803888864
277.28 0.000529804637191
277.29 0.000531580477772
277.3 0.000533366494073
277.31 0.000535162770697
277.32 0.000536969393167
277.33 0.000538786447943
277.34 0.000540614022432
277.35 0.000542452205001
277.36 0.000544301084989
277.37 0.000546160752725
277.38 0.000548031299534
277.39 0.000549912817757
277.4 0.000551805400761
277.41 0.000553709142955
277.42 0.000555624139804
277.43 0.000557550487843
277.44 0.000559488284691
277.45 0.000561437629069
277.46 0.00056339862081
277.47 0.000565371360882
277.48 0.000567355951395
277.49 0.000569352495626
277.5 0.000571361098027
277.51 0.000573381864248
277.52 0.000575414901148
277.53 0.000577460316819
277.54 0.000579518220598
277.55 0.000581588723084
277.56 0.000583671936162
277.57 0.000585767973016
277.58 0.000587876948147
277.59 0.000589998977399
277.6 0.000592134177968
277.61 0.000594282668429
277.62 0.000596444568754
277.63 0.000598620000332
277.64 0.000600809085988
277.65 0.000603011950006
277.66 0.00060522871815
277.67 0.000607459517685
277.68 0.000609704477399
277.69 0.000611963727625
277.7 0.000614237400265
277.71 0.000616525628814
277.72 0.000618828548378
277.73 0.000621146295707
277.74 0.000623479009211
277.75 0.000625826828991
277.76 0.000628189896858
277.77 0.000630568356365
277.78 0.000632962352831
277.79 0.000635372033366
277.8 0.000637797546899
277.81 0.000640239044206
277.82 0.000642696677939
277.83 0.000645170602652
277.84 0.000647660974834
277.85 0.000650167952932
277.86 0.000652691697391
277.87 0.000655232370676
277.88 0.000657790137306
277.89 0.000660365163887
277.9 0.000662957619146
277.91 0.000665567673958
277.92 0.000668195501387
277.93 0.000670841276713
277.94 0.000673505177475
277.95 0.000676187383498
277.96 0.000678888076936
277.97 0.000681607442304
277.98 0.00068434566652
277.99 0.00068710293894
278.0 0.000689879451397
278.01 0.000692675398244
278.02 0.000695490976389
278.03 0.000698326385343
278.04 0.000701181827256
278.05 0.000704057506962
278.06 0.000706953632025
278.07 0.000709870412779
278.08 0.000712808062377
278.09 0.000715766796836
278.1 0.000718746835082
278.11 0.000721748399002
278.12 0.000724771713492
278.13 0.000727817006501
278.14 0.000730884509092
278.15 0.000733974455485
278.16 0.000737087083114
278.17 0.000740222632682
278.18 0.000743381348213
278.19 0.000746563477107
278.2 0.000749769270204
278.21 0.000752998981836
278.22 0.000756252869886
278.23 0.000759531195854
278.24 0.000762834224915
278.25 0.000766162225983
278.26 0.000769515471776
278.27 0.00077289423888
278.28 0.000776298807818
278.29 0.000779729463119
278.3 0.000783186493385
278.31 0.000786670191365
278.32 0.000790180854025
278.33 0.000793718782626
278.34 0.000797284282796
278.35 0.00080087766461
278.36 0.000804499242669
278.37 0.000808149336177
278.38 0.000811828269029
278.39 0.000815536369889
278.4 0.000819273972282
278.41 0.000823041414675
278.42 0.000826839040574
278.43 0.000830667198607
278.44 0.000834526242626
278.45 0.000838416531795
278.46 0.000842338430691
278.47 0.000846292309404
278.48 0.000850278543638
278.49 0.000854297514812
278.5 0.000858349610171
278.51 0.000862435222892
278.52 0.000866554752193
278.53 0.000870708603449
278.54 0.000874897188307
278.55 0.000879120924804
278.56 0.000883380237488
278.57 0.000887675557541
278.58 0.000892007322907
278.59 0.000896375978419
278.6 0.000900781975933
278.61 0.000905225774463
278.62 0.000909707840315
278.63 0.000914228647236
278.64 0.000918788676552
278.65 0.000923388417316
278.66 0.000928028366465
278.67 0.000932709028967
278.68 0.000937430917986
278.69 0.000942194555037
278.7 0.000947000470158
278.71 0.000951849202076
278.72 0.000956741298381
278.73 0.000961677315702
278.74 0.000966657819892
278.75 0.000971683386212
278.76 0.000976754599521
278.77 0.000981872054471
278.78 0.000987036355708
278.79 0.000992248118073
278.8 0.000997507966814
278.81 0.0010028165378
278.82 0.00100817447774
278.83 0.00101358244441
278.84 0.00101904110688
278.85 0.00102455114574
278.86 0.00103011325336
278.87 0.00103572813414
278.88 0.00104139650474
278.89 0.00104711909435
278.9 0.00105289664497
278.91 0.00105872991168
278.92 0.00106461966289
278.93 0.00107056668066
278.94 0.00107657176098
278.95 0.0010826357141
278.96 0.00108875936477
278.97 0.00109494355264
278.98 0.00110118913252
278.99 0.00110749697477
279.0 0.00111386796557
279.01 0.00112030300735
279.02 0.0011268030191
279.03 0.00113336893675
279.04 0.00114000171356
279.05 0.00114670232049
279.06 0.00115347174662
279.07 0.00116031099955
279.08 0.00116722110582
279.09 0.00117420311134
279.1 0.00118125808184
279.11 0.00118838710332
279.12 0.00119559128253
279.13 0.00120287174742
279.14 0.00121022964767
279.15 0.00121766615518
279.16 0.00122518246459
279.17 0.00123277979382
279.18 0.00124045938461
279.19 0.0012482225031
279.2 0.00125607044039
279.21 0.00126400451316
279.22 0.00127202606427
279.23 0.00128013646341
279.24 0.0012883371077
279.25 0.00129662942243
279.26 0.00130501486168
279.27 0.00131349490906
279.28 0.00132207107842
279.29 0.00133074491464
279.3 0.00133951799431
279.31 0.00134839192663
279.32 0.00135736835414
279.33 0.0013664489536
279.34 0.00137563543682
279.35 0.0013849295516
279.36 0.00139433308258
279.37 0.00140384785224
279.38 0.00141347572184
279.39 0.00142321859242
279.4 0.00143307840583
279.41 0.00144305714579
279.42 0.00145315683899
279.43 0.00146337955622
279.44 0.00147372741352
279.45 0.00148420257336
279.46 0.00149480724592
279.47 0.0015055436903
279.48 0.0015164142159
279.49 0.00152742118371
279.5 0.00153856700775
279.51 0.00154985415649
279.52 0.00156128515432
279.53 0.00157286258311
279.54 0.0015845890838
279.55 0.00159646735798
279.56 0.00160850016964
279.57 0.00162069034684
279.58 0.00163304078359
279.59 0.00164555444164
279.6 0.00165823435242
279.61 0.00167108361901
279.62 0.00168410541822
279.63 0.00169730300267
279.64 0.00171067970297
279.65 0.00172423893003
279.66 0.00173798417735
279.67 0.00175191902342
279.68 0.0017660471343
279.69 0.0017803722661
279.7 0.00179489826775
279.71 0.00180962908369
279.72 0.00182456875679
279.73 0.00183972143126
279.74 0.00185509135577
279.75 0.00187068288659
279.76 0.0018865004909
279.77 0.00190254875019
279.78 0.00191883236377
279.79 0.00193535615247
279.8 0.00195212506239
279.81 0.00196914416884
279.82 0.00198641868042
279.83 0.00200395394324
279.84 0.00202175544528
279.85 0.00203982882096
279.86 0.00205817985582
279.87 0.00207681449144
279.88 0.00209573883048
279.89 0.00211495914198
279.9 0.00213448186679
279.91 0.00215431362329
279.92 0.00217446121323
279.93 0.00219493162793
279.94 0.00221573205457
279.95 0.00223686988284
279.96 0.00225835271181
279.97 0.0022801883571
279.98 0.00230238485827
279.99 0.00232495048656
280.0 0.00234789375297
280.01 0.0023712234166
280.02 0.00239494849334
280.03 0.00241907826497
280.04 0.00244362228861
280.05 0.0024685904065
280.06 0.0024939927563
280.07 0.00251983978173
280.08 0.00254614224369
280.09 0.00257291123188
280.1 0.00260015817687
280.11 0.0026278948627
280.12 0.00265613344007
280.13 0.00268488644002
280.14 0.00271416678826
280.15 0.00274398782018
280.16 0.00277436329638
280.17 0.00280530741905
280.18 0.00283683484895
280.19 0.00286896072328
280.2 0.00290170067423
280.21 0.00293507084849
280.22 0.00296908792759
280.23 0.00300376914916
280.24 0.00303913232928
280.25 0.00307519588573
280.26 0.00311197886249
280.27 0.00314950095523
280.28 0.00318778253816
280.29 0.00322684469212
280.3 0.00326670923394
280.31 0.00330739874741
280.32 0.00334893661555
280.33 0.00339134705462
280.34 0.00343465514978
280.35 0.00347888689247
280.36 0.00352406921973
280.37 0.0035702300555
280.38 0.00361739835396
280.39 0.00366560414519
280.4 0.00371487858307
280.41 0.00376525399575
280.42 0.00381676393873
280.43 0.00386944325072
280.44 0.00392332811248
280.45 0.00397845610878
280.46 0.00403486629371
280.47 0.00409259925948
280.48 0.00415169720905
280.49 0.00421220403263
280.5 0.00427416538854
280.51 0.00433762878843
280.52 0.0044026436874
280.53 0.00446926157914
280.54 0.00453753609648
280.55 0.00460752311776
280.56 0.00467928087925
280.57 0.00475287009417
280.58 0.00482835407869
280.59 0.0049057988853
280.6 0.00498527344417
280.61 0.00506684971294
280.62 0.00515060283559
280.63 0.00523661131091
280.64 0.00532495717133
280.65 0.00541572617281
280.66 0.0055090079965
280.67 0.00560489646306
280.68 0.0057034897605
280.69 0.00580489068656
280.7 0.00590920690663
280.71 0.00601655122827
280.72 0.00612704189375
280.73 0.00624080289168
280.74 0.00635796428928
280.75 0.00647866258691
280.76 0.00660304109627
280.77 0.00673125034433
280.78 0.0068634485048
280.79 0.00699980185928
280.8 0.00714048529038
280.81 0.00728568280933
280.82 0.0074355881207
280.83 0.00759040522721
280.84 0.00775034907783
280.85 0.00791564626253
280.86 0.00808653575751
280.87 0.00826326972495
280.88 0.00844611437171
280.89 0.00863535087182
280.9 0.00883127635792
280.91 0.00903420498753
280.92 0.00924446909011
280.93 0.00946242040188
280.94 0.00968843139563
280.95 0.00992289671356
280.96 0.0101662347118
280.97 0.0104188891263
280.98 0.0106813308698
280.99 0.0109540599723
281.0 0.0112376076755
281.01 0.011532538696
281.02 0.0118394536706
281.03 0.0121589918002
281.04 0.0124918337081
281.05 0.0128387045312
281.06 0.0132003772653
281.07 0.0135776763826
281.08 0.0139714817477
281.09 0.0143827328537
281.1 0.0148124334057
281.11 0.0152616562791
281.12 0.0157315488816
281.13 0.0162233389497
281.14 0.0167383408108
281.15 0.0172779621431
281.16 0.0178437112674
281.17 0.018437205001
281.18 0.0190601771056
281.19 0.0197144873575
281.2 0.0204021312632
281.21 0.0211252504377
281.22 0.0218861436533
281.23 0.0226872785526
281.24 0.0235313040024
281.25 0.024421063039
281.26 0.0253596063259
281.27 0.0263502060001
281.28 0.0273963697295
281.29 0.0285018547342
281.3 0.0296706814333
281.31 0.0309071462654
281.32 0.0322158330854
281.33 0.0336016223618
281.34 0.0350696971688
281.35 0.0366255446944
281.36 0.0382749516368
281.37 0.0400239914484
281.38 0.0418790008848
281.39 0.0438465427151
281.4 0.045933350757
281.41 0.0481462525937
281.42 0.0504920644365
281.43 0.0529774516344
281.44 0.0556087473472
281.45 0.0583917209883
281.46 0.0613312873329
281.47 0.0644311468925
281.48 0.0676933485647
281.49 0.0711177670737
281.5 0.0747014908375
281.51 0.0784381212348
281.52 0.0823169924771
281.53 0.0863223330483
281.54 0.0904324053782
281.55 0.0946186800047
281.56 0.09884512305
281.57 0.10306769921
281.58 0.107234212811
281.59 0.11128462124
281.6 0.115151951118
281.61 0.118763920714
281.62 0.122045316594
281.63 0.124921087484
281.64 0.127320010104
281.65 0.129178665781
281.66 0.130445366459
281.67 0.131083611049
281.68 0.131074660514
281.69 0.130418902121
281.7 0.129135820981
281.71 0.127262582714
281.72 0.124851416004
281.73 0.121966129267
281.74 0.118678174765
281.75 0.115062678049
281.76 0.11119479075
281.77 0.107146623381
281.78 0.102984898806
281.79 0.0987693594677
281.8 0.0945518775733
281.81 0.0903761631577
281.82 0.0862779390896
281.83 0.0822854489403
281.84 0.0784201758504
281.85 0.0746976711036
281.86 0.0711284145208
281.87 0.0677186512701
281.88 0.0644711691299
281.89 0.0613859957899
281.9 0.0584610073755
281.91 0.055692447488
281.92 0.0530753612877
281.93 0.050603952192
281.94 0.0482718702134
281.95 0.0460724413367
281.96 0.0439988470166
281.97 0.0420442621574
281.98 0.0402019590177
281.99 0.0384653835008
282.0 0.0368282093296
282.01 0.0352843747138
282.02 0.0338281053175
282.03 0.0324539266437
282.04 0.0311566683574
282.05 0.0299314625701
282.06 0.028773737696
282.07 0.0276792091506
282.08 0.0266438678821
282.09 0.0256639675085
282.1 0.0247360106479
282.11 0.02385673489
282.12 0.0230230987428
282.13 0.0222322677994
282.14 0.0214816012988
282.15 0.0207686392027
282.16 0.0200910898671
282.17 0.0194468183553
282.18 0.0188338354164
282.19 0.0182502871336
282.2 0.0176944452349
282.21 0.0171646980489
282.22 0.0166595420806
282.23 0.0161775741813
282.24 0.0157174842788
282.25 0.015278048638
282.26 0.0148581236182
282.27 0.0144566398947
282.28 0.0140725971141
282.29 0.0137050589513
282.3 0.0133531485404
282.31 0.0130160442526
282.32 0.0126929757925
282.33 0.0123832205918
282.34 0.0120861004753
282.35 0.0118009785793
282.36 0.011527256502
282.37 0.0112643716687
282.38 0.0110117948939
282.39 0.0107690281257
282.4 0.010535602357
282.41 0.0103110756925
282.42 0.0100950315563
282.43 0.0098870770319
282.44 0.00968684132229
282.45 0.00949397432164
282.46 0.00930814528967
282.47 0.00912904162074
282.48 0.0089563677003
282.49 0.00878984384203
282.5 0.00862920529947
282.51 0.00847420134644
282.52 0.00832459442103
282.53 0.00818015932835
282.54 0.00804068249771
282.55 0.00790596129
282.56 0.00777580335173
282.57 0.00765002601209
282.58 0.00752845572013
282.59 0.0074109275188
282.6 0.00729728455349
282.61 0.00718737761242
282.62 0.00708106469659
282.63 0.00697821061729
282.64 0.00687868661911
282.65 0.00678237002678
282.66 0.00668914391401
282.67 0.00659889679302
282.68 0.00651152232316
282.69 0.00642691903735
282.7 0.00634499008522
282.71 0.00626564299174
282.72 0.00618878943031
282.73 0.00611434500934
282.74 0.00604222907153
282.75 0.00597236450483
282.76 0.00590467756451
282.77 0.00583909770549
282.78 0.0057755574243
282.79 0.00571399211014
282.8 0.00565433990432
282.81 0.00559654156763
282.82 0.00554054035522
282.83 0.0054862818983
282.84 0.00543371409252
282.85 0.00538278699242
282.86 0.0053334527116
282.87 0.00528566532837
282.88 0.0052393807965
282.89 0.00519455686066
282.9 0.00515115297647
282.91 0.00510913023472
282.92 0.00506845128958
282.93 0.00502908029064
282.94 0.00499098281839
282.95 0.0049541258231
282.96 0.00491847756689
282.97 0.00488400756863
282.98 0.00485068655184
282.99 0.00481848639507
283.0 0.0047873800849
283.01 0.00475734167124
283.02 0.00472834622492
283.03 0.00470036979735
283.04 0.00467338938223
283.05 0.00464738287912
283.06 0.00462232905887
283.07 0.00459820753067
283.08 0.0045749987108
283.09 0.00455268379288
283.1 0.00453124471957
283.11 0.00451066415564
283.12 0.00449092546244
283.13 0.00447201267351
283.14 0.00445391047144
283.15 0.00443660416585
283.16 0.00442007967247
283.17 0.0044043234932
283.18 0.00438932269721
283.19 0.0043750649029
283.2 0.00436153826082
283.21 0.0043487314374
283.22 0.00433663359954
283.23 0.0043252343999
283.24 0.00431452396302
283.25 0.00430449287211
283.26 0.00429513215653
283.27 0.00428643327992
283.28 0.00427838812899
283.29 0.0042709890029
283.3 0.00426422860317
283.31 0.0042581000243
283.32 0.00425259674474
283.33 0.00424771261854
283.34 0.00424344186742
283.35 0.00423977907336
283.36 0.00423671917166
283.37 0.00423425744447
283.38 0.00423238951472
283.39 0.00423111134058
283.4 0.0042304192102
283.41 0.00423030973703
283.42 0.00423077985543
283.43 0.00423182681667
283.44 0.00423344818541
283.45 0.00423564183647
283.46 0.00423840595202
283.47 0.00424173901914
283.48 0.0042456398277
283.49 0.00425010746867
283.5 0.00425514133277
283.51 0.00426074110939
283.52 0.00426690678602
283.53 0.0042736386479
283.54 0.00428093727809
283.55 0.00428880355789
283.56 0.0042972386676
283.57 0.00430624408764
283.58 0.00431582160006
283.59 0.0043259732904
283.6 0.00433670154987
283.61 0.00434800907804
283.62 0.00435989888574
283.63 0.0043723742985
283.64 0.00438543896031
283.65 0.00439909683779
283.66 0.00441335222483
283.67 0.00442820974757
283.68 0.00444367436992
283.69 0.00445975139947
283.7 0.00447644649388
283.71 0.00449376566778
283.72 0.00451171530011
283.73 0.00453030214207
283.74 0.00454953332553
283.75 0.00456941637201
283.76 0.00458995920231
283.77 0.00461117014664
283.78 0.00463305795548
283.79 0.00465563181103
283.8 0.00467890133938
283.81 0.00470287662339
283.82 0.00472756821638
283.83 0.00475298715646
283.84 0.00477914498191
283.85 0.00480605374723
283.86 0.00483372604022
283.87 0.00486217499998
283.88 0.00489141433597
283.89 0.00492145834803
283.9 0.00495232194769
283.91 0.00498402068049
283.92 0.00501657074969
283.93 0.00504998904126
283.94 0.0050842931502
283.95 0.00511950140845
283.96 0.00515563291433
283.97 0.00519270756356
283.98 0.00523074608219
283.99 0.00526977006123
284.0 0.00530980199338
284.01 0.00535086531182
284.02 0.00539298443119
284.03 0.00543618479103
284.04 0.00548049290165
284.05 0.00552593639271
284.06 0.00557254406474
284.07 0.00562034594357
284.08 0.00566937333806
284.09 0.00571965890136
284.1 0.00577123669576
284.11 0.00582414226152
284.12 0.0058784126899
284.13 0.00593408670077
284.14 0.0059912047249
284.15 0.00604980899148
284.16 0.00610994362121
284.17 0.00617165472515
284.18 0.00623499051004
284.19 0.00630000139036
284.2 0.00636674010764
284.21 0.00643526185769
284.22 0.00650562442612
284.23 0.00657788833297
284.24 0.00665211698705
284.25 0.00672837685069
284.26 0.00680673761575
284.27 0.00688727239179
284.28 0.00697005790725
284.29 0.00705517472473
284.3 0.00714270747141
284.31 0.00723274508596
284.32 0.00732538108304
284.33 0.007420713837
284.34 0.00751884688615
284.35 0.0076198892595
284.36 0.00772395582751
284.37 0.00783116767919
284.38 0.00794165252727
284.39 0.00805554514428
284.4 0.00817298783168
284.41 0.00829413092499
284.42 0.00841913333808
284.43 0.00854816314953
284.44 0.00868139823502
284.45 0.00881902694938
284.46 0.00896124886249
284.47 0.00910827555368
284.48 0.00926033146952
284.49 0.00941765485016
284.5 0.00958049873013
284.51 0.00974913201957
284.52 0.00992384067265
284.53 0.01010492895
284.54 0.0102927207828
284.55 0.0104875612466
284.56 0.0106898181525
284.57 0.0108998837651
284.58 0.0111181766565
284.59 0.0113451437036
284.6 0.0115812622403
284.61 0.0118270423714
284.62 0.0120830294577
284.63 0.0123498067794
284.64 0.0126279983828
284.65 0.012918272116
284.66 0.0132213428516
284.67 0.0135379758947
284.68 0.0138689905656
284.69 0.0142152639404
284.7 0.0145777347214
284.71 0.0149574071981
284.72 0.015355355239
284.73 0.0157727262361
284.74 0.0162107448939
284.75 0.0166707167197
284.76 0.0171540310273
284.77 0.0176621632122
284.78 0.018196675984
284.79 0.0187592191605
284.8 0.0193515275198
284.81 0.0199754160854
284.82 0.0206327720631
284.83 0.0213255424771
284.84 0.0220557163406
284.85 0.0228252999683
284.86 0.0236362837802
284.87 0.0244905986792
284.88 0.0253900598248
284.89 0.0263362954003
284.9 0.0273306578334
284.91 0.0283741149404
284.92 0.0294671187291
284.93 0.0306094502258
284.94 0.0318000398533
284.95 0.0330367647536
284.96 0.0343162272002
284.97 0.0356335220337
284.98 0.0369820059304
284.99 0.0383530871483
285.0 0.0397360607652
285.01 0.0411180205047
285.02 0.0424838827163
285.03 0.0438165591858
285.04 0.0450973111717
285.05 0.0463063055777
285.06 0.0474233745485
285.07 0.0484289527581
285.08 0.0493051353377
285.09 0.050036769263
285.1 0.0506124692109
285.11 0.0510254423524
285.12 0.0512740197436
285.13 0.0513618248223
285.14 0.051297556653
285.15 0.0510944174432
285.16 0.0507692594896
285.17 0.0503415570144
285.18 0.0498323186688
285.19 0.0492630474486
285.2 0.0486548313499
285.21 0.0480276173894
285.22 0.0473996906179
285.23 0.046787353646
285.24 0.0462047837168
285.25 0.0456640339746
285.26 0.0451751421696
285.27 0.0447463117398
285.28 0.0443841350057
285.29 0.0440938343986
285.3 0.0438795039798
285.31 0.0437443392187
285.32 0.0436908477231
285.33 0.0437210372412
285.34 0.0438365798644
285.35 0.0440389531006
285.36 0.0443295595441
285.37 0.044709827415
285.38 0.0451812944249
285.39 0.0457456773682
285.4 0.0464049296231
285.41 0.0471612884404
285.42 0.0480173135368
285.43 0.0489759181213
285.44 0.0500403930741
285.45 0.0512144245747
285.46 0.0525021050297
285.47 0.0539079366811
285.48 0.0554368267575
285.49 0.0570940724619
285.5 0.0588853334528
285.51 0.0608165887483
285.52 0.062894074175
285.53 0.0651241955675
285.54 0.0675134119312
285.55 0.0700680817194
285.56 0.0727942643115
285.57 0.075697467796
285.58 0.0787823334157
285.59 0.0820522467396
285.6 0.0855088661074
285.61 0.0891515605681
285.62 0.0929767529592
285.63 0.096977169591
285.64 0.101141006931
285.65 0.105451038388
285.66 0.109883701207
285.67 0.114408224456
285.68 0.118985883183
285.69 0.123569488507
285.7 0.128103244653
285.71 0.132523115598
285.72 0.136757838606
285.73 0.140730691727
285.74 0.144362061604
285.75 0.147572766033
285.76 0.150287969931
285.77 0.152441410718
285.78 0.153979544735
285.79 0.154865168826
285.8 0.155080083678
285.81 0.154626457186
285.82 0.153526706084
285.83 0.15182191214
285.84 0.149568983864
285.85 0.14683692527
285.86 0.143702652412
285.87 0.140246798671
285.88 0.136549882865
285.89 0.132689105126
285.9 0.128735912353
285.91 0.124754362232
285.92 0.120800227619
285.93 0.116920727488
285.94 0.113154744834
285.95 0.109533389854
285.96 0.10608078033
285.97 0.10281493335
285.98 0.099748687293
285.99 0.096890596717
286.0 0.0942457631488
286.01 0.0918165809939
286.02 0.0896033898314
286.03 0.0876050327292
286.04 0.0858193255774
286.05 0.0842434455166
286.06 0.0828742479447
286.07 0.0817085218725
286.08 0.0807431929466
286.09 0.0799754825833
286.1 0.0794030305459
286.11 0.0790239871006
286.12 0.0788370796704
286.13 0.0788416577168
286.14 0.0790377184365
286.15 0.0794259147506
286.16 0.0800075459849
286.17 0.0807845305619
286.18 0.0817593589344
286.19 0.0829350238624
286.2 0.0843149239579
286.21 0.085902735196
286.22 0.0877022438299
286.23 0.0897171328991
286.24 0.0919507133708
286.25 0.0944055900416
286.26 0.0970832518791
286.27 0.0999835768014
286.28 0.103104242419
286.29 0.10644003755
286.3 0.109982075023
286.31 0.113716915214
286.32 0.117625622493
286.33 0.121682794015
286.34 0.125855621788
286.35 0.130103074018
286.36 0.134375307889
286.37 0.138613449187
286.38 0.142749888323
286.39 0.146709239664
286.4 0.150410083318
286.41 0.153767549224
286.42 0.156696710831
286.43 0.159116636288
286.44 0.160954815255
286.45 0.162151564987
286.46 0.162663949975
286.47 0.162468751329
286.48 0.161564107186
286.49 0.159969605523
286.5 0.157724816475
286.51 0.154886459692
286.52 0.151524569769
286.53 0.147718117771
286.54 0.143550558433
286.55 0.139105710686
286.56 0.134464268442
286.57 0.129701109172
286.58 0.124883446061
286.59 0.120069773266
286.6 0.11530949044
286.61 0.110643061418
286.62 0.106102556752
286.63 0.101712442316
286.64 0.0974904987435
286.65 0.0934487825326
286.66 0.0895945649806
286.67 0.0859312071602
286.68 0.0824589468958
286.69 0.0791755869991
286.7 0.0760770833771
286.71 0.0731580377049
286.72 0.0704121029293
286.73 0.0678323116138
286.74 0.0654113376342
286.75 0.0631417014265
286.76 0.0610159282112
286.77 0.0590266676052
286.78 0.0571667819347
286.79 0.0554294094846
286.8 0.0538080079164
286.81 0.052296382187
286.82 0.0508887005148
286.83 0.0495795012713
286.84 0.0483636931087
286.85 0.0472365501681
286.86 0.0461937038263
286.87 0.0452311321259
286.88 0.0443451477816
286.89 0.0435323854504
286.9 0.0427897887948
286.91 0.0421145977376
286.92 0.0415043362094
286.93 0.0409568006097
286.94 0.0404700491448
286.95 0.0400423921566
286.96 0.0396723835247
286.97 0.0393588131957
286.98 0.0391007008764
286.99 0.0388972909122
287.0 0.0387480483637
287.01 0.0386526562863
287.02 0.038611014213
287.03 0.0386232378372
287.04 0.0386896598886
287.05 0.0388108321906
287.06 0.0389875288849
287.07 0.039220750799
287.08 0.0395117309262
287.09 0.0398619409721
287.1 0.0402730989033
287.11 0.0407471774093
287.12 0.0412864131551
287.13 0.0418933166575
287.14 0.0425706825588
287.15 0.0433215999989
287.16 0.044149462689
287.17 0.0450579781675
287.18 0.0460511755671
287.19 0.0471334110232
287.2 0.0483093696192
287.21 0.0495840624615
287.22 0.0509628171142
287.23 0.0524512591833
287.24 0.0540552823081
287.25 0.0557810031927
287.26 0.0576346975833
287.27 0.059622712272
287.28 0.0617513472977
287.29 0.064026701557
287.3 0.0664544740933
287.31 0.0690397125036
287.32 0.0717864993545
287.33 0.074697567466
287.34 0.0777738357285
287.35 0.0810138592097
287.36 0.0844131912136
287.37 0.0879636613254
287.38 0.0916525829466
287.39 0.0954619169741
287.4 0.0993674353361
287.41 0.103337948706
287.42 0.107334685509
287.43 0.111310931503
287.44 0.115212056315
287.45 0.118976059098
287.46 0.122534752788
287.47 0.125815668589
287.48 0.128744695223
287.49 0.131249373266
287.5 0.133262653208
287.51 0.134726815898
287.52 0.13559717058
287.53 0.135845114591
287.54 0.135460177297
287.55 0.134450781071
287.56 0.132843616911
287.57 0.130681718794
287.58 0.128021489481
287.59 0.124929047279
287.6 0.121476309146
287.61 0.117737200767
287.62 0.113784304944
287.63 0.109686151085
287.64 0.105505236126
287.65 0.101296770621
287.66 0.0971080737434
287.67 0.0929785002888
287.68 0.0889397678069
287.69 0.0850165562924
287.7 0.0812272691177
287.71 0.0775848657866
287.72 0.0740976999699
287.73 0.0707703171927
287.74 0.0676041839892
287.75 0.0645983338709
287.76 0.0617499252786
287.77 0.059054713334
287.78 0.0565074413332
287.79 0.054102160167
287.8 0.0518324847711
287.81 0.0496917967388
287.82 0.0476734017219
287.83 0.0457706494379
287.84 0.0439770231586
287.85 0.0422862045981
287.86 0.0406921191992
287.87 0.0391889659834
287.88 0.0377712353898
287.89 0.0364337178943
287.9 0.0351715056578
287.91 0.0339799890034
287.92 0.0328548491481
287.93 0.0317920483112
287.94 0.0307878180731
287.95 0.029838646659
287.96 0.0289412656636
287.97 0.0280926366056
287.98 0.0272899376009
287.99 0.026530550365
288.0 0.0258120476936
288.01 0.0251321815242
288.02 0.0244888716435
288.03 0.023880195079
288.04 0.0233043761919
288.05 0.0227597774738
288.06 0.0222448910365
288.07 0.0217583307783
288.08 0.0212988252034
288.09 0.0208652108663
288.1 0.0204564264126
288.11 0.0200715071828
288.12 0.0197095803461
288.13 0.0193698605307
288.14 0.0190516459114
288.15 0.0187543147184
288.16 0.0184773221242
288.17 0.0182201974635
288.18 0.0179825417343
288.19 0.0177640253212
288.2 0.0175643858723
288.21 0.0173834262459
288.22 0.0172210124293
288.23 0.0170770713085
288.24 0.0169515881412
288.25 0.016844603553
288.26 0.0167562098375
288.27 0.0166865462904
288.28 0.0166357932524
288.29 0.0166041644703
288.3 0.0165918973089
288.31 0.0165992402658
288.32 0.0166264371574
288.33 0.0166737072595
288.34 0.0167412206217
288.35 0.0168290677304
288.36 0.016937222714
288.37 0.0170654993766
288.38 0.0172134995692
288.39 0.017380553807
288.4 0.0175656546676
288.41 0.0177673844317
288.42 0.0179838396782
288.43 0.0182125571526
288.44 0.0184504471253
288.45 0.0186937424976
288.46 0.0189379738172
288.47 0.0191779816935
288.48 0.0194079782648
288.49 0.0196216677345
288.5 0.0198124319919
288.51 0.0199735807201
288.52 0.0200986565084
288.53 0.0201817754032
288.54 0.0202179739148
288.55 0.0202035270381
288.56 0.0201362005223
288.57 0.0200154056945
288.58 0.0198422363698
288.59 0.0196193828407
288.6 0.0193509344595
288.61 0.0190420964235
288.62 0.0186988552751
288.63 0.0183276300792
288.64 0.0179349426401
288.65 0.0175271321984
288.66 0.0171101301003
288.67 0.016689300148
288.68 0.0162693422769
288.69 0.0158542516368
288.7 0.015447322155
288.71 0.0150511828143
288.72 0.0146678555936
288.73 0.0142988256336
288.74 0.0139451162
288.75 0.0136073630232
288.76 0.0132858843923
288.77 0.0129807448434
288.78 0.0126918114025
288.79 0.0124188021393
288.8 0.0121613273148
288.81 0.0119189237174
288.82 0.0116910829384
288.83 0.011477274379
288.84 0.0112769637456
288.85 0.0110896277095
288.86 0.0109147652922
288.87 0.0107519064178
288.88 0.0106006179479
288.89 0.0104605074097
288.9 0.0103312245451
288.91 0.0102124607716
288.92 0.0101039466552
288.93 0.0100054475694
288.94 0.00991675783407
288.95 0.00983769378478
288.96 0.00976808637764
288.97 0.00970777404615
288.98 0.00965659654775
288.99 0.00961439044446
289.0 0.00958098665094
289.01 0.00955621018509
289.02 0.00953988192953
289.03 0.00953182192218
289.04 0.00953185349643
289.05 0.00953980751674
289.06 0.00955552600063
289.07 0.00957886455594
289.08 0.00960969325177
289.09 0.00964789574325
289.1 0.00969336665668
289.11 0.00974600739878
289.12 0.00980572068515
289.13 0.00987240419696
289.14 0.0099459438866
289.15 0.0100262075708
289.16 0.0101130395756
289.17 0.0102062573194
289.18 0.0103056508123
289.19 0.0104109860673
289.2 0.0105220133188
289.21 0.0106384806646
289.22 0.0107601532726
289.23 0.0108868376189
289.24 0.0110184094261
289.25 0.0111548431731
289.26 0.011296240433
289.27 0.0114428540431
289.28 0.011595105354
289.29 0.011753592564
289.3 0.0119190893019
289.31 0.0120925339514
289.32 0.0122750114255
289.33 0.0124677299493
289.34 0.0126719957595
289.35 0.0128891884526
289.36 0.0131207391465
289.37 0.0133681128089
289.38 0.0136327952634
289.39 0.013916284624
289.4 0.014220086337
289.41 0.0145457106231
289.42 0.0148946709042
289.43 0.0152684817085
289.44 0.0156686545274
289.45 0.0160966900978
289.46 0.0165540655758
289.47 0.0170422150228
289.48 0.0175625015555
289.49 0.018116179414
289.5 0.0187043441068
289.51 0.0193278687408
289.52 0.0199873246866
289.53 0.020682884952
289.54 0.0214142091226
289.55 0.0221803096149
289.56 0.0229794003959
289.57 0.0238087313967
289.58 0.0246644147019
289.59 0.0255412522565
289.6 0.0264325792121
289.61 0.0273301417945
289.62 0.0282240330973
289.63 0.0291027134939
289.64 0.029953143084
289.65 0.0307610502434
289.66 0.0315113515731
289.67 0.0321887236827
289.68 0.032778306889
289.69 0.0332664974388
289.7 0.0336417624344
289.71 0.0338953955934
289.72 0.0340221274905
289.73 0.0340205142535
289.74 0.0338930536567
289.75 0.0336460130288
289.76 0.0332889921759
289.77 0.0328342783982
289.78 0.0322960729213
289.79 0.0316896753182
289.8 0.0310307053489
289.81 0.0303344238765
289.82 0.0296151914701
289.83 0.0288860801734
289.84 0.0281586345273
289.85 0.027442764287
289.86 0.0267467436598
289.87 0.0260772894667
289.88 0.025439691976
289.89 0.0248379757698
289.9 0.024275072629
289.91 0.0237529931247
289.92 0.0232729878368
289.93 0.0228356926003
289.94 0.0224412548489
289.95 0.0220894400379
289.96 0.0217797184078
289.97 0.0215113331455
289.98 0.0212833514446
289.99 0.0210947001921
290.0 0.020944188121
290.01 0.0208305163494
290.02 0.0207522793489
290.03 0.0207079585959
290.04 0.0206959114828
290.05 0.0207143585087
290.06 0.0207613722826
290.07 0.0208348723842
290.08 0.0209326304914
290.09 0.0210522902195
290.1 0.0211914056077
290.11 0.0213475009423
290.12 0.0215181525064
290.13 0.0217010899728
290.14 0.0218943117909
290.15 0.0220962056312
290.16 0.0223056624596
290.17 0.0225221718597
290.18 0.0227458873082
290.19 0.0229776533047
290.2 0.0232189910698
290.21 0.0234720450354
290.22 0.0237394973946
290.23 0.0240244615617
290.24 0.0243303669105
290.25 0.0246608465739
290.26 0.0250196378194
290.27 0.0254105012924
290.28 0.0258371619881
290.29 0.0263032717816
290.3 0.0268123910674
290.31 0.0273679856456
290.32 0.0279734343498
290.33 0.0286320428749
290.34 0.0293470595952
290.35 0.0301216896976
290.36 0.0309591045395
290.37 0.0318624436946
290.38 0.0328348076486
290.39 0.0338792395498
290.4 0.0349986948496
290.41 0.036195998125
290.42 0.0374737869301
290.43 0.0388344431917
290.44 0.0402800134839
290.45 0.0418121204259
290.46 0.0434318683494
290.47 0.0451397470671
290.48 0.0469355377379
290.49 0.0488182241218
290.5 0.0507859105837
290.51 0.0528357448613
290.52 0.0549638389883
290.53 0.0571651765158
290.54 0.0594334895482
290.55 0.0617610868827
290.56 0.0641386166593
290.57 0.0665547549778
290.58 0.0689958264853
290.59 0.0714453830185
290.6 0.0738837893507
290.61 0.0762878868596
290.62 0.0786308216507
290.63 0.0808821285548
290.64 0.0830081526075
290.65 0.0849728630503
290.66 0.0867390720425
290.67 0.0882700149146
290.68 0.0895311883022
290.69 0.090492287455
290.7 0.0911290465493
290.71 0.0914247768211
290.72 0.0913714228679
290.73 0.0909700160366
290.74 0.0902304853509
290.75 0.0891708743214
290.76 0.087816087489
290.77 0.0861963384166
290.78 0.0843454836645
290.79 0.0822994072173
290.8 0.0800945769071
290.81 0.0777668424432
290.82 0.0753504967706
290.83 0.0728775872973
290.84 0.0703774440321
290.85 0.0678763858992
290.86 0.0653975696661
290.87 0.0629609528344
290.88 0.06058334856
290.89 0.0582785552024
290.9 0.0560575452236
290.91 0.0539286986551
290.92 0.0518980663264
290.93 0.0499696483708
290.94 0.0481456746104
290.95 0.0464268753119
290.96 0.0448127332469
290.97 0.0433017106586
290.98 0.0418914473304
290.99 0.0405789282586
291.0 0.0393606213588
291.01 0.0382325871705
291.02 0.0371905637354
291.03 0.0362300307857
291.04 0.0353462581862
291.05 0.0345343442535
291.06 0.0337892501175
291.07 0.0331058365742
291.08 0.0324789097209
291.09 0.0319032808116
291.1 0.031373844015
291.11 0.0308856729794
291.12 0.0304341334622
291.13 0.0300150051931
291.14 0.0296246023704
291.15 0.0292598796363
291.16 0.0289185098901
291.17 0.0285989223224
291.18 0.0283002934498
291.19 0.0280224898996
291.2 0.0277659679832
291.21 0.0275316403758
291.22 0.0273207234757
291.23 0.0271345798414
291.24 0.02697456875
291.25 0.026841915109
291.26 0.0267376036143
291.27 0.0266623019814
291.28 0.0266163148096
291.29 0.0265995682798
291.3 0.0266116252219
291.31 0.0266517296718
291.32 0.0267188793484
291.33 0.0268119231084
291.34 0.0269296782089
291.35 0.0270710593093
291.36 0.0272352081192
291.37 0.0274216102479
291.38 0.0276301849933
291.39 0.0278613351249
291.4 0.0281159473004
291.41 0.0283953391104
291.42 0.0287011548885
291.43 0.029035218153
291.44 0.029399352835
291.45 0.0297951877487
291.46 0.0302239591117
291.47 0.0306863248675
291.48 0.0311822028561
291.49 0.0317106432322
291.5 0.0322697443587
291.51 0.0328566207039
291.52 0.033467430643
291.53 0.0340974707949
291.54 0.0347413407994
291.55 0.0353931775607
291.56 0.0360469507136
291.57 0.0366968018514
291.58 0.037337400191
291.59 0.037964278898
291.6 0.0385741116615
291.61 0.0391648903724
291.62 0.0397359729143
291.63 0.0402879844855
291.64 0.0408225741885
291.65 0.0413420473944
291.66 0.0418489099739
291.67 0.042345370183
291.68 0.0428328467332
291.69 0.0433115280593
291.7 0.0437800200595
291.71 0.044235110118
291.72 0.0446716661786
291.73 0.045082682122
291.74 0.0454594745524
291.75 0.0457920300659
291.76 0.0460694944056
291.77 0.0462807841954
291.78 0.0464152879611
291.79 0.0464636074212
291.8 0.0464182757981
291.81 0.0462743813963
291.82 0.0460300258258
291.83 0.0456865591498
291.84 0.0452485581575
291.85 0.0447235451179
291.86 0.044121476792
291.87 0.0434540607533
291.88 0.0427339731709
291.89 0.0419740569214
291.9 0.0411865720595
291.91 0.0403825555561
291.92 0.0395713281588
291.93 0.0387601672873
291.94 0.0379541488815
291.95 0.0371561492817
291.96 0.0363669903765
291.97 0.035585706339
291.98 0.0348099069398
291.99 0.0340362095893
292.0 0.0332607094
292.01 0.03247945393
292.02 0.0316888877675
292.03 0.0308862330151
292.04 0.0300697761995
292.05 0.0292390406567
292.06 0.0283948354611
292.07 0.0275391857958
292.08 0.0266751628408
292.09 0.0258066413198
292.1 0.0249380180221
292.11 0.0240739243777
292.12 0.0232189612507
292.13 0.0223774761761
292.14 0.0215533942592
292.15 0.0207501056119
292.16 0.019970405658
292.17 0.0192164803756
292.18 0.0184899264793
292.19 0.0177917962515
292.2 0.0171226576512
292.21 0.0164826619069
292.22 0.0158716126229
292.23 0.0152890321748
292.24 0.0147342226947
292.25 0.0142063201614
292.26 0.0137043410179
292.27 0.013227221369
292.28 0.0127738492192
292.29 0.0123430904338
292.3 0.0119338092128
292.31 0.0115448838804
292.32 0.0111752187552
292.33 0.0108237527946
292.34 0.0104894656267
292.35 0.0101713814941
292.36 0.00986857155183
292.37 0.00958015488839
292.38 0.00930529856904
292.39 0.00904321694756
292.4 0.00879317044173
292.41 0.00855446392897
292.42 0.00832644488519
292.43 0.00810850136289
292.44 0.00790005988254
292.45 0.00770058329371
292.46 0.00750956864815
292.47 0.00732654511586
292.48 0.00715107196635
292.49 0.00698273663025
292.5 0.00682115285125
292.51 0.00666595893385
292.52 0.0065168160898
292.53 0.00637340688319
292.54 0.00623543377288
292.55 0.00610261774941
292.56 0.00597469706287
292.57 0.0058514260376
292.58 0.0057325739691
292.59 0.00561792409865
292.6 0.00550727266082
292.61 0.0054004279992
292.62 0.005297209746
292.63 0.00519744806086
292.64 0.00510098292497
292.65 0.0050076634864
292.66 0.00491734745288
292.67 0.0048299005287
292.68 0.00474519589221
292.69 0.00466311371114
292.7 0.00458354069259
292.71 0.00450636966541
292.72 0.0044314991922
292.73 0.00435883320888
292.74 0.00428828068966
292.75 0.0042197553355
292.76 0.00415317528431
292.77 0.00408846284117
292.78 0.00402554422716
292.79 0.00396434934531
292.8 0.0039048115625
292.81 0.00384686750602
292.82 0.00379045687371
292.83 0.0037355222568
292.84 0.00368200897434
292.85 0.00362986491856
292.86 0.00357904041017
292.87 0.00352948806307
292.88 0.00348116265768
292.89 0.00343402102232
292.9 0.00338802192205
292.91 0.00334312595444
292.92 0.00329929545186
292.93 0.00325649438971
292.94 0.00321468830033
292.95 0.00317384419201
292.96 0.003133930473
292.97 0.00309491687992
292.98 0.00305677441053
292.99 0.00301947526033
293.0 0.00298299276292
293.01 0.00294730133379
293.02 0.00291237641732
293.03 0.00287819443679
293.04 0.00284473274726
293.05 0.00281196959101
293.06 0.00277988405549
293.07 0.00274845603363
293.08 0.00271766618625
293.09 0.00268749590659
293.1 0.00265792728662
293.11 0.00262894308532
293.12 0.00260052669853
293.13 0.00257266213041
293.14 0.00254533396638
293.15 0.00251852734755
293.16 0.0024922279463
293.17 0.00246642194331
293.18 0.00244109600558
293.19 0.00241623726564
293.2 0.00239183330184
293.21 0.00236787211949
293.22 0.00234434213307
293.23 0.00232123214923
293.24 0.00229853135061
293.25 0.00227622928047
293.26 0.0022543158281
293.27 0.00223278121479
293.28 0.00221161598063
293.29 0.00219081097176
293.3 0.00217035732837
293.31 0.00215024647316
293.32 0.00213047010033
293.33 0.00211102016514
293.34 0.00209188887385
293.35 0.0020730686742
293.36 0.00205455224626
293.37 0.00203633249371
293.38 0.00201840253549
293.39 0.00200075569784
293.4 0.00198338550665
293.41 0.00196628568018
293.42 0.00194945012204
293.43 0.00193287291458
293.44 0.00191654831237
293.45 0.00190047073619
293.46 0.00188463476707
293.47 0.00186903514066
293.48 0.00185366674189
293.49 0.00183852459974
293.5 0.00182360388228
293.51 0.00180889989192
293.52 0.00179440806084
293.53 0.00178012394658
293.54 0.00176604322785
293.55 0.00175216170044
293.56 0.00173847527341
293.57 0.00172497996527
293.58 0.00171167190043
293.59 0.00169854730575
293.6 0.00168560250721
293.61 0.00167283392673
293.62 0.00166023807907
293.63 0.00164781156891
293.64 0.00163555108798
293.65 0.00162345341234
293.66 0.00161151539973
293.67 0.00159973398704
293.68 0.00158810618784
293.69 0.00157662909007
293.7 0.00156529985371
293.71 0.00155411570865
293.72 0.00154307395253
293.73 0.00153217194873
293.74 0.0015214071244
293.75 0.00151077696855
293.76 0.00150027903028
293.77 0.00148991091692
293.78 0.00147967029242
293.79 0.00146955487565
293.8 0.00145956243884
293.81 0.00144969080602
293.82 0.00143993785156
293.83 0.00143030149875
293.84 0.00142077971838
293.85 0.00141137052742
293.86 0.00140207198776
293.87 0.00139288220489
293.88 0.00138379932677
293.89 0.0013748215426
293.9 0.00136594708172
293.91 0.00135717421251
293.92 0.00134850124133
293.93 0.00133992651148
293.94 0.00133144840224
293.95 0.0013230653279
293.96 0.00131477573678
293.97 0.00130657811042
293.98 0.00129847096263
293.99 0.00129045283867
294.0 0.00128252231443
294.01 0.00127467799567
294.02 0.00126691851717
294.03 0.00125924254208
294.04 0.0012516487611
294.05 0.00124413589186
294.06 0.00123670267821
294.07 0.00122934788952
294.08 0.00122207032012
294.09 0.00121486878859
294.1 0.00120774213724
294.11 0.00120068923146
294.12 0.00119370895918
294.13 0.00118680023032
294.14 0.00117996197626
294.15 0.00117319314928
294.16 0.00116649272212
294.17 0.00115985968742
294.18 0.00115329305731
294.19 0.00114679186288
294.2 0.00114035515378
294.21 0.00113398199777
294.22 0.00112767148028
294.23 0.00112142270401
294.24 0.00111523478853
294.25 0.00110910686986
294.26 0.00110303810015
294.27 0.00109702764724
294.28 0.00109107469436
294.29 0.00108517843973
294.3 0.00107933809627
294.31 0.00107355289121
294.32 0.00106782206583
294.33 0.0010621448751
294.34 0.00105652058739
294.35 0.00105094848417
294.36 0.00104542785974
294.37 0.00103995802092
294.38 0.00103453828678
294.39 0.00102916798838
294.4 0.00102384646853
294.41 0.00101857308148
294.42 0.00101334719273
294.43 0.00100816817877
294.44 0.00100303542683
294.45 0.000997948334655
294.46 0.00099290631031
294.47 0.000987908771926
294.48 0.000982955147511
294.49 0.000978044874732
294.5 0.000973177400719
294.51 0.000968352181867
294.52 0.000963568683644
294.53 0.000958826380403
294.54 0.0009541247552
294.55 0.000949463299618
294.56 0.00094484151359
294.57 0.000940258905232
294.58 0.000935714990677
294.59 0.000931209293913
294.6 0.000926741346625
294.61 0.000922310688043
294.62 0.00091791686479
294.63 0.000913559430735
294.64 0.000909237946854
294.65 0.000904951981083
294.66 0.00090070110819
294.67 0.000896484909633
294.68 0.000892302973437
294.69 0.000888154894062
294.7 0.000884040272281
294.71 0.000879958715057
294.72 0.000875909835426
294.73 0.000871893252381
294.74 0.000867908590756
294.75 0.000863955481117
294.76 0.000860033559656
294.77 0.000856142468081
294.78 0.000852281853515
294.79 0.000848451368394
294.8 0.000844650670367
294.81 0.000840879422204
294.82 0.000837137291694
294.83 0.000833423951559
294.84 0.00082973907936
294.85 0.000826082357408
294.86 0.00082245347268
294.87 0.000818852116734
294.88 0.000815277985624
294.89 0.000811730779818
294.9 0.000808210204124
294.91 0.000804715967607
294.92 0.000801247783514
294.93 0.000797805369204
294.94 0.000794388446067
294.95 0.00079099673946
294.96 0.000787629978634
294.97 0.000784287896667
294.98 0.000780970230394
294.99 0.000777676720346
295.0 0.000774407110683
295.01 0.00077116114913
295.02 0.00076793858692
295.03 0.000764739178728
295.04 0.000761562682616
295.05 0.000758408859976
295.06 0.000755277475468
295.07 0.00075216829697
295.08 0.00074908109552
295.09 0.000746015645265
295.1 0.000742971723407
295.11 0.000739949110154
295.12 0.000736947588668
295.13 0.000733966945015
295.14 0.000731006968119
295.15 0.000728067449715
295.16 0.000725148184299
295.17 0.000722248969088
295.18 0.00071936960397
295.19 0.000716509891465
295.2 0.000713669636679
295.21 0.000710848647263
295.22 0.000708046733373
295.23 0.000705263707627
295.24 0.000702499385069
295.25 0.000699753583127
295.26 0.000697026121576
295.27 0.000694316822501
295.28 0.000691625510261
295.29 0.000688952011449
295.3 0.000686296154862
295.31 0.000683657771466
295.32 0.000681036694356
295.33 0.00067843275873
295.34 0.000675845801851
295.35 0.000673275663018
295.36 0.000670722183533
295.37 0.000668185206671
295.38 0.000665664577648
295.39 0.000663160143594
295.4 0.00066067175352
295.41 0.000658199258293
295.42 0.000655742510604
295.43 0.000653301364944
295.44 0.000650875677574
295.45 0.000648465306501
295.46 0.000646070111448
295.47 0.000643689953832
295.48 0.000641324696736
295.49 0.000638974204887
295.5 0.000636638344626
295.51 0.000634316983893
295.52 0.000632009992193
295.53 0.000629717240583
295.54 0.00062743860164
295.55 0.000625173949446
295.56 0.000622923159562
295.57 0.000620686109008
295.58 0.00061846267624
295.59 0.000616252741132
295.6 0.000614056184953
295.61 0.000611872890349
295.62 0.000609702741321
295.63 0.000607545623207
295.64 0.000605401422663
295.65 0.000603270027644
295.66 0.000601151327384
295.67 0.000599045212381
295.68 0.000596951574376
295.69 0.000594870306338
295.7 0.000592801302445
295.71 0.000590744458067
295.72 0.000588699669751
295.73 0.000586666835204
295.74 0.000584645853275
295.75 0.000582636623941
295.76 0.000580639048293
295.77 0.000578653028515
295.78 0.000576678467877
295.79 0.000574715270712
295.8 0.000572763342406
295.81 0.000570822589386
295.82 0.000568892919098
295.83 0.00056697424
295.84 0.000565066461548
295.85 0.000563169494177
295.86 0.000561283249295
295.87 0.000559407639263
295.88 0.000557542577389
295.89 0.00055568797791
295.9 0.000553843755982
295.91 0.000552009827667
295.92 0.000550186109923
295.93 0.000548372520589
295.94 0.000546568978375
295.95 0.000544775402852
295.96 0.000542991714437
295.97 0.000541217834385
295.98 0.000539453684779
295.99 0.000537699188516
296.0 0.000535954269296
296.01 0.000534218851616
296.02 0.000532492860756
296.03 0.000530776222771
296.04 0.000529068864479
296.05 0.000527370713453
296.06 0.00052568169801
296.07 0.000524001747203
296.08 0.00052233079081
296.09 0.000520668759326
296.1 0.000519015583953
296.11 0.000517371196593
296.12 0.000515735529835
296.13 0.000514108516953
296.14 0.000512490091889
296.15 0.000510880189253
296.16 0.000509278744309
296.17 0.000507685692969
296.18 0.000506100971784
296.19 0.000504524517939
296.2 0.000502956269239
296.21 0.000501396164109
296.22 0.000499844141581
296.23 0.000498300141288
296.24 0.000496764103456
296.25 0.000495235968901
296.26 0.000493715679014
296.27 0.000492203175761
296.28 0.000490698401673
296.29 0.000489201299839
296.3 0.000487711813901
296.31 0.000486229888045
296.32 0.000484755466996
296.33 0.000483288496012
296.34 0.000481828920875
296.35 0.000480376687889
296.36 0.00047893174387
296.37 0.00047749403614
296.38 0.000476063512526
296.39 0.000474640121346
296.4 0.00047322381141
296.41 0.000471814532013
296.42 0.000470412232925
296.43 0.00046901686439
296.44 0.000467628377119
296.45 0.000466246722285
296.46 0.000464871851516
296.47 0.000463503716892
296.48 0.000462142270938
296.49 0.00046078746662
296.5 0.000459439257338
296.51 0.000458097596925
296.52 0.000456762439637
296.53 0.000455433740152
296.54 0.000454111453563
296.55 0.000452795535375
296.56 0.000451485941499
296.57 0.000450182628248
296.58 0.000448885552332
296.59 0.000447594670853
296.6 0.000446309941302
296.61 0.000445031321555
296.62 0.000443758769866
296.63 0.000442492244866
296.64 0.000441231705555
296.65 0.000439977111303
296.66 0.00043872842184
296.67 0.000437485597258
296.68 0.000436248598001
296.69 0.000435017384866
296.7 0.000433791918997
296.71 0.000432572161881
296.72 0.000431358075345
296.73 0.000430149621551
296.74 0.000428946762995
296.75 0.000427749462499
296.76 0.000426557683212
296.77 0.000425371388604
296.78 0.000424190542463
296.79 0.000423015108892
296.8 0.000421845052305
296.81 0.000420680337423
296.82 0.000419520929272
296.83 0.00041836679318
296.84 0.000417217894772
296.85 0.000416074199968
296.86 0.000414935674981
296.87 0.000413802286311
296.88 0.000412674000744
296.89 0.000411550785349
296.9 0.000410432607474
296.91 0.000409319434744
296.92 0.000408211235057
296.93 0.000407107976583
296.94 0.000406009627759
296.95 0.000404916157288
296.96 0.000403827534134
296.97 0.000402743727522
296.98 0.000401664706933
296.99 0.000400590442103
297.0 0.00039952090302
297.01 0.00039845605992
297.02 0.000397395883287
297.03 0.000396340343846
297.04 0.000395289412567
297.05 0.000394243060657
297.06 0.000393201259561
297.07 0.000392163980956
297.08 0.000391131196751
297.09 0.000390102879088
297.1 0.000389079000331
297.11 0.000388059533072
297.12 0.000387044450124
297.13 0.000386033724522
297.14 0.000385027329517
297.15 0.000384025238577
297.16 0.000383027425383
297.17 0.000382033863829
297.18 0.000381044528016
297.19 0.000380059392255
297.2 0.00037907843106
297.21 0.000378101619149
297.22 0.000377128931443
297.23 0.000376160343059
297.24 0.000375195829314
297.25 0.000374235365719
297.26 0.000373278927979
297.27 0.00037232649199
297.28 0.000371378033837
297.29 0.000370433529795
297.3 0.000369492956324
297.31 0.000368556290066
297.32 0.000367623507847
297.33 0.000366694586676
297.34 0.000365769503736
297.35 0.000364848236391
297.36 0.000363930762179
297.37 0.000363017058811
297.38 0.000362107104172
297.39 0.000361200876315
297.4 0.000360298353462
297.41 0.000359399514006
297.42 0.0003585043365
297.43 0.000357612799664
297.44 0.000356724882381
297.45 0.000355840563694
297.46 0.000354959822804
297.47 0.000354082639072
297.48 0.000353208992014
297.49 0.000352338861301
297.5 0.00035147222676
297.51 0.000350609068365
297.52 0.000349749366245
297.53 0.000348893100676
297.54 0.000348040252082
297.55 0.000347190801034
297.56 0.000346344728249
297.57 0.000345502014585
297.58 0.000344662641044
297.59 0.00034382658877
297.6 0.000342993839044
297.61 0.000342164373288
297.62 0.00034133817306
297.63 0.000340515220055
297.64 0.000339695496101
297.65 0.000338878983161
297.66 0.00033806566333
297.67 0.000337255518832
297.68 0.000336448532024
297.69 0.00033564468539
297.7 0.000334843961542
297.71 0.000334046343216
297.72 0.000333251813278
297.73 0.000332460354713
297.74 0.000331671950633
297.75 0.000330886584269
297.76 0.000330104238975
297.77 0.000329324898222
297.78 0.000328548545603
297.79 0.000327775164826
297.8 0.000327004739715
297.81 0.000326237254213
297.82 0.000325472692374
297.83 0.000324711038367
297.84 0.000323952276473
297.85 0.000323196391084
297.86 0.000322443366704
297.87 0.000321693187945
297.88 0.000320945839528
297.89 0.000320201306282
297.9 0.000319459573142
297.91 0.000318720625149
297.92 0.000317984447448
297.93 0.000317251025291
297.94 0.000316520344028
297.95 0.000315792389115
297.96 0.000315067146108
297.97 0.000314344600662
297.98 0.000313624738535
297.99 0.000312907545579
298.0 0.000312193007747
298.01 0.000311481111089
298.02 0.000310771841748
298.03 0.000310065185966
298.04 0.000309361130077
298.05 0.000308659660509
298.06 0.000307960763785
298.07 0.000307264426516
298.08 0.000306570635409
298.09 0.000305879377257
298.1 0.000305190638946
298.11 0.00030450440745
298.12 0.00030382066983
298.13 0.000303139413236
298.14 0.000302460624905
298.15 0.000301784292159
298.16 0.000301110402406
298.17 0.000300438943137
298.18 0.000299769901929
298.19 0.000299103266442
298.2 0.000298439024416
298.21 0.000297777163677
298.22 0.000297117672127
298.23 0.000296460537754
298.24 0.000295805748622
298.25 0.000295153292874
298.26 0.000294503158735
298.27 0.000293855334503
298.28 0.000293209808558
298.29 0.000292566569353
298.3 0.000291925605418
298.31 0.00029128690536
298.32 0.000290650457858
298.33 0.000290016251667
298.34 0.000289384275614
298.35 0.000288754518602
298.36 0.000288126969602
298.37 0.00028750161766
298.38 0.000286878451891
298.39 0.000286257461482
298.4 0.000285638635691
298.41 0.000285021963842
298.42 0.00028440743533
298.43 0.00028379503962
298.44 0.000283184766242
298.45 0.000282576604795
298.46 0.000281970544943
298.47 0.000281366576417
298.48 0.000280764689015
298.49 0.000280164872599
298.5 0.000279567117094
298.51 0.000278971412493
298.52 0.000278377748848
298.53 0.000277786116279
298.54 0.000277196504963
298.55 0.000276608905145
298.56 0.000276023307127
298.57 0.000275439701274
298.58 0.000274858078013
298.59 0.000274278427828
298.6 0.000273700741265
298.61 0.000273125008928
298.62 0.000272551221483
298.63 0.000271979369649
298.64 0.000271409444207
298.65 0.000270841435994
298.66 0.000270275335904
298.67 0.000269711134889
298.68 0.000269148823953
298.69 0.000268588394161
298.7 0.00026802983663
298.71 0.000267473142532
298.72 0.000266918303094
298.73 0.000266365309598
298.74 0.000265814153377
298.75 0.00026526482582
298.76 0.000264717318368
298.77 0.000264171622512
298.78 0.000263627729798
298.79 0.000263085631822
298.8 0.000262545320231
298.81 0.000262006786725
298.82 0.000261470023052
298.83 0.00026093502101
298.84 0.000260401772449
298.85 0.000259870269266
298.86 0.000259340503407
298.87 0.000258812466868
298.88 0.000258286151692
298.89 0.000257761549972
298.9 0.000257238653844
298.91 0.000256717455495
298.92 0.000256197947158
298.93 0.000255680121112
298.94 0.000255163969682
298.95 0.000254649485238
298.96 0.000254136660197
298.97 0.00025362548702
298.98 0.000253115958214
298.99 0.000252608066327
299.0 0.000252101803956
299.01 0.000251597163738
299.02 0.000251094138355
299.03 0.000250592720531
299.04 0.000250092903034
299.05 0.000249594678675
299.06 0.000249098040305
299.07 0.000248602980818
299.08 0.00024810949315
299.09 0.000247617570279
299.1 0.000247127205221
299.11 0.000246638391035
299.12 0.000246151120821
299.13 0.000245665387717
299.14 0.000245181184901
299.15 0.000244698505593
299.16 0.00024421734305
299.17 0.000243737690568
299.18 0.000243259541482
299.19 0.000242782889166
299.2 0.000242307727031
299.21 0.000241834048526
299.22 0.00024136184714
299.23 0.000240891116395
299.24 0.000240421849854
299.25 0.000239954041114
299.26 0.00023948768381
299.27 0.000239022771613
299.28 0.00023855929823
299.29 0.000238097257403
299.3 0.000237636642911
299.31 0.000237177448567
299.32 0.000236719668219
299.33 0.00023626329575
299.34 0.000235808325079
299.35 0.000235354750156
299.36 0.000234902564968
299.37 0.000234451763534
299.38 0.000234002339908
299.39 0.000233554288176
299.4 0.000233107602459
299.41 0.000232662276907
299.42 0.000232218305708
299.43 0.000231775683077
299.44 0.000231334403265
299.45 0.000230894460554
299.46 0.000230455849258
299.47 0.00023001856372
299.48 0.000229582598317
299.49 0.000229147947457
299.5 0.000228714605578
299.51 0.000228282567149
299.52 0.000227851826669
299.53 0.000227422378667
299.54 0.000226994217705
299.55 0.00022656733837
299.56 0.000226141735282
299.57 0.000225717403089
299.58 0.00022529433647
299.59 0.000224872530132
299.6 0.000224451978809
299.61 0.000224032677266
299.62 0.000223614620296
299.63 0.000223197802721
299.64 0.000222782219388
299.65 0.000222367865176
299.66 0.000221954734988
299.67 0.000221542823757
299.68 0.000221132126443
299.69 0.000220722638032
299.7 0.000220314353537
299.71 0.000219907268
299.72 0.000219501376487
299.73 0.000219096674091
299.74 0.000218693155932
299.75 0.000218290817157
299.76 0.000217889652936
299.77 0.000217489658467
299.78 0.000217090828973
299.79 0.000216693159702
299.8 0.000216296645929
299.81 0.000215901282951
299.82 0.000215507066092
299.83 0.0002151139907
299.84 0.000214722052149
299.85 0.000214331245835
299.86 0.00021394156718
299.87 0.00021355301163
299.88 0.000213165574653
299.89 0.000212779251745
299.9 0.00021239403842
299.91 0.000212009930221
299.92 0.00021162692271
299.93 0.000211245011474
299.94 0.000210864192124
299.95 0.000210484460292
299.96 0.000210105811633
299.97 0.000209728241827
299.98 0.000209351746572
299.99 0.000208976321593
