280.0 1.7939619313423227e-15
280.01 2.6181352248296897e-15
280.02 3.812303987797908e-15
280.03 5.538594519934552e-15
280.03999999999996 8.028385512880434e-15
280.04999999999995 1.161110264114768e-14
280.05999999999995 1.6754648014014165e-14
280.06999999999994 2.4122024346724147e-14
280.0799999999999 3.4650443139581344e-14
280.0899999999999 4.9661568653396286e-14
280.0999999999999 7.101476797715366e-14
280.1099999999999 1.0131961015927726e-13
280.1199999999999 1.4422978179482271e-13
280.1299999999999 2.0484859118305853e-13
280.1399999999999 2.902870187604523e-13
280.14999999999986 4.104297637163593e-13
280.15999999999985 5.789841550768629e-13
280.16999999999985 8.149127418025974e-13
280.17999999999984 1.144384947675568e-12
280.1899999999998 1.6034291100748555e-12
280.1999999999998 2.2415270784632917e-12
280.2099999999998 3.126473947514176e-12
280.2199999999998 4.350931413000936e-12
280.2299999999998 6.0412423615966755e-12
280.2399999999998 8.369256523937733e-12
280.2499999999998 1.1568154990065304e-11
280.25999999999976 1.5953571258265262e-11
280.26999999999975 2.1951708803056646e-11
280.27999999999975 3.013667594156036e-11
280.28999999999974 4.127993093842253e-11
280.2999999999997 5.6415595219598695e-11
280.3099999999997 7.692650220079421e-11
280.3199999999997 1.046572684975714e-10
280.3299999999997 1.420624840305821e-10
280.3399999999997 1.9240041811644997e-10
280.3499999999997 2.599855541094736e-10
280.3599999999997 3.5051694835199546e-10
280.36999999999966 4.715040476209289e-10
280.37999999999965 6.328174221263529e-10
280.38999999999965 8.473991574654372e-10
280.39999999999964 1.1321767371040833e-09
280.4099999999996 1.5092355455036378e-09
280.4199999999996 2.0073191221826218e-09
280.4299999999996 2.6637435869332145e-09
280.4399999999996 3.5268339370834386e-09
280.4499999999996 4.659016020781298e-09
280.4599999999996 6.140729897853119e-09
280.4699999999996 8.07536916588854e-09
280.47999999999956 1.0595498003085388e-08
280.48999999999955 1.387065473028568e-08
280.49999999999955 1.811711943765813e-08
280.50999999999954 2.361010574412313e-08
280.5199999999995 3.069893544620234e-08
280.5299999999995 3.9825872378121974e-08
280.5399999999995 5.154943130493346e-08
280.5499999999995 6.657314253068476e-08
280.5599999999995 8.578094693149904e-08
280.5699999999995 1.1028062351457282e-07
280.5799999999995 1.4145691693983889e-07
280.58999999999946 1.810363406721963e-07
280.59999999999945 2.311659878472444e-07
280.60999999999945 2.9450909210683346e-07
280.61999999999944 3.7436055037755875e-07
280.6299999999994 4.747861547181357e-07
280.6399999999994 6.007898868146971e-07
280.6499999999994 7.585143121199037e-07
280.6599999999994 9.55479876260706e-07
280.6699999999994 1.2008697587540239e-06
280.6799999999994 1.5058678818579805e-06
280.6899999999994 1.8840587077898005e-06
280.69999999999936 2.3518985860367977e-06
280.70999999999935 2.9292696323122418e-06
280.71999999999935 3.6401284273375303e-06
280.72999999999934 4.513263209194884e-06
280.7399999999993 5.583174685654038e-06
280.7499999999993 6.891097096165811e-06
280.7599999999993 8.486177685361335e-06
280.7699999999993 1.0426834283121706e-05
280.7799999999993 1.278231218613852e-05
280.7899999999993 1.5634462960610135e-05
280.7999999999993 1.9079769085670598e-05
280.80999999999926 2.3231639474353663e-05
280.81999999999925 2.822300177671704e-05
280.82999999999925 3.4209217912782454e-05
280.83999999999924 4.1371349417081234e-05
280.8499999999992 4.99197988094568e-05
280.8599999999992 6.00983522384038e-05
280.8699999999992 7.21886469672035e-05
280.8799999999992 8.651508477809819e-05
280.8899999999992 0.00010345020894146509
280.8999999999992 0.000123420557920717
280.9099999999992 0.0001469130033474272
280.91999999999916 0.00017448157289910924
280.92999999999915 0.00020675475044867065
280.93999999999915 0.0002444432361492684
280.94999999999914 0.00028834813791058997
280.9599999999991 0.0003393695529775225
280.9699999999991 0.0003985154840359902
280.9799999999991 0.00046691101847698007
280.9899999999991 0.0005458076822249417
280.9999999999991 0.0006365928610063254
281.0099999999991 0.0007407991622774323
281.0199999999991 0.000860113570486359
281.02999999999906 0.0009963862272123825
281.03999999999905 0.0011516386463734773
281.04999999999905 0.001328071153550806
281.05999999999904 0.001528069318045315
281.069999999999 0.0017542091271161504
281.079999999999 0.0020092606345714055
281.089999999999 0.0022961898011568034
281.099999999999 0.002618158232725814
281.109999999999 0.0029785205147114216
281.119999999999 0.003380818838702868
281.129999999999 0.0038287746197025103
281.13999999999896 0.004326276811612924
281.14999999999895 0.0048773666443488175
281.15999999999894 0.005486218529273479
281.16999999999894 0.0061571169109178574
281.1799999999989 0.00689442888251784
281.1899999999989 0.007702572431016663
281.1999999999989 0.008585980233860676
281.2099999999989 0.009549058995005301
281.2199999999989 0.010596144380658852
281.2299999999989 0.011731451695803186
281.2399999999989 0.012959022529570766
281.24999999999886 0.01428266769000101
281.25999999999885 0.01570590684516364
281.26999999999884 0.017231905386495668
281.27999999999884 0.018863409129592015
281.2899999999988 0.020602677565553
281.2999999999988 0.0224514164700846
281.3099999999988 0.024410710765495947
281.3199999999988 0.026480958610085134
281.3299999999988 0.028661807757660817
281.3399999999988 0.030952095284658702
281.3499999999988 0.03334979182112243
281.35999999999876 0.03585195144254049
281.36999999999875 0.03845466838021823
281.37999999999874 0.041153041686877334
281.38999999999874 0.04394114895025836
281.3999999999987 0.04681203007983059
281.4099999999987 0.04975768209996574
281.4199999999987 0.05276906576731811
281.4299999999987 0.05583612469145925
281.4399999999987 0.05894781747741689
281.4499999999987 0.06209216322863446
281.4599999999987 0.06525630055155464
281.46999999999866 0.06842655999164404
281.47999999999865 0.07158854960882885
281.48999999999864 0.07472725317206284
281.49999999999864 0.07782714022251727
281.5099999999986 0.08087228702736211
281.5199999999986 0.08384650722615399
281.5299999999986 0.08673349076436622
281.5399999999986 0.08951694951842278
281.5499999999986 0.0921807678483666
281.5599999999986 0.09470915617231539
281.5699999999986 0.09708680554500124
281.57999999999856 0.09929904114426452
281.58999999999855 0.1013319725270241
281.59999999999854 0.103172638511881
281.60999999999854 0.10480914458021125
281.6199999999985 0.10623079076159314
281.6299999999985 0.10742818808201829
281.6399999999985 0.10839336180299448
281.6499999999985 0.10911983986392548
281.6599999999985 0.10960272515578513
281.6699999999985 0.10983875049707757
281.6799999999985 0.10982631544870508
281.68999999999846 0.10956550438741594
281.69999999999845 0.10905808555230742
281.70999999999844 0.10830749107945782
281.71999999999844 0.10731877834005302
281.7299999999984 0.10609857319126532
281.7399999999984 0.10465499603070041
281.7499999999984 0.10299757180881951
281.7599999999984 0.10113712539418464
281.7699999999984 0.0990856638990408
281.7799999999984 0.09685624775369751
281.7899999999984 0.09446285246422058
281.79999999999836 0.09192022309674443
281.80999999999835 0.0892437236017895
281.81999999999834 0.0864491831227384
281.82999999999834 0.08355274142439763
281.8399999999983 0.08057069553151745
281.8499999999983 0.0775193495852424
281.8599999999983 0.07441486981043707
281.8699999999983 0.07127314634204751
281.8799999999983 0.06810966348803131
281.8899999999983 0.06493937981427385
281.8999999999983 0.06177661922796018
281.90999999999826 0.058634974014940645
281.91999999999825 0.05552722055862041
281.92999999999824 0.052465248237662215
281.93999999999824 0.049460001771989594
281.9499999999982 0.046521437065600385
281.9599999999982 0.04365849038456789
281.9699999999982 0.04087906051287933
281.9799999999982 0.03819000335049769
281.9899999999982 0.03559713825972479
281.9999999999982 0.03310526532950566
282.0099999999982 0.03071819261406113
282.01999999999816 0.028438772312894725
282.02999999999815 0.02626894479394792
282.03999999999814 0.024209789320098055
282.04999999999814 0.022261580320437593
282.0599999999981 0.020423848050543893
282.0699999999981 0.018695442508571098
282.0799999999981 0.017074599514498766
282.0899999999981 0.015559007916045755
282.0999999999981 0.014145876954234792
282.1099999999981 0.01283200290191212
282.1199999999981 0.011613834177199108
282.12999999999806 0.010487534228427317
282.13999999999805 0.009449041585223123
282.14999999999804 0.00849412656983755
282.15999999999804 0.007618444261516642
282.169999999998 0.006817583402839412
282.179999999998 0.006087111028911699
282.189999999998 0.005422612686738195
282.199999999998 0.004819728191901314
282.209999999998 0.004274182942008066
282.219999999998 0.0037818148706274942
282.229999999998 0.003338597181269521
282.23999999999796 0.0029406570482090723
282.24999999999795 0.0025842905096927085
282.25999999999794 0.002265973809509187
282.26999999999794 0.0019823714654405586
282.2799999999979 0.0017303413582397357
282.2899999999979 0.0015069371431042625
282.2999999999979 0.0013094082878061673
282.3099999999979 0.001135198038412561
282.3199999999979 0.0009819396056349613
282.3299999999979 0.0008474508530240818
282.3399999999979 0.000729727753215254
282.34999999999786 0.0006269368609324733
282.35999999999785 0.0005374070321399163
282.36999999999784 0.00045962059820108594
282.37999999999784 0.0003922041827214291
282.3899999999978 0.0003339193274014616
282.3999999999978 0.00028365307213928405
282.4099999999978 0.0002404086141532819
282.4199999999978 0.00020329615134214
282.4299999999978 0.00017152399669225358
282.4399999999978 0.00014439003345612664
282.4499999999978 0.00012127356517964007
282.45999999999776 0.00010162760052316616
282.46999999999775 8.49716002308979e-05
282.47999999999774 7.088470254735064e-05
282.48999999999774 5.899943382197937e-05
282.4999999999977 4.899590291948595e-05
282.5099999999977 4.0596471282415696e-05
282.5199999999977 3.35608849773042e-05
282.5299999999977 2.7681850689311e-05
282.5399999999977 2.2781034300495937e-05
282.5499999999977 1.8705458278889854e-05
282.5599999999977 1.5324272505198434e-05
282.56999999999766 1.2525872260422927e-05
282.57999999999765 1.0215336785050719e-05
282.58999999999764 8.312161999516994e-06
282.59999999999764 6.748261554792531e-06
282.6099999999976 5.466211277961499e-06
282.6199999999976 4.417713215987333e-06
282.6299999999976 3.5622567957632735e-06
282.6399999999976 2.8659560528801684e-06
282.6499999999976 2.30054338649184e-06
282.6599999999976 1.8425018322108062e-06
282.6699999999976 1.4723193753728408e-06
282.67999999999756 1.173850326122434e-06
282.68999999999755 9.337702243797263e-07
282.69999999999754 7.411121208814143e-07
282.70999999999754 5.868733787313931e-07
282.7199999999975 4.6368335074306803e-07
282.7299999999975 3.6552340707969323e-07
282.7399999999975 2.874918137870271e-07
282.7499999999975 2.2560689643737879e-07
282.7599999999975 1.7664276665959377e-07
282.7699999999975 1.3799264651808413e-07
282.7799999999975 1.0755550117957173e-07
282.78999999999746 8.364228936958221e-08
282.79999999999745 6.48986694643542e-08
282.80999999999744 5.024146256196412e-08
282.81999999999744 3.880657841643296e-08
282.8299999999974 2.990646146860091e-08
282.8399999999974 2.299541791642321e-08
282.8499999999974 1.7641446091732148e-08
282.8599999999974 1.3503416265461556e-08
282.8699999999974 1.0312636932012036e-08
282.8799999999974 7.858006782725212e-09
282.88999999999737 5.974088736936553e-09
282.89999999999736 4.531557944850659e-09
282.90999999999735 3.429572632040099e-09
282.91999999999734 2.5896976977982904e-09
282.92999999999734 1.951078464153751e-09
282.9399999999973 1.4666179581338767e-09
282.9499999999973 1.0999573861826326e-09
282.9599999999973 8.230975725786464e-10
282.9699999999973 6.145304119098139e-10
282.9799999999973 4.577749649557576e-10
282.9899999999973 3.402336738058886e-10
282.99999999999727 2.523011034463772e-10
283.00999999999726 1.8667132231092087e-10
283.01999999999725 1.3780109116118537e-10
283.02999999999724 1.0149492051577304e-10
283.03999999999724 7.458518267959878e-11
283.0499999999972 5.468615718528193e-11
283.0599999999972 4.00054217976529e-11
283.0699999999972 2.919959983861979e-11
283.0799999999972 2.1264322215435416e-11
283.0899999999972 1.5450508874446496e-11
283.0999999999972 1.1200840937067063e-11
283.10999999999717 8.101679723380525e-12
283.11999999999716 5.8467713479199915e-12
283.12999999999715 4.209919079754219e-12
283.13999999999714 3.0244609751432545e-12
283.14999999999714 2.1678978816440472e-12
283.1599999999971 1.5504089117837307e-12
283.1699999999971 1.1062933221267046e-12
283.1799999999971 7.87609465446942e-13
283.1899999999971 5.594588737508442e-13
283.1999999999971 3.964989273688989e-13
283.2099999999971 2.8037061257492785e-13
283.21999999999707 1.9780607130085166e-13
283.22999999999706 1.3923982260463607e-13
283.23999999999705 9.779218768649329e-14
283.24999999999704 6.852704771612989e-14
283.25999999999704 4.791127209792924e-14
283.269999999997 3.342201568592011e-14
283.279999999997 2.32621557344668e-14
283.289999999997 1.615460962361002e-14
283.299999999997 1.1194043080933603e-14
283.309999999997 7.740226973928936e-15
283.319999999997 5.341542613835603e-15
283.32999999999697 3.680257329923227e-15
283.33999999999696 2.5334836169838807e-15
283.34999999999695 1.7454131114230693e-15
283.35999999999694 1.2076426137514992e-15
283.36999999999694 8.453035882386224e-16
283.3799999999969 6.073583424119173e-16
283.3899999999969 4.59901705659436e-16
283.3999999999969 3.816557449948165e-16
283.4099999999969 3.6110365516002923e-16
283.4199999999969 3.949052057996492e-16
283.4299999999969 4.873914461216403e-16
283.43999999999687 6.510679429931387e-16
283.44999999999686 9.081783178192873e-16
283.45999999999685 1.2935068468719667e-15
283.46999999999684 1.858744294229133e-15
283.47999999999683 2.6789205189897655e-15
283.4899999999968 3.8616394656758395e-15
283.4999999999968 5.56016055000451e-15
283.5099999999968 7.991785895498874e-15
283.5199999999968 1.1463575841788872e-14
283.5299999999968 1.6408179383295494e-14
283.5399999999968 2.343360324928521e-14
283.54999999999677 3.33921484181194e-14
283.55999999999676 4.7475642507754113e-14
283.56999999999675 6.734665849797043e-14
283.57999999999674 9.531885654967068e-14
283.58999999999673 1.346042090003283e-13
283.5999999999967 1.8965105385058447e-13
283.6099999999967 2.6660517386500203e-13
283.6199999999967 3.7393707638426484e-13
283.6299999999967 5.232932125172319e-13
283.6399999999967 7.306481398428888e-13
283.6499999999967 1.0178600454328986e-12
283.65999999999667 1.4147654712657406e-12
283.66999999999666 1.96199292162768e-12
283.67999999999665 2.7147323588872433e-12
283.68999999999664 3.7477723425993145e-12
283.69999999999663 5.162213746421346e-12
283.7099999999966 7.094394957000539e-12
283.7199999999966 9.727726264457035e-12
283.7299999999966 1.3308340939728151e-11
283.7399999999966 1.816574000598683e-11
283.7499999999966 2.473995290842774e-11
283.7599999999966 3.361717707894114e-11
283.76999999999657 4.557642052923606e-11
283.77999999999656 6.165038374067604e-11
283.78999999999655 8.320471807398411e-11
283.79999999999654 1.1204093418951281e-10
283.80999999999653 1.505296624783836e-10
283.8199999999965 2.0178275769220656e-10
283.8299999999965 2.6987497617454116e-10
283.8399999999965 3.6012873839037187e-10
283.8499999999965 4.794789447671537e-10
283.8599999999965 6.36939086691225e-10
283.8699999999965 8.441951629995597e-10
283.87999999999647 1.1163603849078182e-09
283.88999999999646 1.4729315768789704e-09
283.89999999999645 1.938997849379087e-09
283.90999999999644 2.5467638738903442e-09
283.91999999999643 3.337464329807739e-09
283.9299999999964 4.363763279456567e-09
283.9399999999964 5.692752894788262e-09
283.9499999999964 7.409690718765126e-09
283.9599999999964 9.622644192612639e-09
283.9699999999964 1.2468246305405323e-08
283.9799999999964 1.611880781095313e-08
283.98999999999637 2.0791080497106736e-08
283.99999999999636 2.6757023578059114e-08
284.00999999999635 3.4356992610372814e-08
284.01999999999634 4.401584871079571e-08
284.02999999999633 5.626257667747163e-08
284.0399999999963 7.175410536999076e-08
284.0499999999963 9.130414393962202e-08
284.0599999999963 1.159179848139771e-07
284.0699999999963 1.4683438033571876e-07
284.0799999999963 1.855757762064354e-07
284.0899999999963 2.3400838288346597e-07
284.09999999999627 2.944137871586643e-07
284.10999999999626 3.695740514255946e-07
284.11999999999625 4.628725184076898e-07
284.12999999999624 5.784128347402634e-07
284.13999999999623 7.211590275917128e-07
284.1499999999962 8.97099813606392e-07
284.1599999999962 1.1134406871498597e-06
284.1699999999962 1.3788277224321899e-06
284.1799999999962 1.703607427696114e-06
284.1899999999962 2.1001274040437335e-06
284.1999999999962 2.583082979850804e-06
284.20999999999617 3.169915405559412e-06
284.21999999999616 3.881267592514647e-06
284.22999999999615 4.741503750906607e-06
284.23999999999614 5.779299611069446e-06
284.24999999999613 7.0283101823230905e-06
284.2599999999961 8.527922194789287e-06
284.2699999999961 1.0324098460354424e-05
284.2799999999961 1.2470321355053656e-05
284.2899999999961 1.5028642440319028e-05
284.2999999999961 1.807084487655991e-05
284.3099999999961 2.167972470967158e-05
284.31999999999607 2.5950496298477088e-05
284.32999999999606 3.0992326067537104e-05
284.33999999999605 3.692999738426607e-05
284.34999999999604 4.390570764215818e-05
284.35999999999603 5.2080996555711876e-05
284.369999999996 6.16388022133954e-05
284.379999999996 7.27856385735732e-05
284.389999999996 8.575388481181532e-05
284.399999999996 0.00010080417323135133
284.409999999996 0.0001182278583358918
284.419999999996 0.00013834954515092303
284.42999999999597 0.0001615296499937887
284.43999999999596 0.00018816696167638783
284.44999999999595 0.000218701165634626
284.45999999999594 0.00025361528778990324
284.46999999999593 0.0002934380091514552
284.4799999999959 0.00033874579637376803
284.4899999999959 0.00039016478781804114
284.4999999999959 0.00044837236927583094
284.5099999999959 0.0005140983685580292
284.5199999999959 0.0005881257938095588
284.5299999999959 0.0006712910368682224
284.53999999999587 0.0007644834604429858
284.54999999999586 0.0008686442865459377
284.55999999999585 0.000984764703677367
284.56999999999584 0.0011138831119345308
284.57999999999583 0.0012570814286810156
284.5899999999958 0.0014154803828475586
284.5999999999958 0.001590233733485685
284.6099999999958 0.0017825213579804146
284.6199999999958 0.0019935411674279506
284.6299999999958 0.002224499821133872
284.6399999999958 0.002476602228970781
284.64999999999577 0.002751039849378158
284.65999999999576 0.003048977811955458
284.66999999999575 0.003371540916690207
284.67999999999574 0.0037197985866053744
284.68999999999573 0.004094748876664875
284.6999999999957 0.004497301668734732
284.7099999999957 0.004928261209787635
284.7199999999957 0.005388308177828597
284.7299999999957 0.005877981486625621
284.7399999999957 0.006397660065627054
284.7499999999957 0.006947544874782203
284.75999999999567 0.007527641434684451
284.76999999999566 0.008137743169857888
284.77999999999565 0.00877741587645844
284.78999999999564 0.009445983634544724
284.79999999999563 0.01014251648883321
284.8099999999956 0.010865820220002301
284.8199999999956 0.011614428520758486
284.8299999999956 0.012386597876742553
284.8399999999956 0.013180305431777834
284.8499999999956 0.013993250089925925
284.8599999999956 0.014822857073447207
284.86999999999557 0.015666286116345865
284.87999999999556 0.016520443428151406
284.88999999999555 0.01738199751254342
284.89999999999554 0.01824739887110576
284.90999999999553 0.019112903564777017
284.9199999999955 0.01997460054544578
284.9299999999955 0.020828442608720098
284.9399999999955 0.021670280757357812
284.9499999999955 0.022495901704402493
284.9599999999955 0.02330106818697324
284.9699999999955 0.024081561707136972
284.97999999999547 0.024833227266533465
284.98999999999546 0.025552019617532874
284.99999999999545 0.02623405051667659
285.00999999999544 0.02687563643683892
285.01999999999543 0.027473346173635043
285.0299999999954 0.028024047769585097
285.0399999999954 0.028524954176714242
285.0499999999954 0.028973667084691814
285.0599999999954 0.029368218357136034
285.0699999999954 0.029707108542955028
285.0799999999954 0.029989341961971113
285.08999999999537 0.030214457903792773
285.09999999999536 0.030382557524994126
285.10999999999535 0.030494326081022798
285.11999999999534 0.030551050184657882
285.12999999999533 0.03055462984097973
285.1399999999953 0.03050758506835704
285.1499999999953 0.030413056974576105
285.1599999999953 0.030274803215659167
285.1699999999953 0.03009718782096114
285.1799999999953 0.02988516542075162
285.1899999999953 0.02964425996080536
285.19999999999527 0.02938053803186277
285.20999999999526 0.029100576979731094
285.21999999999525 0.028811427994064023
285.22999999999524 0.028520574400517404
285.23999999999523 0.028235885402312484
285.2499999999952 0.027965565533761384
285.2599999999952 0.027718100100751146
285.2699999999952 0.02750219689246044
285.2799999999952 0.02732672445575884
285.2899999999952 0.0272006472299838
285.2999999999952 0.02713295784632617
285.30999999999517 0.027132606904107216
285.31999999999516 0.027208430546965746
285.32999999999515 0.02736907617644909
285.33999999999514 0.027622926659603534
285.34999999999513 0.027978023411556766
285.3599999999951 0.028441988764178885
285.3699999999951 0.029021948067798543
285.3799999999951 0.02972445201440273
285.3899999999951 0.030555399717177453
285.3999999999951 0.03151996313171071
285.4099999999951 0.03262251345738774
285.41999999999507 0.033866550211839264
285.42999999999506 0.035254633724841763
285.43999999999505 0.03678832184864617
285.44999999999504 0.038468111726973564
285.45999999999503 0.040293387502382524
285.469999999995 0.042262374868863764
285.479999999995 0.04437210339086937
285.489999999995 0.0466183775091883
285.499999999995 0.048995757136003217
285.509999999995 0.05149754870428409
285.519999999995 0.0541158074789597
285.52999999999497 0.056841351858096724
285.53999999999496 0.05966379029117561
285.54999999999495 0.06257156131864161
285.55999999999494 0.06555198709300272
285.56999999999493 0.06859134057826147
285.5799999999949 0.07167492644346478
285.5899999999949 0.07478717547030792
285.5999999999949 0.07791175208729212
285.6099999999949 0.08103167442768401
285.6199999999949 0.08412944608966491
285.6299999999949 0.08718719855914707
285.63999999999487 0.09018684304354845
285.64999999999486 0.09311023026325092
285.65999999999485 0.0959393165613838
285.66999999999484 0.098656334526681
285.67999999999483 0.10124396618287153
285.6899999999948 0.10368551668536168
285.6999999999948 0.10596508638529706
285.7099999999948 0.1080677390752257
285.7199999999948 0.10997966422155113
285.7299999999948 0.11168833101795995
285.7399999999948 0.11318263216135313
285.74999999999477 0.11445301535691316
285.75999999999476 0.11549160070030769
285.76999999999475 0.11629228226028357
285.77999999999474 0.1168508123908377
285.78999999999473 0.11716486753480347
285.7999999999947 0.11723409453544764
285.8099999999947 0.1170601367443905
285.8199999999947 0.11664663949729795
285.8299999999947 0.11599923481755978
285.8399999999947 0.11512550549668753
285.8499999999947 0.1140349289826259
285.85999999999467 0.11273880177799589
285.86999999999466 0.11125014530426976
285.87999999999465 0.10958359442032921
285.88999999999464 0.10775526999072706
285.89999999999463 0.105782637076949
285.9099999999946 0.10368435047155268
285.9199999999946 0.10148008940862412
285.9299999999946 0.09919038336379098
285.9399999999946 0.09683643090322509
285.9499999999946 0.0944399135546501
285.9599999999946 0.09202280665615407
285.96999999999457 0.08960718909309981
285.97999999999456 0.0872150537627593
285.98999999999455 0.08486812051408252
285.99999999999454 0.08258765320021404
286.00999999999453 0.08039428235816723
286.0199999999945 0.07830783489769232
286.0299999999945 0.07634717204398438
286.0399999999945 0.07453003664039681
286.0499999999945 0.07287291078133315
286.0599999999945 0.07139088461509498
286.0699999999945 0.0700975370342217
286.07999999999447 0.06900482885869262
286.08999999999446 0.0681230090165249
286.09999999999445 0.06746053413735001
286.10999999999444 0.06702400189735558
286.11999999999443 0.06681809838775328
286.1299999999944 0.0668455597222995
286.1399999999944 0.06710714805045326
286.1499999999944 0.06760164209919772
286.1599999999944 0.06832584232576223
286.1699999999944 0.06927459072267829
286.1799999999944 0.07044080527296336
286.18999999999437 0.07181552900402369
286.19999999999436 0.07338799353161161
286.20999999999435 0.07514569691772185
286.21999999999434 0.07707449558700186
286.22999999999433 0.07915870995397406
286.2399999999943 0.08138124330766192
286.2499999999943 0.08372371338130191
286.2599999999943 0.08616659590365343
286.2699999999943 0.088689379286651
286.2799999999943 0.09127072945412512
286.2899999999943 0.09388866366103592
286.29999999999427 0.09652073199565445
286.30999999999426 0.09914420510238404
286.31999999999425 0.10173626651476259
286.32999999999424 0.10427420785114405
286.33999999999423 0.10673562500419585
286.3499999999942 0.10909861335412772
286.3599999999942 0.11134195995869427
286.3699999999942 0.11344533062428638
286.3799999999942 0.11538944974509166
286.3899999999942 0.11715627081394536
286.3999999999942 0.11872913556090474
286.40999999999417 0.12009291976470488
286.41999999999416 0.12123416390811002
286.42999999999415 0.12214118700983188
286.43999999999414 0.12280418216126819
286.44999999999413 0.12321529252302113
286.4599999999941 0.12336866679032242
286.4699999999941 0.12326049341368027
286.4799999999941 0.12288901315615804
286.4899999999941 0.12225450987604496
286.4999999999941 0.12135927973723368
286.5099999999941 0.12020757936309877
286.51999999999407 0.11880555375671556
286.52999999999406 0.11716114510461725
286.53999999999405 0.11528398385696588
286.54999999999404 0.11318526372843501
286.55999999999403 0.11087760248625901
286.569999999994 0.10837489058047281
286.579999999994 0.10569212982282103
286.589999999994 0.10284526443250616
286.599999999994 0.09985100683715178
286.609999999994 0.09672666064532369
286.619999999994 0.09348994319288273
286.62999999999397 0.09015881001047862
286.63999999999396 0.08675128346566505
286.64999999999395 0.08328528770325644
286.65999999999394 0.07977849184521932
286.66999999999393 0.07624816322075317
286.6799999999939 0.07271103218291633
286.6899999999939 0.0691831698351841
286.6999999999939 0.06567987974489409
286.7099999999939 0.06221560446591756
286.7199999999939 0.05880384743531363
286.7299999999939 0.05545711055320395
286.73999999999387 0.05218684750638196
286.74999999999386 0.04900343265856216
286.75999999999385 0.04591614510752022
286.76999999999384 0.042933167304950795
286.77999999999383 0.04006159745135391
286.7899999999938 0.0373074747176934
286.7999999999938 0.03467581620935757
286.8099999999938 0.0321706644768603
286.8199999999938 0.029795144291921063
286.8299999999938 0.02755152734665707
286.8399999999938 0.02544130349671049
286.84999999999377 0.0234652571548787
286.85999999999376 0.021623547448508643
286.86999999999375 0.01991579077956964
286.87999999999374 0.01834114446873606
286.88999999999373 0.01689839022168029
286.8999999999937 0.015586016224739796
286.9099999999937 0.01440229675585702
286.9199999999937 0.013345368282973957
286.9299999999937 0.012413301113827307
286.9399999999937 0.011604165756476076
286.9499999999937 0.01091609324728128
286.95999999999367 0.010347328801097231
286.96999999999366 0.00989627823605285
286.97999999999365 0.009561546721709576
286.98999999999364 0.009341969494059152
286.99999999999363 0.009236634273499593
287.0099999999936 0.009244895212549824
287.0199999999936 0.009366378288764982
287.0299999999936 0.009600978145362907
287.0399999999936 0.009948846467826976
287.0499999999936 0.010410372069605833
287.0599999999936 0.010986152944367972
287.06999999999357 0.01167696062640417
287.07999999999356 0.01248369728490471
287.08999999999355 0.013407346062017133
287.09999999999354 0.014448915248665397
287.10999999999353 0.015609376975713518
287.1199999999935 0.016889601180574056
287.1299999999935 0.018290285689932875
287.1399999999935 0.019811883336774718
287.1499999999935 0.02145452710300128
287.1599999999935 0.023217954346075126
287.1699999999935 0.02510143122755864
287.17999999999347 0.02710367851127845
287.18999999999346 0.02922279993717953
287.19999999999345 0.03145621440177455
287.20999999999344 0.033800593185524475
287.21999999999343 0.036251803459713974
287.2299999999934 0.03880485927881018
287.2399999999934 0.04145388121758988
287.2499999999934 0.04419206574449781
287.2599999999934 0.04701166533317429
287.2699999999934 0.04990398020273903
287.2799999999934 0.052859362444623956
287.28999999999337 0.05586723314043196
287.29999999999336 0.0589161129029465
287.30999999999335 0.06199366608307138
287.31999999999334 0.06508675868173912
287.32999999999333 0.06818152979080133
287.3399999999933 0.07126347616419337
287.3499999999933 0.07431754929423634
287.3599999999933 0.0773282641421214
287.3699999999933 0.08027981845096116
287.3799999999933 0.08315622135896217
287.3899999999933 0.0859414298339619
287.39999999999327 0.08861949127334823
287.40999999999326 0.09117469045959342
287.41999999999325 0.09359169893526538
287.42999999999324 0.09585572476595546
287.43999999999323 0.09795266059802141
287.4499999999932 0.0998692278926557
287.4599999999932 0.10159311523007648
287.4699999999932 0.10311310862830296
287.4799999999932 0.10441921190987516
287.4899999999932 0.10550275527599508
287.4999999999932 0.10635649040902127
287.50999999999317 0.10697467061833144
287.51999999999316 0.10735311476778366
287.52999999999315 0.10748925397115905
287.53999999999314 0.10738216031025369
287.54999999999313 0.10703255711340004
287.5599999999931 0.10644281062447701
287.5699999999931 0.10561690318800933
287.5799999999931 0.10456038836879143
287.5899999999931 0.10328032870867823
287.5999999999931 0.1017852170930693
287.6099999999931 0.10008488294982361
287.61999999999307 0.09819038472901004
287.62999999999306 0.0961138903087578
287.63999999999305 0.09386854713694458
287.64999999999304 0.09146834404775127
287.65999999999303 0.08892796678425356
287.669999999993 0.08626264931210972
287.679999999993 0.08348802302481592
287.689999999993 0.08061996591856761
287.699999999993 0.07767445375594684
287.709999999993 0.07466741514467752
287.719999999993 0.07161459233346673
287.72999999999297 0.06853140937499518
287.73999999999296 0.06543284913043583
287.74999999999295 0.062333340394851264
287.75999999999294 0.05924665621308163
287.76999999999293 0.056185824236058474
287.7799999999929 0.05316304974264773
287.7899999999929 0.0501896517268134
287.7999999999929 0.04727601222856851
287.8099999999929 0.0444315388739941
287.8199999999929 0.041664640388319345
287.8299999999929 0.038982714659960845
287.83999999999287 0.03639214876529203
287.84999999999286 0.033898330215975846
287.85999999999285 0.03150566856459049
287.86999999999284 0.029217626401077088
287.87999999999283 0.02703675869273995
287.8899999999928 0.024964759364093755
287.8999999999928 0.023002513979236677
287.9099999999928 0.021150157377636994
287.9199999999928 0.0194071351228646
287.9299999999928 0.017772267651153036
287.9399999999928 0.01624381605075739
287.94999999999277 0.014819548461695317
287.95999999999276 0.013496806156315053
287.96999999999275 0.012272568441856672
287.97999999999274 0.011143515614395545
287.98999999999273 0.010106089286971643
287.9999999999927 0.00915654951111766
288.0099999999927 0.008291028208353826
288.0199999999927 0.007505578524656836
288.0299999999927 0.006796219814781989
288.0399999999927 0.006158978053199913
288.0499999999927 0.00558992155311632
288.05999999999267 0.005085191953631052
288.06999999999266 0.004641030506851039
288.07999999999265 0.004253799761214541
288.08999999999264 0.003920000794133736
288.09999999999263 0.00363628619622853
288.1099999999926 0.0033994690509820567
288.1199999999926 0.003206528187812015
288.1299999999926 0.0030546100136512665
288.1399999999926 0.0029410272485831377
288.1499999999926 0.00286325490536263
288.1599999999926 0.0028189238612948775
288.16999999999257 0.002805812374476076
288.17999999999256 0.0028218358953693407
288.18999999999255 0.002865035519612502
288.19999999999254 0.0029335654193328423
288.20999999999253 0.003025679578534289
288.2199999999925 0.0031397181437416845
288.2299999999925 0.003274093684404758
288.2399999999925 0.003427277638905565
288.2499999999925 0.0035977872016583973
288.2599999999925 0.0037841728849822504
288.2699999999925 0.003985006966371882
288.27999999999247 0.004198873007677735
288.28999999999246 0.004424356607693268
288.29999999999245 0.004660037523897282
288.30999999999244 0.004904483272763581
288.31999999999243 0.005156244291292218
288.3299999999924 0.0054138507154092574
288.3399999999924 0.005675810803816484
288.3499999999924 0.00594061100896111
288.3599999999924 0.006206717670273029
288.3699999999924 0.006472580278941369
288.3799999999924 0.006736636238551687
288.38999999999237 0.0069973170221761145
288.39999999999236 0.007253055604309494
288.40999999999235 0.0075022950256888425
288.41999999999234 0.0077434979308328615
288.42999999999233 0.007975156902393593
288.4399999999923 0.008195805403404184
288.4499999999923 0.008404029128486265
288.4599999999923 0.008598477558260572
288.4699999999923 0.008777875507750152
288.4799999999923 0.008941034459588113
288.4899999999923 0.009086863476390306
288.49999999999227 0.009214379493711539
288.50999999999226 0.009322716805486044
288.51999999999225 0.009411135567602947
288.52999999999224 0.009479029162060294
288.53999999999223 0.00952593028368458
288.5499999999922 0.009551515633343296
288.5599999999922 0.009555609125508005
288.5699999999922 0.009538183543489493
288.5799999999922 0.009499360602175851
288.5899999999922 0.009439409405142287
288.5999999999922 0.009358743310041296
288.60999999999217 0.009257915242695727
288.61999999999216 0.009137611525790075
288.62999999999215 0.008998644311997896
288.63999999999214 0.008841942733342881
288.64999999999213 0.008668542898163671
288.6599999999921 0.008479576883890888
288.6699999999921 0.008276260887667584
288.6799999999921 0.008059882707441427
288.6899999999921 0.007831788733393975
288.6999999999921 0.007593370633391912
288.7099999999921 0.00734605191656836
288.71999999999207 0.00709127455626381
288.72999999999206 0.00683048584754318
288.73999999999205 0.0065651256655888226
288.74999999999204 0.006296614279737891
288.75999999999203 0.006026340864122921
288.769999999992 0.005755652830162491
288.779999999992 0.005485846088936459
288.789999999992 0.005218156333187078
288.799999999992 0.0049537514097373475
288.809999999992 0.004693724833929423
288.819999999992 0.004439090478661446
288.82999999999197 0.004190778452116979
288.83999999999196 0.00394963216067976
288.84999999999195 0.003716406537108987
288.85999999999194 0.003491767399070384
288.86999999999193 0.0032762918897791082
288.8799999999919 0.0030704699409606143
288.8899999999919 0.0028747066886691806
288.8999999999919 0.002689325764760494
288.9099999999919 0.0025145733809819066
288.9199999999919 0.0023506231186602566
288.9299999999919 0.0021975813347263158
288.93999999999187 0.0020554930941723355
288.94999999999186 0.001924348539817396
288.95999999999185 0.0018040896122515056
288.96999999999184 0.001694617035822741
288.97999999999183 0.0015957974902905676
288.9899999999918 0.0015074708920583542
288.9999999999918 0.001429457713488728
289.0099999999918 0.0013615662734777505
289.0199999999918 0.001303599937016673
289.0299999999918 0.0012553641657250976
289.0399999999918 0.0012166733651471405
289.04999999999177 0.0011873574778450608
289.05999999999176 0.0011672682739208686
289.06999999999175 0.0011562852925009008
289.07999999999174 0.001154321388925228
289.08999999999173 0.001161327842925325
289.0999999999917 0.0011772989830195813
289.1099999999917 0.0012022762818122926
289.1199999999917 0.0012363518759855774
289.1299999999917 0.001279671463691779
289.1399999999917 0.0013324365309769044
289.1499999999917 0.0013949058580025916
289.15999999999167 0.0014673962554069425
289.16999999999166 0.0015502824813807933
289.17999999999165 0.001643996291162684
289.18999999999164 0.0017490245728913074
289.19999999999163 0.0018659065273015961
289.2099999999916 0.0019952298537897514
289.2199999999916 0.0021376259120531
289.2299999999916 0.002293763836945408
289.2399999999916 0.0024643435944462183
289.2499999999916 0.00265008797874428
289.2599999999916 0.002851733564346356
289.26999999999157 0.0030700206427526923
289.27999999999156 0.0033056821904380693
289.28999999999155 0.003559431933430695
289.29999999999154 0.003831951593417844
289.30999999999153 0.004123877420696051
289.3199999999915 0.00443578614003979
289.3299999999915 0.004768180456251339
289.3399999999915 0.005121474286300149
289.3499999999915 0.005495977904054288
289.3599999999915 0.005891883201118685
289.3699999999915 0.006309249282685405
289.37999999999147 0.0067479886300327845
289.38999999999146 0.007207854070864586
289.39999999999145 0.0076884268045707095
289.40999999999144 0.008189105731278783
289.41999999999143 0.008709098330875364
289.4299999999914 0.009247413330707027
289.4399999999914 0.009802855388216982
289.4499999999914 0.010374021997224923
289.4599999999914 0.010959302803921954
289.4699999999914 0.01155688149105318
289.4799999999914 0.01216474035644629
289.48999999999137 0.012780667675389754
289.49999999999136 0.01340226789586721
289.50999999999135 0.014026974671932558
289.51999999999134 0.014652066694290707
289.52999999999133 0.015274686229257387
289.5399999999913 0.015891860228616512
289.5499999999913 0.01650052382444733
289.5599999999913 0.017097545975772118
289.5699999999913 0.017679756988913643
289.5799999999913 0.01824397759178026
289.5899999999913 0.01878704920491443
289.59999999999127 0.01930586501999017
289.60999999999126 0.01979740147038539
289.61999999999125 0.020258749659238944
289.62999999999124 0.02068714629865249
289.63999999999123 0.021080003709888277
289.6499999999912 0.021434938438854745
289.6599999999912 0.021749798053994004
289.6699999999912 0.022022685714836423
289.6799999999912 0.022251982128724593
289.6899999999912 0.02243636455010602
289.6999999999912 0.02257482252074125
289.70999999999117 0.022666670099397886
289.71999999999116 0.02271155438517318
289.72999999999115 0.02270946019844965
289.73999999999114 0.02266071084647465
289.74999999999113 0.022565964965418784
289.7599999999911 0.022426209496214083
289.7699999999911 0.022242748916182813
289.7799999999911 0.022017190911136676
289.7899999999911 0.021751428731989618
289.7999999999911 0.021447620534794414
289.8099999999911 0.02110816605238945
289.81999999999107 0.020735680988561583
289.82999999999106 0.02033296956096867
289.83999999999105 0.019902995646364108
289.84999999999104 0.019448853000440136
289.85999999999103 0.018973735034559496
289.869999999991 0.018480904632663914
289.879999999991 0.017973664483808823
289.889999999991 0.01745532838933278
289.899999999991 0.016929193979052674
289.909999999991 0.0163985172386657
289.919999999991 0.01586648921145562
289.92999999999097 0.015336215192284787
289.93999999999096 0.014810696681638856
289.94999999999095 0.014292816313186952
289.95999999999094 0.013785325910981005
289.96999999999093 0.01329083777312473
289.9799999999909 0.012811819218575365
289.9899999999909 0.012350590373758054
289.9999999999909 0.01190932511689236
290.0099999999909 0.011490055041309111
290.0199999999909 0.011094676245458573
290.0299999999909 0.010724958707574221
290.03999999999087 0.010382557957761865
290.04999999999086 0.010069028720232019
290.05999999999085 0.009785840163979615
290.06999999999084 0.00953439237183027
290.07999999999083 0.009316033615705356
290.0899999999908 0.009132078010398873
290.0999999999908 0.008983823109206772
290.1099999999908 0.00887256700241736
290.1199999999908 0.008799624483897874
290.1299999999908 0.008766341861667108
290.1399999999908 0.008774110005237925
290.14999999999077 0.008824375245406114
290.15999999999076 0.008918647770769002
290.16999999999075 0.009058507199255434
290.17999999999074 0.009245605041982225
290.18999999999073 0.009481663820433774
290.1999999999907 0.009768472645875529
290.2099999999907 0.010107879121613088
290.2199999999907 0.010501777483722163
290.2299999999907 0.010952092953690953
290.2399999999907 0.011460762336492498
290.2499999999907 0.01202971095935428
290.25999999999067 0.012660826109287964
290.26999999999066 0.013355927190607715
290.27999999999065 0.014116732886475136
290.28999999999064 0.014944825670186875
290.29999999999063 0.015841614071640527
290.3099999999906 0.01680829316130326
290.3199999999906 0.017845803767151606
290.3299999999906 0.01895479098850398
290.3399999999906 0.020135562613463453
290.3499999999906 0.021388048082854917
290.3599999999906 0.022711758672118696
290.36999999999057 0.024105749582685534
290.37999999999056 0.025568584645035433
290.38999999999055 0.027098304336147048
290.39999999999054 0.02869239780369397
290.40999999999053 0.030347779567594182
290.4199999999905 0.032060771535983454
290.4299999999905 0.03382709092716626
290.4399999999905 0.03564184463160832
290.4499999999905 0.03749953047881648
290.4599999999905 0.039394045793488285
290.4699999999905 0.04131870353434772
290.47999999999047 0.04326625620861588
290.48999999999046 0.045228927646353806
290.49999999999045 0.047198452603467854
290.50999999999044 0.049166124041722374
290.51999999999043 0.05112284781060828
290.5299999999904 0.053059204331489876
290.5399999999904 0.054965516761357316
290.5499999999904 0.05683192499409958
290.5599999999904 0.058648464743880954
290.5699999999904 0.060405150850335695
290.5799999999904 0.06209206385121198
290.58999999999037 0.06369943878698511
290.59999999999036 0.0652177551358361
290.60999999999035 0.06663782672802103
290.61999999999034 0.0679508904575214
290.62999999999033 0.06914869259710993
290.6399999999903 0.0702235715313566
290.6499999999903 0.0711685357509976
290.6599999999903 0.07197733600143001
290.6699999999903 0.07264453054736941
290.6799999999903 0.0731655426039795
290.6899999999903 0.07353670909067671
290.69999999999027 0.07375531998556625
290.70999999999026 0.07381964769393619
290.71999999999025 0.07372896599096469
290.72999999999024 0.07348355825405462
290.73999999999023 0.07308471486105954
290.7499999999902 0.07253471979403214
290.7599999999902 0.07183682665086488
290.7699999999902 0.07099522442616521
290.7799999999902 0.07001499357485655
290.7899999999902 0.06890205301441511
290.7999999999902 0.0676630988516587
290.80999999999017 0.06630553573519264
290.81999999999016 0.06483740183292618
290.82999999999015 0.0632672885138198
290.83999999999014 0.06160425587294227
290.84999999999013 0.0598577452781859
290.8599999999901 0.05803749013524006
290.8699999999901 0.05615342606474204
290.8799999999901 0.05421560166243661
290.8899999999901 0.052234090970635
290.8999999999901 0.05021890872859992
290.9099999999901 0.04817992939238537
290.91999999999007 0.04612681082310255
290.92999999999006 0.04406892343879198
290.93999999999005 0.042015285511458486
290.94999999999004 0.0399745051698965
290.95999999999003 0.03795472954327918
290.96999999999 0.03596360135268642
290.97999999999 0.03400822313031855
290.98999999999 0.032095129121483476
290.99999999999 0.03023026480478837
291.00999999999 0.028418973853334053
291.01999999999 0.026665992255880924
291.02999999998997 0.024975449223436183
291.03999999998996 0.02335087442471957
291.04999999998995 0.021795211024413765
291.05999999998994 0.020310833941606647
291.06999999998993 0.018899572702697053
291.0799999999899 0.01756273823328724
291.0899999999899 0.016301152916977486
291.0999999999899 0.015115183245019
291.1099999999899 0.014004774388758077
291.1199999999899 0.012969486045816906
291.1299999999899 0.012008528939947374
291.13999999998987 0.011120801392283958
291.14999999998986 0.010304925427042077
291.15999999998985 0.009559281926233903
291.16999999998984 0.008882044404355936
291.17999999998983 0.008271211033895397
291.1899999999898 0.007724634614592165
291.1999999999898 0.007240050242417492
291.2099999999898 0.006815100497003564
291.2199999999898 0.006447358027680511
291.2299999999898 0.006134345477355131
291.2399999999898 0.005873552739314783
291.24999999998977 0.00566245159389561
291.25999999998976 0.0054985078191733365
291.26999999998975 0.005379190911895896
291.27999999998974 0.005301981591380226
291.28999999998973 0.0052643772897580845
291.2999999999897 0.0052638958566077875
291.3099999999897 0.005298077724587293
291.3199999999897 0.005364486795225845
291.3299999999897 0.005460710310665422
291.3399999999897 0.005584357978083036
291.3499999999897 0.005733060609060505
291.35999999998967 0.005904468526657677
291.36999999998966 0.006096249978806432
291.37999999998965 0.006306089778346316
291.38999999998964 0.006531688368082008
291.39999999998963 0.006770761484208126
291.4099999999896 0.007021040563895176
291.4199999999896 0.007280274013359253
291.4299999999896 0.007546229421955821
291.4399999999896 0.007816696776356956
291.4499999999896 0.008089492697298367
291.4599999999896 0.008362465690311804
291.46999999998957 0.008633502371861397
291.47999999998956 0.00890053460392193
291.48999999998955 0.009161547443776202
291.49999999998954 0.009414587792126302
291.50999999998953 0.009657773601913605
291.5199999999895 0.009889303492870077
291.5299999999895 0.010107466603057115
291.5399999999895 0.010310652498695574
291.5499999999895 0.010497360957584962
291.5599999999895 0.010666211439406745
291.5699999999895 0.010815952058184055
291.57999999998947 0.010945467878027798
291.58999999998946 0.011053788362861637
291.59999999998945 0.011140093823838175
291.60999999998944 0.011203720724322004
291.61999999998943 0.011244165721248063
291.6299999999894 0.0112610883429412
291.6399999999894 0.011254312226636958
291.6499999999894 0.011223824863475267
291.6599999999894 0.011169775824127919
291.6699999999894 0.011092473463937403
291.6799999999894 0.010992380131963242
291.68999999998937 0.010870105933138075
291.69999999998936 0.010726401116343
291.70999999998935 0.010562147183167878
291.71999999998934 0.01037834683202012
291.72999999998933 0.010176112869732282
291.7399999999893 0.009956656237600437
291.7499999999893 0.009721273310634193
291.7599999999893 0.009471332637555627
291.7699999999893 0.009208261294659799
291.7799999999893 0.008933531029025213
291.7899999999893 0.00864864436578887
291.79999999998927 0.008355120850393308
291.80999999998926 0.008054483590047342
291.81999999998925 0.007748246249349076
291.82999999998924 0.007437900643375159
291.83999999998923 0.007124905057860182
291.8499999999892 0.006810673410719394
291.8599999999892 0.006496565352472676
291.8699999999892 0.006183877385484814
291.8799999999892 0.005873835063725806
291.8899999999892 0.005567586316348029
291.8999999999892 0.005266195920132206
291.90999999998917 0.004970641128107152
291.91999999998916 0.0046818084447063394
291.92999999998915 0.004400491521960579
291.93999999998914 0.004127390136675776
291.94999999998913 0.0038631101955014717
291.9599999999891 0.003608164703410785
291.9699999999891 0.0033629756214923197
291.9799999999891 0.003127876532163763
291.9899999999891 0.0029031160239770585
291.9999999999891 0.0026888617040791516
292.0099999999891 0.0024852047440666832
292.01999999998907 0.002292164864341796
292.02999999998906 0.002109695663025414
292.03999999998905 0.0019376901978766195
292.04999999998904 0.0017759867333462175
292.05999999998903 0.0016243745696898177
292.069999999989 0.001482599876802689
292.079999999989 0.0013503714619330749
292.089999999989 0.0012273664075008218
292.099999999989 0.001113235522716518
292.109999999989 0.0010076085603932168
292.119999999989 0.0009100991581094012
292.12999999998897 0.0008203094705725426
292.13999999998896 0.0007378344675172458
292.14999999998895 0.0006622658786367944
292.15999999998894 0.0005931957737957821
292.16999999998893 0.0005302197730260712
292.1799999999889 0.0004729398865078648
292.1899999999889 0.0004209669898388182
292.1999999999889 0.00037392294436968635
292.2099999999889 0.0003314423762231031
292.2199999999889 0.0002931741308145623
292.2299999999889 0.0002587824222756153
292.23999999998887 0.00022794769916335332
292.24999999998886 0.0002003672492609239
292.25999999998885 0.00017575556717168303
292.26999999998884 0.00015384450883063492
292.27999999998883 0.00013438325705078576
292.2899999999888 0.00011713812184099201
292.2999999999888 0.00010189219852870154
292.3099999999888 8.844490574823055e-05
292.3199999999888 7.661142416401376e-05
292.3299999999888 6.62220554374177e-05
292.3399999999888 5.7121519460959366e-05
292.34999999998877 4.916820631725176e-05
292.35999999998876 4.223339780979658e-05
292.36999999998875 3.620047179265343e-05
292.37999999998874 3.096410092542182e-05
292.38999999998873 2.642945592381028e-05
292.3999999999887 2.2511421884953105e-05
292.4099999999887 1.9133834857012614e-05
292.4199999999887 1.6228744507013505e-05
292.4299999999887 1.3735707528224639e-05
292.4399999999887 1.1601115324392354e-05
292.4499999999887 9.777558515493875e-06
292.45999999998867 8.223229928643158e-06
292.46999999998866 6.901366966422739e-06
292.47999999998865 5.779733579518331e-06
292.48999999998864 4.830141505960362e-06
292.49999999998863 4.02800996928167e-06
292.5099999999886 3.3519626454409024e-06
292.5199999999886 2.7834604058679195e-06
292.5299999999886 2.3064681136062407e-06
292.5399999999886 1.907153583329125e-06
292.5499999999886 1.5736167061598043e-06
292.5599999999886 1.2956466791487699e-06
292.56999999998857 1.064505259727221e-06
292.57999999998856 8.727339806906285e-07
292.58999999998855 7.13983305005088e-07
292.59999999998854 5.828617662594675e-07
292.60999999998853 4.748032247691325e-07
292.6199999999885 3.859504666110661e-07
292.6299999999885 3.1305347924353995e-07
292.6399999999885 2.5338084939312093e-07
292.6499999999885 2.0464284365508533e-07
292.6599999999885 1.6492484731285438e-07
292.6699999999885 1.3262995024630466e-07
292.67999999998847 1.0642957887988345e-07
292.68999999998846 8.522117869205068e-08
292.69999999998845 6.80920519576898e-08
292.70999999998844 5.428854949030371e-08
292.71999999998843 4.3189902791863667e-08
292.7299999999884 3.4286064003796085e-08
292.7399999999884 2.7158995344636296e-08
292.7499999999884 2.1466917411978902e-08
292.7599999999884 1.693108701575216e-08
292.7699999999884 1.3324730372584914e-08
292.7799999999884 1.0463806860401264e-08
292.78999999998837 8.199322480455562e-09
292.79999999998836 6.4109510961311965e-09
292.80999999998835 5.001755819721612e-09
292.81999999998834 3.8938330058389394e-09
292.82999999998833 3.0247275805928128e-09
292.8399999999883 2.3444912722670205e-09
292.8499999999883 1.813275075746667e-09
292.8599999999883 1.3993643208810427e-09
292.8699999999883 1.077579341349173e-09
292.8799999999883 8.279772469923695e-10
292.8899999999883 6.348009548175265e-10
292.89999999998827 4.856306724034073e-10
292.90999999998826 3.7070066816682395e-10
292.91999999998825 2.823505984209017e-10
292.92999999998824 2.1458606201769975e-10
292.93999999998823 1.6272756991282524e-10
292.9499999999882 1.2313088085464524e-10
292.9599999999882 9.296478024470021e-11
292.9699999999882 7.003496639282709e-11
292.9799999999882 5.2644842560543274e-11
292.9899999999882 3.9485767847818274e-11
292.9999999999882 2.955075790044334e-11
293.00999999998817 2.2066800961627207e-11
293.01999999998816 1.644191113108276e-11
293.02999999998815 1.2223816896672497e-11
293.03999999998814 9.067811019148766e-12
293.04999999998813 6.711794387462321e-12
293.0599999999881 4.956953756359735e-12
293.0699999999881 3.652839769908858e-12
293.0799999999881 2.6858725983941783e-12
293.0899999999881 1.9705104098647016e-12
293.0999999999881 1.4424810425631769e-12
293.1099999999881 1.0536080401231186e-12
293.11999999998807 7.678654956319284e-13
293.12999999998806 5.583774702077924e-13
293.13999999998805 4.0514159040969776e-13
293.14999999998804 2.9330639861032267e-13
293.15999999998803 2.1187103124573576e-13
293.169999999988 1.5270615185222946e-13
293.179999999988 1.0981861931354418e-13
293.189999999988 7.880059745748191e-14
293.199999999988 5.641787519612194e-14
293.209999999988 4.0302986881946266e-14
293.219999999988 2.8727024694332593e-14
293.22999999998797 2.0430386949847162e-14
293.23999999998796 1.4497552732916515e-14
293.24999999998795 1.0264660748970237e-14
293.25999999998794 7.251468207039036e-15
293.26999999998793 5.111382601190254e-15
293.2799999999879 3.594856753351295e-15
293.2899999999879 2.5226396145562073e-15
293.2999999999879 1.7662774736314165e-15
293.3099999999879 1.2339354072830105e-15
293.3199999999879 8.601127536763141e-16
293.3299999999879 5.982015135788212e-16
293.33999999998787 4.1511505812379376e-16
293.34999999998786 2.8742069449763653e-16
293.35999999998785 1.9856187348366485e-16
293.36999999998784 1.368679270131653e-16
293.37999999998783 9.4131557234921e-17
293.3899999999878 6.45946062552942e-17
293.3999999999878 4.4226692638153245e-17
293.4099999999878 3.021340071423596e-17
293.4199999999878 2.0594035036066613e-17
293.4299999999878 1.4005858290698913e-17
293.4399999999878 9.503951538814836e-18
293.44999999998777 6.4346461425010945e-18
293.45999999998776 4.346812092168429e-18
293.46999999998775 2.929831084278534e-18
293.47999999998774 1.970332849748419e-18
293.48999999998773 1.3220920693655364e-18
293.4999999999877 8.851333004101185e-19
293.5099999999877 5.912624984022026e-19
293.5199999999877 3.9407280347085366e-19
293.5299999999877 2.620576690249058e-19
293.5399999999877 1.7387669430389588e-19
293.5499999999877 1.151091327154676e-19
293.55999999998767 7.603296264273691e-20
293.56999999998766 5.0109214219631805e-20
293.57999999998765 3.295009316930461e-20
293.58999999998764 2.1618169022977115e-20
293.59999999998763 1.4151556556250556e-20
293.6099999999876 9.242988147611307e-21
293.6199999999876 6.0234222051332204e-21
293.6299999999876 3.91648787882944e-21
293.6399999999876 2.5408129261926556e-21
293.6499999999876 1.6446400808469102e-21
293.6599999999876 1.0621630372024815e-21
293.66999999998757 6.844370226380403e-22
293.67999999998756 4.400455793615281e-22
293.68999999998755 2.822822426328928e-22
293.69999999998754 1.8067208405948345e-22
293.70999999998753 1.1537720709006074e-22
293.7199999999875 7.351404830387379e-23
293.7299999999875 4.6734961223499476e-23
293.7399999999875 2.964384590496719e-23
293.7499999999875 1.876066404140086e-23
293.7599999999875 1.1846300727067453e-23
293.7699999999875 7.463423393495233e-24
293.77999999998747 4.6915254750404756e-24
293.78999999998746 2.9424605462629752e-24
293.79999999998745 1.8413132873343958e-24
293.80999999998744 1.1496485529782687e-24
293.81999999998743 7.161809786414284e-25
293.8299999999874 4.451441284301558e-25
293.8399999999874 2.760569002574028e-25
293.8499999999874 1.7081128777739195e-25
293.8599999999874 1.0545190798131476e-25
293.8699999999874 6.495493430918471e-26
293.8799999999874 3.9919914479326746e-26
293.88999999998737 2.4478608399037166e-26
293.89999999998736 1.4976262267856726e-26
293.90999999998735 9.141967281191521e-27
293.91999999998734 5.56795000849928e-27
293.92999999998733 3.3835325472915424e-27
293.9399999999873 2.0514677084021936e-27
293.9499999999873 1.2410184516686782e-27
293.9599999999873 7.490502470684382e-28
293.9699999999873 4.510895417651619e-28
293.9799999999873 2.7104012883416923e-28
293.9899999999873 1.6248878806431846e-28
293.99999999998727 9.719235622021846e-29
294.00999999998726 5.800423052100917e-29
294.01999999998725 3.453870252946125e-29
294.02999999998724 2.051970447975904e-29
294.03999999998723 1.216339649298277e-29
294.0499999999872 7.193781641837577e-30
294.0599999999872 4.24500505904363e-30
294.0699999999872 2.4992960097559284e-30
294.0799999999872 1.468167657640496e-30
294.0899999999872 8.605022984887242e-31
294.0999999999872 5.032071400715775e-31
294.10999999998717 2.9360259316233425e-31
294.11999999998716 1.7091936355789567e-31
294.12999999998715 9.927522752803485e-32
294.13999999998714 5.753190000777549e-32
294.14999999998713 3.3265549617149176e-32
294.1599999999871 1.919105322225749e-32
294.1699999999871 1.1046405902293304e-32
294.1799999999871 6.343971565383441e-33
294.1899999999871 3.635125955765165e-33
294.1999999999871 2.078239852773237e-33
294.2099999999871 1.1854679244786432e-33
294.21999999998707 6.746862292291435e-34
294.22999999998706 3.8311728839488233e-34
294.23999999998705 2.1705984449085132e-34
294.24999999998704 1.2270013090651995e-34
294.25999999998703 6.920354383737983e-35
294.269999999987 3.8942998092475863e-35
294.279999999987 2.1864932570849307e-35
294.289999999987 1.2248547282862498e-35
294.299999999987 6.846028099527671e-36
294.309999999987 3.817775600960621e-36
294.319999999987 2.124221101163579e-36
294.32999999998697 1.1792519772163213e-36
294.33999999998696 6.531772594255968e-37
294.34999999998695 3.6097159086821906e-37
294.35999999998694 1.9903639217979876e-37
294.36999999998693 1.0949881899415931e-37
294.3799999999869 6.010406332558973e-38
294.3899999999869 3.2916652575031534e-38
294.3999999999869 1.7986427201708174e-38
294.4099999999869 9.805991991760703e-39
294.4199999999869 5.3340309716637244e-39
294.4299999999869 2.8949220939179355e-39
294.43999999998687 1.5676010944145982e-39
294.44999999998686 8.469378571301721e-40
294.45999999998685 4.565462980296065e-40
294.46999999998684 2.455474224012369e-40
294.47999999998683 1.3176594774948698e-40
294.4899999999868 7.05485740738392e-41
294.4999999999868 3.7686908503700027e-41
294.5099999999868 2.008676474124073e-41
294.5199999999868 1.0681854643195442e-41
294.5299999999868 5.667617208569371e-42
294.5399999999868 3.0003472219108865e-42
294.54999999998677 1.5847460226479725e-42
294.55999999998676 8.351509038597617e-43
294.56999999998675 4.3912418678004764e-43
294.57999999998674 2.3037050065304616e-43
294.58999999998673 1.2058227273605394e-43
294.5999999999867 6.297340013713208e-44
294.6099999999867 3.2813147201305995e-44
294.6199999999867 1.7059083098254914e-44
294.6299999999867 8.848721466700172e-45
294.6399999999867 4.579545684884418e-45
294.6499999999867 2.3647285036684677e-45
294.65999999998667 1.2183082503093254e-45
294.66999999998666 6.262533790094282e-46
294.67999999998665 3.2118848481556953e-46
294.68999999998664 1.6435647891756514e-46
294.69999999998663 8.391327247922322e-47
294.7099999999866 4.2745602792656744e-47
294.7199999999866 2.1725470079694806e-47
294.7299999999866 1.1017012904426776e-47
294.7399999999866 5.574109101383932e-48
294.7499999999866 2.813869769581129e-48
294.7599999999866 1.4172596942589468e-48
294.76999999998657 7.122160959915056e-49
294.77999999998656 3.571009702323791e-49
294.78999999998655 1.786434781130426e-49
294.79999999998654 8.916618454901433e-50
294.80999999998653 4.440481612715482e-50
294.8199999999865 2.20636234193806e-50
294.8299999999865 1.0938063930679404e-50
294.8399999999865 5.410294830170983e-51
294.8499999999865 2.6700429934165208e-51
294.8599999999865 1.3147174202748906e-51
294.8699999999865 6.458972194489644e-52
294.87999999998647 3.1660024075312276e-52
294.88999999998646 1.548374067401615e-52
294.89999999998645 7.555398121748808e-53
294.90999999998644 3.678371843669012e-53
294.91999999998643 1.7867784700253128e-53
294.9299999999864 8.659694915755e-54
294.9399999999864 4.1874657501029345e-54
294.9499999999864 2.020304045883717e-54
294.9599999999864 9.725209909752672e-55
294.9699999999864 4.6708725175562005e-55
294.9799999999864 2.2382769363097645e-55
294.98999999998637 1.0701542872620113e-55
294.99999999998636 5.104999899188677e-56
295.00999999998635 2.4297514040212877e-56
295.01999999998634 1.1538376425355027e-56
295.02999999998633 5.46694013191456e-57
295.0399999999863 2.584405652047834e-57
295.0499999999863 1.2189721736532803e-57
295.0599999999863 5.7364556861176216e-58
295.0699999999863 2.6934581509907275e-58
295.0799999999863 1.261808810807081e-58
295.0899999999863 5.897848463697823e-59
295.09999999998627 2.7504920331194688e-59
295.10999999998626 1.2798052778362042e-59
295.11999999998625 5.941472933891906e-60
295.12999999998624 2.7520800798111354e-60
295.13999999998623 1.271875861352636e-60
295.1499999999862 5.864690457258033e-61
295.1599999999862 2.6981256636383614e-61
295.1699999999862 1.238499845141984e-61
295.1799999999862 5.67213349190939e-62
295.1899999999862 2.591872477858253e-62
295.1999999999862 1.1816735495211463e-62
295.20999999998617 5.375242893609994e-63
295.21999999998616 2.4395816914390823e-63
295.22999999998615 1.1047126499866059e-63
295.23999999998614 4.9911425808857694e-64
295.24999999998613 2.2499212165069617e-64
295.2599999999861 1.0119319978554943e-64
295.2699999999861 4.541005493642543e-65
295.2799999999861 2.0331499238834315e-65
295.2899999999861 9.082459259695548e-66
295.2999999999861 4.04812754071518e-66
295.3099999999861 1.8002034435401655e-66
295.31999999998607 7.987404156526662e-67
295.32999999998606 3.535952323500868e-67
295.33999999998605 1.5617942095385838e-67
295.34999999998604 6.882684803308963e-68
295.35999999998603 3.026276585134057e-68
295.369999999986 1.3276268158874504e-68
295.379999999986 5.811123084353703e-69
295.389999999986 2.5378198572072195e-69
295.399999999986 1.1058040218870217e-69
295.409999999986 4.8074214248194786e-70
295.419999999986 2.0852727985066794e-70
295.42999999998597 9.024646806293586e-71
295.43999999998596 3.896854597137197e-71
295.44999999998595 1.678861377962982e-71
295.45999999998594 7.21659152222252e-72
295.46999999998593 3.095038505419558e-72
295.4799999999859 1.3243922631488965e-72
295.4899999999859 5.6543652431999247e-73
295.4999999999859 2.408616876512148e-73
295.5099999999859 1.0236894654045975e-73
295.5199999999859 4.340956004642272e-74
295.5299999999859 1.836619430542292e-74
295.53999999998587 7.752996786324427e-75
295.54999999998586 3.265402126401802e-75
295.55999999998585 1.372209353839145e-75
295.56999999998584 5.753348950854327e-76
295.57999999998583 2.4067871863360076e-76
295.5899999999858 1.0045494027185993e-76
295.5999999999858 4.183324383690296e-77
295.6099999999858 1.738154657192634e-77
295.6199999999858 7.205629407105932e-78
295.6299999999858 2.980382868564321e-78
295.6399999999858 1.2299538726479883e-78
295.64999999998577 5.06433258548418e-79
295.65999999998576 2.0805216611879545e-79
295.66999999998575 8.527837022530791e-80
295.67999999998574 3.4875638589638395e-80
295.68999999998573 1.4230562628189239e-80
295.6999999999857 5.793467813717042e-81
295.7099999999857 2.3532699576308322e-81
295.7199999999857 9.537213971200165e-82
295.7299999999857 3.856451955425999e-82
295.7399999999857 1.555861543994883e-82
295.7499999999857 6.262829516734194e-83
295.75999999998567 2.5152829920264817e-83
295.76999999998566 1.0079053240941168e-83
295.77999999998565 4.0296677952640527e-84
295.78999999998564 1.6074422133231959e-84
295.79999999998563 6.397615172002203e-85
295.8099999999856 2.5404899143777714e-85
295.8199999999856 1.0065456012295001e-85
295.8299999999856 3.978927746152419e-86
295.8399999999856 1.569333578614853e-86
295.8499999999856 6.175627583630251e-87
295.8599999999856 2.4247308907099136e-87
295.86999999998557 9.498665803261091e-88
295.87999999998556 3.7126010710581066e-88
295.88999999998555 1.447806686494109e-88
295.89999999998554 5.633255958023378e-89
295.90999999998553 2.1868802642296716e-89
295.9199999999855 8.470462795974898e-90
295.9299999999855 3.2734513166927254e-90
295.9399999999855 1.262179860524524e-90
295.9499999999855 4.8557153352048284e-91
295.9599999999855 1.8638107084243524e-91
295.9699999999855 7.137843118793773e-92
295.97999999998547 2.727399808048116e-92
295.98999999998546 1.0397938004730056e-92
295.99999999998545 3.9551435672075715e-93
296.00999999998544 1.5010456202339366e-93
296.01999999998543 5.683843884284379e-94
296.0299999999854 2.147370584940642e-94
296.0399999999854 8.094470938644058e-95
296.0499999999854 3.0442936776628965e-95
296.0599999999854 1.1423553822517059e-95
296.0699999999854 4.276933792322229e-96
296.0799999999854 1.5976455381587866e-96
296.08999999998537 5.954495103925332e-97
296.09999999998536 2.2142469850925097e-97
296.10999999998535 8.215306845616544e-98
296.11999999998534 3.041151975957081e-98
296.12999999998533 1.1232309598653736e-98
296.1399999999853 4.13920193333228e-99
296.1499999999853 1.521881261360936e-99
296.1599999999853 5.582921632250326e-100
296.1699999999853 2.043425929805992e-100
296.1799999999853 7.46230291876573e-101
296.1899999999853 2.7189639839857864e-101
296.19999999998527 9.88440748738056e-102
296.20999999998526 3.585208626434251e-102
296.21999999998525 1.2974625458119074e-102
296.22999999998524 4.684808382399877e-103
296.23999999998523 1.6877395959217189e-103
296.2499999999852 6.066464376510187e-104
296.2599999999852 2.1756171248937355e-104
296.2699999999852 7.78477186740766e-105
296.2799999999852 2.7792391315476237e-105
296.2899999999852 9.89971167502786e-106
296.2999999999852 3.518323591307452e-106
296.30999999998517 1.2475719986981386e-106
296.31999999998516 4.41379400709741e-107
296.32999999998515 1.5580274550887116e-107
296.33999999998514 5.4872501079985005e-108
296.34999999998513 1.928195249130194e-108
296.3599999999851 6.760267242570313e-109
296.3699999999851 2.3647940488585153e-109
296.3799999999851 8.253523384881256e-110
296.3899999999851 2.874101169541626e-110
296.3999999999851 9.985764498340982e-111
296.4099999999851 3.461602456893612e-111
296.41999999998507 1.1972632828415294e-111
296.42999999998506 4.1316044831391924e-112
296.43999999998505 1.4225397754168467e-112
296.44999999998504 4.886824013385594e-113
296.45999999998503 1.6749644055812543e-113
296.469999999985 5.727974389801628e-114
296.479999999985 1.954398653679405e-114
296.489999999985 6.653372579625947e-115
296.499999999985 2.259889139906126e-115
296.509999999985 7.658593662321396e-116
296.519999999985 2.589569209856066e-116
296.52999999998497 8.736201026022751e-117
296.53999999998496 2.9405889214232774e-117
296.54999999998495 9.875580103064956e-118
296.55999999998494 3.3090819046896753e-118
296.56999999998493 1.1062900816603502e-118
296.5799999999849 3.690176357970454e-119
296.5899999999849 1.228122892081192e-119
296.5999999999849 4.0780555031396094e-120
296.6099999999849 1.3510799187469832e-120
296.6199999999849 4.466070216108213e-121
296.6299999999849 1.4729454239813595e-121
296.63999999998487 4.846903410282343e-122
296.64999999998486 1.5913242301345592e-122
296.65999999998485 5.212782285588145e-123
296.66999999998484 1.70371559490541e-123
296.67999999998483 5.555731020857541e-124
296.6899999999848 1.8075983014183767e-124
296.6999999999848 5.867853174056048e-125
296.7099999999848 1.9005231001791504e-125
296.7199999999848 6.141630260894344e-126
296.7299999999848 1.9802078720462532e-126
296.7399999999848 6.3702209825513244e-127
296.74999999998477 2.0446304022376162e-127
296.75999999998476 6.547744589576061e-128
296.76999999998475 2.0921135237819168e-128
296.77999999998474 6.66953204445393e-129
296.78999999998473 2.1213976349587608e-129
296.7999999999847 6.732330024516729e-130
296.8099999999847 2.1316962164344128e-130
296.8199999999847 6.734445326901619e-131
296.8299999999847 2.1227309330103787e-131
296.8399999999847 6.675820729137961e-132
296.8499999999847 2.094744133370338e-132
296.85999999998467 6.5580375613190545e-133
296.86999999998466 2.0484879642952605e-133
296.87999999998465 6.384244828480748e-134
296.88999999998464 1.9851907818413859e-134
296.89999999998463 6.159019317439495e-135
296.9099999999846 1.906502953170942e-135
296.9199999999846 5.888165362394294e-136
296.9299999999846 1.8144253866116905e-136
296.9399999999846 5.578466494151167e-137
296.9499999999846 1.7112251079780686e-137
296.9599999999846 5.2374037919117424e-138
296.96999999998457 1.5993428473835913e-138
296.97999999998456 4.872857218201055e-139
296.98999999998455 1.4812978734200135e-139
296.99999999998454 4.492806476235309e-140
297.00999999998453 1.3595952055551938e-140
297.0199999999845 4.1050470222030353e-141
297.0299999999845 1.2366398790011583e-141
297.0399999999845 3.716934929247908e-142
297.0499999999845 1.1146621859775224e-142
297.0599999999845 3.3351715526635066e-143
297.0699999999845 9.956568517431322e-144
297.07999999998447 2.9656356590081204e-144
297.08999999998446 8.813380142199852e-145
297.09999999998445 2.613267152788839e-145
297.10999999998444 7.731107568588588e-146
297.11999999998443 2.2820030554474048e-146
297.1299999999844 6.720588840310272e-147
297.1399999999844 1.974763223349483e-147
297.1499999999844 5.7894770145245445e-148
297.1599999999844 1.6934806421630124e-148
297.1699999999844 4.942398265548735e-149
297.1799999999844 1.4391691457654682e-149
297.18999999998437 4.181215386683582e-150
297.19999999998436 1.2120201479822413e-150
297.20999999998435 3.505368970754336e-151
297.21999999998434 1.0115194448110423e-151
297.22999999998433 2.9122679631817537e-152
297.2399999999843 8.365752825748371e-153
297.2499999999843 2.397702653846693e-153
297.2599999999843 6.856495862262112e-154
297.2699999999843 1.956256111426583e-154
297.2799999999843 5.56885364207648e-155
297.2899999999843 1.5816941037930368e-155
297.29999999998427 4.4822470110646634e-156
297.30999999998426 1.2673182120420323e-156
297.31999999998425 3.5751326861011634e-157
297.32999999998424 1.0062716849315255e-157
297.33999999998423 2.82588796087464e-158
297.3499999999842 7.917922106247868e-159
297.3599999999842 2.2135233611197732e-159
297.3699999999842 6.17409906554895e-160
297.3799999999842 1.71822358645322e-160
297.3899999999842 4.7709224598572746e-161
297.3999999999842 1.3217266261318694e-161
297.40999999998417 3.6534024750092096e-162
297.41999999998416 1.007557864677163e-162
297.42999999998415 2.772420330777755e-163
297.43999999998414 7.611403603897946e-164
297.44999999998413 2.084908630262402e-164
297.4599999999841 5.698045351266392e-165
297.4699999999841 1.5537508344124348e-165
297.4799999999841 4.2272063388007744e-166
297.4899999999841 1.1474720566928165e-166
297.4999999999841 3.1077593982023157e-167
297.5099999999841 8.397872128327211e-168
297.51999999998407 2.2641631894325816e-168
297.52999999998406 6.090638061972894e-169
297.53999999998405 1.634686431598923e-169
297.54999999998404 4.37746540361405e-170
297.55999999998403 1.169573678505818e-170
297.569999999984 3.1178057103089203e-171
297.579999999984 8.292531106263354e-172
297.589999999984 2.2006033476789716e-172
297.599999999984 5.826570801707933e-173
297.609999999984 1.5392206666537298e-173
297.619999999984 4.057003126883113e-174
297.62999999998397 1.0669065904135524e-174
297.63999999998396 2.7993941587241345e-175
297.64999999998395 7.328554216848657e-176
297.65999999998394 1.914208132574497e-176
297.66999999998393 4.988576169156272e-177
297.6799999999839 1.2971214980943984e-177
297.6899999999839 3.365125810199846e-178
297.6999999999839 8.710409097141491e-179
297.7099999999839 2.2495331564767797e-179
297.7199999999839 5.796460003448337e-180
297.7299999999839 1.490218282210465e-180
297.73999999998387 3.8225531214730646e-181
297.74999999998386 9.783038679745686e-182
297.75999999998385 2.4981045510933476e-182
297.76999999998384 6.3644964610484e-183
297.77999999998383 1.6178344793199029e-183
297.7899999999838 4.103181454945298e-184
297.7999999999838 1.0383026400832994e-184
297.8099999999838 2.621463361089426e-185
297.8199999999838 6.60359187982924e-186
297.8299999999838 1.6597139957496227e-186
297.8399999999838 4.1620077680171296e-187
297.84999999998377 1.0413317626290469e-187
297.85999999998376 2.599512697662638e-188
297.86999999998375 6.4745765450109405e-189
297.87999999998374 1.6089679562200095e-189
297.88999999998373 3.9893305142504823e-190
297.8999999999837 9.868911210098481e-191
297.9099999999837 2.4358753647674724e-191
297.9199999999837 5.998704702112589e-192
297.9299999999837 1.473928791914321e-192
297.9399999999837 3.6133673855747857e-193
297.9499999999837 8.838210415376308e-194
297.95999999998367 2.156915602747814e-194
297.96999999998366 5.251925611281667e-195
297.97999999998365 1.2759115793530685e-195
297.98999999998364 3.0927099410505544e-196
297.99999999998363 7.479531586171316e-197
298.0099999999836 1.8047880615825e-197
298.0199999999836 4.3450483874818955e-198
298.0299999999836 1.0437094691257978e-198
298.0399999999836 2.5013889604799046e-199
298.0499999999836 5.981352984830444e-200
298.0599999999836 1.4270337199074303e-200
298.06999999998357 3.39692248466544e-201
298.07999999998356 8.067772380432253e-202
298.08999999998355 1.9117814158596946e-202
298.09999999998354 4.5200103899788354e-203
298.10999999998353 1.0662455444005267e-203
298.1199999999835 2.5095255653197593e-204
298.1299999999835 5.893083816217986e-205
298.1399999999835 1.380734607673242e-205
298.1499999999835 3.227709210833384e-206
298.1599999999835 7.528270083713687e-207
298.1699999999835 1.751913180230096e-207
298.17999999998347 4.067678006359336e-208
298.18999999998346 9.423172758086765e-209
298.19999999998345 2.1780324100681505e-209
298.20999999998344 5.0228258579896634e-210
298.21999999998343 1.1557090217605226e-210
298.2299999999834 2.6531724824897163e-211
298.2399999999834 6.07713751650173e-212
298.2499999999834 1.3888304894547833e-212
298.2599999999834 3.166766332677594e-213
298.2699999999834 7.204426164311999e-214
298.2799999999834 1.6353072763550264e-214
298.28999999998337 3.7035306420487287e-215
298.29999999998336 8.368528779787015e-216
298.30999999998335 1.8866827752904725e-216
298.31999999998334 4.24390109197039e-217
298.32999999998333 9.524632364673094e-218
298.3399999999833 2.1327884894362916e-218
298.3499999999833 4.765011504330316e-219
298.3599999999833 1.0621765704757744e-219
298.3699999999833 2.3623599986820796e-220
298.3799999999833 5.242181357102671e-221
298.3899999999833 1.1606321638122073e-221
298.39999999998327 2.563856775079324e-222
298.40999999998326 5.65079455474602e-223
298.41999999998325 1.242630114145167e-223
298.42999999998324 2.726407884785756e-224
298.43999999998323 5.96837884932599e-225
298.4499999999832 1.303582539935094e-225
298.4599999999832 2.840777934131682e-226
298.4699999999832 6.176644920433381e-227
298.4799999999832 1.3399376305555735e-227
298.4899999999832 2.9002346105953914e-228
298.4999999999832 6.2632287953282576e-229
298.50999999998317 1.3495221626169375e-229
298.51999999998316 2.9012046462925384e-230
298.52999999998315 6.222906936163497e-231
298.53999999998314 1.3317565659404374e-231
298.54999999998313 2.843629335570253e-232
298.5599999999831 6.058117937232833e-233
298.5699999999831 1.2877129414549878e-233
298.5799999999831 2.730970416543679e-234
298.5899999999831 5.7787183736857514e-235
298.5999999999831 1.2200079543949893e-235
298.6099999999831 2.5698654971382223e-236
298.61999999998307 5.401006794769285e-237
298.62999999998306 1.1325454832141914e-237
298.63999999998305 2.3694807227603645e-238
298.64999999998304 4.946150261717517e-239
298.65999999998303 1.0301442213463711e-239
298.669999999983 2.140648466859881e-240
298.679999999983 4.438224600347252e-241
298.689999999983 9.180995978588688e-242
298.699999999983 1.894902709161923e-242
298.709999999983 3.902120125894201e-243
298.719999999983 8.017352003974191e-244
298.72999999998297 1.6435308764092094e-244
298.73999999998296 3.3615639814822723e-245
298.74999999998295 6.859958598907257e-246
298.75999999998294 1.3967484764733703e-246
298.76999999998293 2.8374715558649772e-247
298.7799999999829 5.751239133007884e-248
298.7899999999829 1.1630755693532827e-248
298.7999999999829 2.3467727666615367e-249
298.8099999999829 4.7244444272950176e-250
298.8199999999829 9.489581250049094e-251
298.8299999999829 1.9017785776377184e-251
298.83999999998287 3.8026771244982717e-252
298.84999999998286 7.586396758020075e-253
298.85999999998285 1.5100740708320206e-253
298.86999999998284 2.999007470750881e-254
298.87999999998283 5.942558195593693e-255
298.8899999999828 1.1748595136406951e-255
298.8999999999828 2.3174748579945558e-256
298.9099999999828 4.561006835765286e-257
298.9199999999828 8.956184131463421e-258
298.9299999999828 1.7546960683621136e-258
298.9399999999828 3.43002583317844e-259
298.94999999998277 6.68974367435692e-260
298.95999999998276 1.3017817023763983e-260
298.96999999998275 2.527455086855138e-261
298.97999999998274 4.896044196773537e-262
298.98999999998273 9.462890417853974e-263
298.9999999999827 1.8248152048493497e-263
299.0099999999827 3.5109978996391923e-264
299.0199999999827 6.739983712765526e-265
299.0299999999827 1.2909330605400486e-265
299.0399999999827 2.466977553194217e-266
299.0499999999827 4.703739602624488e-267
299.05999999998267 8.948246587306557e-268
299.06999999998266 1.698436108405966e-268
299.07999999998265 3.216452067121968e-269
299.08999999998264 6.077452202407495e-270
299.09999999998263 1.145730880801119e-270
299.1099999999826 2.1550645564428806e-271
299.1199999999826 4.044404160569992e-272
299.1299999999826 7.572955613805331e-273
299.1399999999826 1.4147929040673345e-273
299.1499999999826 2.63716275292917e-274
299.1599999999826 4.904532221690871e-275
299.16999999998256 9.100701077013551e-276
299.17999999998256 1.6848789558500896e-276
299.18999999998255 3.1122835762993683e-277
299.19999999998254 5.735961327194636e-278
299.20999999998253 1.0547508083770215e-278
299.2199999999825 1.9351298757776823e-279
299.2299999999825 3.542313282390011e-280
299.2399999999825 6.469644479575013e-281
299.2499999999825 1.1789366337346543e-281
299.2599999999825 2.14346851532773e-282
299.2699999999825 3.8883052621898e-283
299.27999999998246 7.037528978457638e-284
299.28999999998246 1.2708568610220015e-284
299.29999999998245 2.2897584919266374e-285
299.30999999998244 4.116227003857233e-286
299.31999999998243 7.382875677054908e-287
299.3299999999824 1.3211994727546292e-287
299.3399999999824 2.3589993805978686e-288
299.3499999999824 4.202462634556352e-289
299.3599999999824 7.469585335486503e-290
299.3699999999824 1.3246639712654433e-290
299.3799999999824 2.3438593887382625e-291
299.38999999998236 4.137842755355008e-292
299.39999999998236 7.288413602336934e-293
299.40999999998235 1.2808805643657575e-293
299.41999999998234 2.2459540172171683e-294
299.42999999998233 3.929250197709939e-295
299.4399999999823 6.858594164460006e-296
299.4499999999823 1.1944751696969475e-296
299.4599999999823 2.0755621654031767e-297
299.4699999999823 3.598412638789867e-298
299.4799999999823 6.224475761632667e-299
299.4899999999823 1.07426442852828e-299
299.49999999998226 1.8498487031115816e-300
299.50999999998226 3.178175109792212e-301
299.51999999998225 5.44798663460572e-302
299.52999999998224 9.317745485224724e-303
299.53999999998223 1.5900187738558495e-303
299.5499999999822 2.707137155434924e-304
299.5599999999822 4.598697741562013e-305
299.5699999999822 7.794281205328448e-306
299.5799999999822 1.3180560345313455e-306
299.5899999999822 2.223864263163649e-307
299.5999999999822 3.743684804841611e-308
299.60999999998216 6.28791809639837e-309
299.61999999998216 1.05373419643596e-309
299.62999999998215 1.76186192828067e-310
299.63999999998214 2.939200863608e-311
299.64999999998213 4.89218938231e-312
299.6599999999821 8.1244478171e-313
299.6699999999821 1.346173525e-313
299.6799999999821 2.22548584e-314
299.6899999999821 3.670838046e-315
299.6999999999821 6.04118605e-316
299.7099999999821 9.9196376e-317
299.71999999998206 1.625122e-317
299.72999999998206 2.656393e-318
299.73999999998205 4.33226e-319
299.74999999998204 7.0493e-320
299.759999999982 1.1443e-320
299.769999999982 1.853e-321
299.779999999982 3e-322
299.789999999982 5e-323
299.799999999982 1e-323
299.809999999982 0.0
299.819999999982 0.0
299.82999999998196 0.0
299.83999999998196 0.0
299.84999999998195 0.0
299.85999999998194 0.0
299.8699999999819 0.0
299.8799999999819 0.0
299.8899999999819 0.0
299.8999999999819 0.0
299.9099999999819 0.0
299.9199999999819 0.0
299.9299999999819 0.0
299.93999999998186 0.0
299.94999999998186 0.0
299.95999999998185 0.0
299.96999999998184 0.0
299.9799999999818 0.0
299.9899999999818 0.0
