280.0 7.085096566307991e-11
280.01 9.645054857362165e-11
280.02 1.3100269467292736e-10
280.03 1.775302458960231e-10
280.03999999999996 2.400385965541239e-10
280.04999999999995 3.238220380892883e-10
280.05999999999995 4.358613136781172e-10
280.06999999999994 5.853381677498342e-10
280.0799999999999 7.842995444732896e-10
280.0899999999999 1.0485126643917968e-09
280.0999999999999 1.398562878558555e-09
280.1099999999999 1.861259432923718e-09
280.1199999999999 2.4714306335138638e-09
280.1299999999999 3.274210054784641e-09
280.1399999999999 4.327940174920897e-09
280.14999999999986 5.707850093382935e-09
280.15999999999985 7.51070089439817e-09
280.16999999999985 9.860637061134475e-09
280.17999999999984 1.2916536628153804e-08
280.1899999999998 1.6881218232715884e-08
280.1999999999998 2.2012941902382614e-08
280.2099999999998 2.8639734603084648e-08
280.2199999999998 3.717718389223157e-08
280.2299999999998 4.815047644147877e-08
280.2399999999998 6.22216160422162e-08
280.2499999999998 8.022294169140684e-08
280.25999999999976 1.031982845718544e-07
280.26999999999975 1.3245335767296736e-07
280.27999999999975 1.6961726830507998e-07
280.28999999999974 2.1671738705032704e-07
280.2999999999997 2.762702022762981e-07
280.3099999999997 3.5139124295949905e-07
280.3199999999997 4.459276701067281e-07
280.3299999999997 5.646177244184097e-07
280.3399999999997 7.132818807527828e-07
280.3499999999997 8.990513038143569e-07
280.3599999999997 1.1306400290940326e-06
280.36999999999966 1.4186682123245497e-06
280.37999999999965 1.776044802230418e-06
280.38999999999965 2.2184190961447533e-06
280.39999999999964 2.764711835027754e-06
280.4099999999996 3.4377377798235118e-06
280.4199999999996 4.264933078016894e-06
280.4299999999996 5.279202166984892e-06
280.4399999999996 6.519900454108694e-06
280.4499999999996 8.033970542326154e-06
280.4599999999996 9.877251307738783e-06
280.4699999999996 1.2115980650419691e-05
280.47999999999956 1.4828514190921623e-05
280.48999999999955 1.8107283525635456e-05
280.49999999999955 2.2061018828346167e-05
280.50999999999954 2.681726152871691e-05
280.5199999999995 3.252519343787455e-05
280.5299999999995 3.9358808944887935e-05
280.5399999999995 4.752045668541168e-05
280.5499999999995 5.724477628699058e-05
280.5599999999995 6.880305431954382e-05
280.5699999999995 8.250802131405004e-05
280.5799999999995 9.871910854358192e-05
280.58999999999946 0.00011784817907360551
280.59999999999945 0.00014036574226963217
280.60999999999945 0.0001668076543918552
280.61999999999944 0.00019778230000948375
280.6299999999994 0.0002339782396468893
280.6399999999994 0.0002761722982629441
280.6499999999994 0.0003252380568214887
280.6599999999994 0.00038215469532205785
280.6699999999994 0.00044801612024861524
280.6799999999994 0.0005240402925246067
280.6899999999994 0.0006115786538469266
280.69999999999936 0.0007121255298740047
280.70999999999935 0.0008273273683864699
280.71999999999935 0.0009589916495066793
280.72999999999934 0.0011090952837043344
280.7399999999993 0.0012797922920441298
280.7499999999993 0.0014734205424282419
280.7599999999993 0.0016925072959959612
280.7699999999993 0.001939773299968229
280.7799999999993 0.0022181351477229337
280.7899999999993 0.0025307056144567414
280.7999999999993 0.002880791668162121
280.80999999999926 0.003271889851571116
280.81999999999925 0.0037076787319367567
280.82999999999925 0.004192008122764002
280.83999999999924 0.0047288847955471005
280.8499999999992 0.005322454420834126
280.8599999999992 0.005976979507044405
280.8699999999992 0.006696813142814204
280.8799999999992 0.007486368394498004
280.8899999999992 0.00835008326489478
280.8999999999992 0.009292381182193192
280.9099999999992 0.010317627059213103
280.91999999999916 0.011430079041706318
280.92999999999915 0.01263383614996293
280.93999999999915 0.013932782109191981
280.94999999999914 0.0153305257597928
280.9599999999991 0.01683033853714068
280.9699999999991 0.018435089610078424
280.9799999999991 0.02014717936591682
280.9899999999991 0.021968472025204844
280.9999999999991 0.023900228259488523
281.0099999999991 0.025943038767292276
281.0199999999991 0.028096759835140546
281.02999999999906 0.030360451969115455
281.03999999999905 0.03273232272582795
281.04999999999905 0.03520967489752043
281.05999999999904 0.037788861212299234
281.069999999999 0.040465246695482876
281.079999999999 0.04323317980038054
281.089999999999 0.04608597335553537
281.099999999999 0.04901589629011728
281.109999999999 0.05201417698979191
281.119999999999 0.0550710190026557
281.129999999999 0.05817562965992768
281.13999999999896 0.061316262000840505
281.14999999999895 0.06448027019797664
281.15999999999894 0.06765417847111656
281.16999999999894 0.07082376325798949
281.1799999999989 0.07397414818309536
281.1899999999989 0.07708991113533288
281.1999999999989 0.0801552025361605
281.2099999999989 0.08315387365726223
281.2199999999989 0.08606961363509959
281.2299999999989 0.0888860936341763
281.2399999999989 0.09158711643603043
281.24999999999886 0.09415676958131697
281.25999999999885 0.096579580071854
281.26999999999884 0.09884066855165509
281.27999999999884 0.10092590083359711
281.2899999999988 0.10282203462359078
281.2999999999988 0.10451685931824539
281.3099999999988 0.1059993268155055
281.3199999999988 0.10725967138016013
281.3299999999988 0.10828951674615499
281.3399999999988 0.10908196881307282
281.3499999999988 0.1096316925019354
281.35999999999876 0.10993497157179957
281.36999999999875 0.10998975045894796
281.37999999999874 0.10979565747971014
281.38999999999874 0.10935400903051763
281.3999999999987 0.1086677947187971
281.4099999999987 0.10774164365965679
281.4199999999987 0.10658177246990024
281.4299999999987 0.10519591577671235
281.4399999999987 0.10359324032766906
281.4499999999987 0.10178424403619964
281.4599999999987 0.09978064151748638
281.46999999999866 0.0975952378598803
281.47999999999865 0.09524179253284186
281.48999999999864 0.09273487545160229
281.49999999999864 0.09008971729946437
281.5099999999986 0.08732205625010202
281.5199999999986 0.08444798323444062
281.5299999999986 0.08148378786065434
281.5399999999986 0.0784458070232655
281.5499999999986 0.07535027813081055
281.5599999999986 0.07221319874425207
281.5699999999986 0.06905019425405239
281.57999999999856 0.06587639503683018
281.58999999999855 0.06270632432739455
281.59999999999854 0.0595537978235018
281.60999999999854 0.05643183581382141
281.6199999999985 0.05335258838920639
281.6299999999985 0.05032727406817359
281.6399999999985 0.04736613194399213
281.6499999999985 0.04447838724708156
281.6599999999985 0.041672230016235316
281.6699999999985 0.038954806388709656
281.6799999999985 0.03633222185510676
281.68999999999846 0.033809555682307584
281.69999999999845 0.03139088558795344
281.70999999999844 0.029079321654020964
281.71999999999844 0.02687704839519188
281.7299999999984 0.0247853738497488
281.7399999999984 0.02280478453589109
281.7499999999984 0.020935005113469563
281.7599999999984 0.019175061608606426
281.7699999999984 0.017523347094595257
281.7799999999984 0.015977688774710886
281.7899999999984 0.014535415478765912
281.79999999999836 0.013193424662983002
281.80999999999835 0.01194824808952032
281.81999999999834 0.010796115455321113
281.82999999999834 0.009733015337463045
281.8399999999983 0.008754752921589667
281.8499999999983 0.007857004079215761
281.8599999999983 0.007035365456811002
281.8699999999983 0.0062854003329130175
281.8799999999983 0.005602680087675031
281.8899999999983 0.004982821211043847
281.8999999999983 0.004421517850275322
281.90999999999826 0.003914569964062349
281.91999999999825 0.0034579072087500343
281.92999999999824 0.003047608731744857
281.93999999999824 0.0026799190882928025
281.9499999999982 0.002351260530492479
281.9599999999982 0.0020582419420652463
281.9699999999982 0.001797664709498749
281.9799999999982 0.0015665258302904417
281.9899999999982 0.0013620185627991525
281.9999999999982 0.0011815309203748964
282.0099999999982 0.0010226423057195992
282.01999999999816 0.0008831185705832324
282.02999999999815 0.0007609057716612159
282.03999999999814 0.0006541228766447001
282.04999999999814 0.0005610536554622024
282.0599999999981 0.0004801379714667673
282.0699999999981 0.00040996266623854273
282.0799999999981 0.00034925221029715933
282.0899999999981 0.0002968592707955165
282.0999999999981 0.00025175532657386554
282.1099999999981 0.00021302144110263137
282.1199999999981 0.0001798392850831772
282.12999999999806 0.00015148248299713525
282.13999999999805 0.00012730834183138857
282.14999999999804 0.00010675000564191852
282.15999999999804 8.930906659591484e-05
282.169999999998 7.454865165004509e-05
282.179999999998 6.208699405341176e-05
282.189999999998 5.159149034990602e-05
282.199999999998 4.277323641876203e-05
282.209999999998 3.538203024071741e-05
282.219999999998 2.9201824405779947e-05
282.229999999998 2.4046607775783497e-05
282.23999999999796 1.9756693066087778e-05
282.24999999999795 1.6195385301261227e-05
282.25999999999794 1.324600501724472e-05
282.26999999999794 1.080923961982153e-05
282.2799999999979 8.800796364942612e-06
282.2899999999979 7.1493309067344195e-06
282.2999999999979 5.794626178195243e-06
282.3099999999979 4.68599745067189e-06
282.3199999999979 3.780900692990165e-06
282.3299999999979 3.0437227600881886e-06
282.3399999999979 2.444733433080839e-06
282.34999999999786 1.959180864748796e-06
282.35999999999785 1.5665135208034998e-06
282.36999999999784 1.2497132190305193e-06
282.37999999999784 9.947253327839637e-07
282.3899999999978 7.899736249529556e-07
282.3999999999978 6.259485008555383e-07
282.4099999999978 4.948587050254301e-07
282.4199999999978 3.90337632483785e-07
282.4299999999978 3.071964776362671e-07
282.4399999999978 2.41217403536302e-07
282.4499999999978 1.8898078288300564e-07
282.45999999999776 1.477213431676919e-07
282.46999999999775 1.1520874628075434e-07
282.47999999999774 8.964875280061031e-08
282.48999999999774 6.960166872453843e-08
282.4999999999977 5.391525341821552e-08
282.5099999999977 4.1669687962094735e-08
282.5199999999977 3.213256867719848e-08
282.5299999999977 2.4722207043574297e-08
282.5399999999977 1.897778982954737e-08
282.5499999999977 1.4535187046140554e-08
282.5599999999977 1.1107394979966898e-08
282.56999999999766 8.46877130662309e-09
282.57999999999765 6.442363022934612e-09
282.58999999999764 4.88974915422984e-09
282.59999999999764 3.7029220154000736e-09
282.6099999999976 2.7978160033996326e-09
282.6199999999976 2.1091639167650623e-09
282.6299999999976 1.5864197737680118e-09
282.6399999999976 1.1905358967883512e-09
282.6499999999976 8.914222575746481e-10
282.6599999999976 6.65949122826201e-10
282.6699999999976 4.963810889832144e-10
282.67999999999756 3.691526602349268e-10
282.68999999999755 2.7391346140461e-10
282.69999999999754 2.0278571032751092e-10
282.70999999999754 1.4978830948815012e-10
282.7199999999975 1.1039136132455553e-10
282.7299999999975 8.117248794580285e-11
282.7399999999975 5.955239394444258e-11
282.7499999999975 4.35919392886369e-11
282.7599999999975 3.183682530745911e-11
282.7699999999975 2.3199034858040688e-11
282.7799999999975 1.6866566353198732e-11
282.78999999999746 1.2234889167984696e-11
282.79999999999745 8.855029220389164e-12
282.80999999999744 6.394352242968326e-12
282.81999999999744 4.607015918024433e-12
282.8299999999974 3.3117646635341202e-12
282.8399999999974 2.3752855224677892e-12
282.8499999999974 1.6997645763375586e-12
282.8599999999974 1.2136077056605234e-12
282.8699999999974 8.645387724652875e-13
282.8799999999974 6.144792522079795e-13
282.88999999999737 4.3575920581717083e-13
282.89999999999736 3.0832058163765733e-13
282.90999999999735 2.176582139414817e-13
282.91999999999734 1.5330778335976468e-13
282.92999999999734 1.0773825725420785e-13
282.9399999999973 7.554266239458319e-14
282.9499999999973 5.284832489440874e-14
282.9599999999973 3.68881406017968e-14
282.9699999999973 2.568969227304207e-14
282.9799999999973 1.785038713349717e-14
282.9899999999973 1.2375221417698799e-14
282.99999999999727 8.560022802111608e-15
283.00999999999726 5.9076325895372996e-15
283.01999999999725 4.067884974922893e-15
283.02999999999724 2.794734279369535e-15
283.03999999999724 1.915707254484443e-15
283.0499999999972 1.3101913935939637e-15
283.0599999999972 8.940417536233929e-16
283.0699999999972 6.086945703869987e-16
283.0799999999972 4.1348727049438646e-16
283.0899999999972 2.802539285785811e-16
283.0999999999972 1.8953144118931274e-16
283.10999999999717 1.2790301865644274e-16
283.11999999999716 8.614273911644e-17
283.12999999999715 5.792295511865366e-17
283.13999999999714 3.891626031962554e-17
283.14999999999714 2.617346134379024e-17
283.1599999999971 1.7694305398091423e-17
283.1699999999971 1.2132733609369486e-17
283.1799999999971 8.596148869290058e-18
283.1899999999971 6.5107538617995984e-18
283.1999999999971 5.533978628985302e-18
283.2099999999971 5.501500227254243e-18
283.21999999999707 6.401184851348107e-18
283.22999999999706 8.370078792437693e-18
283.23999999999705 1.1713834448424352e-17
283.24999999999704 1.69511085257637e-17
283.25999999999704 2.488892162908966e-17
283.269999999997 3.673916350887758e-17
283.279999999997 5.4291891867509e-17
283.289999999997 8.016847423746867e-17
283.299999999997 1.1818785019855094e-16
283.309999999997 1.7389344895163218e-16
283.319999999997 2.553082331537953e-16
283.32999999999697 3.740132187962837e-16
283.33999999999696 5.466837566515629e-16
283.34999999999695 7.972721296149822e-16
283.35999999999694 1.1601004826687409e-15
283.36999999999694 1.684232770556784e-15
283.3799999999969 2.4396392077042823e-15
283.3899999999969 3.525866490906499e-15
283.3999999999969 5.0842019802387705e-15
283.4099999999969 7.314697299762489e-15
283.4199999999969 1.0499933167599454e-14
283.4299999999969 1.5038112028076245e-14
283.43999999999687 2.1489024364372136e-14
283.44999999999686 3.063773677661882e-14
283.45999999999685 4.358261272815438e-14
283.46999999999684 6.185665663471814e-14
283.47999999999683 8.759437572615384e-14
283.4899999999968 1.2376065516065995e-13
283.4999999999968 1.7446389993491168e-13
283.5099999999968 2.453833841894366e-13
283.5199999999968 3.4435098191676023e-13
283.5299999999968 4.821410378377914e-13
283.5399999999968 6.735401196844569e-13
283.54999999999677 9.387921291041252e-13
283.55999999999676 1.305545488985866e-12
283.56999999999675 1.8114701245847127e-12
283.57999999999674 2.507765607260137e-12
283.58999999999673 3.463851832953242e-12
283.5999999999967 4.773624679342359e-12
283.6099999999967 6.5637772184047716e-12
283.6199999999967 9.004839842490956e-12
283.6299999999967 1.2325789666472184e-11
283.6399999999967 1.6833332835815385e-11
283.6499999999967 2.293728798725865e-11
283.65999999999667 3.118391391261487e-11
283.66999999999666 4.229955290320663e-11
283.67999999999665 5.7247632353166306e-11
283.68999999999664 7.730291685089483e-11
283.69999999999663 1.0414797532853333e-10
283.7099999999966 1.3999817696558924e-10
283.7199999999966 1.877632214951944e-10
283.7299999999966 2.51255324639976e-10
283.7399999999966 3.354568148512395e-10
283.7499999999966 4.468631706084251e-10
283.7599999999966 5.93921579073079e-10
283.76999999999657 7.875900952398673e-10
283.77999999999656 1.0420486262669416e-09
283.78999999999655 1.3756004957939086e-09
283.79999999999654 1.8118125376746749e-09
283.80999999999653 2.380952856073456e-09
283.8199999999965 3.1217989526433683e-09
283.8299999999965 4.0839053066300395e-09
283.8399999999965 5.330439214160981e-09
283.8499999999965 6.941717338677953e-09
283.8599999999965 9.01960366858184e-09
283.8699999999965 1.1692963183735933e-08
283.87999999999647 1.5124405358531722e-08
283.88999999999646 1.9518598635697577e-08
283.89999999999645 2.5132492256107636e-08
283.90999999999644 3.228784649505153e-08
283.91999999999643 4.1386547707820174e-08
283.9299999999964 5.2929271998067876e-08
283.9399999999964 6.753816225002667e-08
283.9499999999964 8.598429924097648e-08
283.9599999999964 1.0922088015337646e-07
283.9699999999964 1.3842316863544319e-07
283.9799999999964 1.7503645119237077e-07
283.98999999999637 2.2083342663432753e-07
283.99999999999636 2.779826699354396e-07
284.00999999999635 3.491300503362579e-07
284.01999999999634 4.3749524672112844e-07
284.02999999999633 5.469857916933234e-07
284.0399999999963 6.823313893101908e-07
284.0499999999963 8.49241589434507e-07
284.0599999999963 1.0545902626165488e-06
284.0699999999963 1.3066307008969127e-06
284.0799999999963 1.6152455683359533e-06
284.0899999999963 1.9922363355444274e-06
284.09999999999627 2.4516572486269425e-06
284.10999999999626 3.010199296687659e-06
284.11999999999625 3.687630043454739e-06
284.12999999999624 4.507295565693999e-06
284.13999999999623 5.4966910797638126e-06
284.1499999999962 6.688107121482566e-06
284.1599999999962 8.119358354645311e-06
284.1699999999962 9.83460219886719e-06
284.1799999999962 1.1885254464447955e-05
284.1899999999962 1.4331009034952059e-05
284.1999999999962 1.724096831951534e-05
284.20999999999617 2.0694890677224285e-05
284.21999999999616 2.4784560264785102e-05
284.22999999999615 2.961528374502905e-05
284.23999999999614 3.5307516986641234e-05
284.24999999999613 4.199862325489827e-05
284.2599999999961 4.9844762411223156e-05
284.2699999999961 5.902290828124767e-05
284.2799999999961 6.973298859651951e-05
284.2899999999961 8.22001387495931e-05
284.2999999999961 9.667705701896715e-05
284.3099999999961 0.00011344644492113692
284.31999999999607 0.00013282351194443017
284.32999999999606 0.00015515851913798173
284.33999999999605 0.00018083933090755613
284.34999999999604 0.00021029393896139907
284.35999999999603 0.00024399291672362196
284.369999999996 0.00028245175677669017
284.379999999996 0.0003262330381131045
284.389999999996 0.0003759483642918973
284.399999999996 0.0004322600081482781
284.409999999996 0.0004958821936514546
284.419999999996 0.000567581941018254
284.42999999999597 0.0006481793974533716
284.43999999999596 0.0007385475730956538
284.44999999999595 0.0008396114001046185
284.45999999999594 0.0009523460325251355
284.46999999999593 0.0010777743058203017
284.4799999999959 0.0012169632779532322
284.4899999999959 0.0013710197788027862
284.4999999999959 0.0015410849016688597
284.5099999999959 0.0017283273797832894
284.5199999999959 0.0019339358021801115
284.5299999999959 0.002159109637037474
284.53999999999587 0.0024050490466771103
284.54999999999586 0.00267294349673342
284.55999999999585 0.002963959182459428
284.56999999999584 0.0032792253175319753
284.57999999999583 0.0036198193547963007
284.5899999999958 0.003986751233823872
284.5999999999958 0.004380946776552126
284.6099999999958 0.0048032303791695485
284.6199999999958 0.005254307175282936
284.6299999999958 0.005734744871680559
284.6399999999958 0.006244955483066275
284.64999999999577 0.006785177215334242
284.65999999999576 0.007355456767611899
284.66999999999575 0.007955632340748031
284.67999999999574 0.008585317653504588
284.68999999999573 0.009243887276800748
284.6999999999957 0.009930463600381518
284.7099999999957 0.010643905744739045
284.7199999999957 0.011382800723590603
284.7299999999957 0.012145457148408102
284.7399999999957 0.01292990174622078
284.7499999999957 0.013733878935132456
284.75999999999567 0.014554853668816177
284.76999999999566 0.015390017721936402
284.77999999999565 0.016236299543428655
284.78999999999564 0.017090377754426293
284.79999999999563 0.01794869831310691
284.8099999999956 0.01880749531072804
284.8199999999956 0.019662815302655966
284.8299999999956 0.02051054501640088
284.8399999999956 0.021346442216784983
284.8499999999956 0.022166169447681842
284.8599999999956 0.022965330311604713
284.86999999999557 0.02373950789412143
284.87999999999556 0.024484304890936177
284.88999999999555 0.025195384952741127
284.89999999999554 0.02586851472774348
284.90999999999553 0.026499606055122096
284.9199999999955 0.02708475774541008
284.9299999999955 0.027620296376592152
284.9399999999955 0.02810281553799571
284.9499999999955 0.028529212968059492
284.9599999999955 0.02889672505676201
284.9699999999955 0.029202958218613673
284.97999999999547 0.02944591668714791
284.98999999999546 0.02962402633603451
284.99999999999545 0.02973615419430582
285.00999999999544 0.029781623392551505
285.01999999999543 0.029760223351939775
285.0299999999954 0.029672215107053878
285.0399999999954 0.029518331735170152
285.0499999999954 0.02929977394705141
285.0599999999954 0.029018200975854586
285.0699999999954 0.028675716979629246
285.0799999999954 0.028274853247435394
285.08999999999537 0.027818546567743754
285.09999999999536 0.027310114179033236
285.10999999999535 0.026753225775061007
285.11999999999534 0.026151873080029954
285.12999999999533 0.025510337540912087
285.1399999999953 0.024833156704829166
285.1499999999953 0.024125089858217603
285.1599999999953 0.023391083501338176
285.1699999999953 0.02263623721661393
285.1799999999953 0.021865770462621753
285.1899999999953 0.021084990787895674
285.19999999999527 0.020299263910818564
285.20999999999526 0.019513986054784948
285.21999999999525 0.018734558862694324
285.22999999999524 0.017966367143022046
285.23999999999523 0.01721475962268088
285.2499999999952 0.016485032801197497
285.2599999999952 0.015782417918019324
285.2699999999952 0.01511207096171097
285.2799999999952 0.01447906556807911
285.2899999999952 0.013888388575541208
285.2999999999952 0.013344937931945484
285.30999999999517 0.0128535225791011
285.31999999999516 0.012418863880941117
285.32999999999515 0.012045598109852812
285.33999999999514 0.011738279464472371
285.34999999999513 0.011501383062205169
285.3599999999951 0.011339307331781822
285.3699999999951 0.011256375225996979
285.3799999999951 0.011256833682910253
285.3899999999951 0.0113448507855195
285.3999999999951 0.011524510105333024
285.4099999999951 0.011799801764229872
285.41999999999507 0.0121746098111354
285.42999999999506 0.012652695584741204
285.43999999999505 0.01323767681990976
285.44999999999504 0.01393300235242426
285.45999999999503 0.014741922383026363
285.469999999995 0.015667454375643413
285.479999999995 0.01671234478452094
285.489999999995 0.01787902692860767
285.499999999995 0.019169575456747173
285.509999999995 0.02058565797159404
285.519999999995 0.022128484501127723
285.52999999999497 0.023798755621506754
285.53999999999496 0.02559661014104623
285.54999999999495 0.027521573349550545
285.55999999999494 0.029572506917364596
285.56999999999493 0.031747561591694624
285.5799999999949 0.03404413388152459
285.5899999999949 0.036458827944580344
285.5999999999949 0.038987423888325386
285.6099999999949 0.041624853670333424
285.6199999999949 0.04436518573041808
285.6299999999949 0.047201619406948475
285.63999999999487 0.0501264900827131
285.64999999999486 0.053131285871975055
285.65999999999485 0.056206676501062
285.66999999999484 0.059342554851665334
285.67999999999483 0.06252809143133317
285.6899999999948 0.06575180181240745
285.6999999999948 0.06900162684245409
285.7099999999948 0.07226502518019318
285.7199999999948 0.07552907745567411
285.7299999999948 0.0787806010969865
285.7399999999948 0.08200627461349395
285.74999999999477 0.08519276988297173
285.75999999999476 0.08832689076275249
285.76999999999475 0.09139571613862504
285.77999999999474 0.09438674534518945
285.78999999999473 0.09728804374273874
285.7999999999947 0.10008838612314162
285.8099999999947 0.10277739554468765
285.8199999999947 0.10534567516676208
285.8299999999947 0.1077849306720636
285.8399999999947 0.11008808092847053
285.8499999999947 0.11224935465522477
285.85999999999467 0.1142643710184252
285.86999999999466 0.11613020228742234
285.87999999999465 0.11784541693404266
285.88999999999464 0.11941010184704653
285.89999999999463 0.12082586266026298
285.9099999999946 0.12209580154893229
285.9199999999946 0.12322447222861464
285.9299999999946 0.12421781228755695
285.9399999999946 0.12508305338909007
285.9499999999946 0.1258286102874739
285.9599999999946 0.1264639500004319
285.96999999999457 0.12699944286616946
285.97999999999456 0.12744619757386216
285.98999999999455 0.12781588258663307
285.99999999999454 0.12812053666765177
286.00999999999453 0.12837237146656177
286.0199999999945 0.12858356931920317
286.0299999999945 0.12876607955373787
286.0399999999945 0.1289314166770778
286.0499999999945 0.12909046383442857
286.0599999999945 0.1292532848905114
286.0699999999945 0.12942894837362404
286.07999999999447 0.1296253663544762
286.08999999999446 0.12984915110330658
286.09999999999445 0.13010549208502412
286.10999999999444 0.13039805551806966
286.11999999999443 0.13072890834448986
286.1299999999944 0.13109846804343456
286.1399999999944 0.13150547927582668
286.1499999999944 0.13194701788284147
286.1599999999944 0.1324185222840741
286.1699999999944 0.13291385184214655
286.1799999999944 0.1334253712883576
286.18999999999437 0.13394405984805105
286.19999999999436 0.1344596432735701
286.20999999999435 0.1349607465953884
286.21999999999434 0.1354350650459627
286.22999999999433 0.13586955030289324
286.2399999999943 0.13625060894394903
286.2499999999943 0.13656430981113782
286.2599999999943 0.13679659684776077
286.2699999999943 0.13693350390348322
286.2799999999943 0.13696136799871977
286.2899999999943 0.13686703760057126
286.29999999999427 0.13663807258631752
286.30999999999426 0.13626293275393736
286.31999999999425 0.13573115197795507
286.32999999999424 0.13503349539766973
286.33999999999423 0.1341620973570874
286.3499999999942 0.13311057818442723
286.3599999999942 0.13187413829602654
286.3699999999942 0.13044962852647773
286.3799999999942 0.12883559601528266
286.3899999999942 0.12703230541150287
286.3999999999942 0.1250417355832524
286.40999999999417 0.12286755243015199
286.41999999999416 0.12051505878627507
286.42999999999415 0.11799112276154161
286.43999999999414 0.11530408619465134
286.44999999999413 0.11246365517509366
286.4599999999941 0.1094807748311755
286.4699999999941 0.10636749077209405
286.4799999999941 0.10313679971272774
286.4899999999941 0.09980249189904733
286.4999999999941 0.09637898799002452
286.5099999999941 0.09288117303989712
286.51999999999407 0.0893242301649243
286.52999999999406 0.08572347637455394
286.53999999999405 0.08209420290227595
286.54999999999404 0.0784515221910932
286.55999999999403 0.07481022347780526
286.569999999994 0.0711846386848815
286.579999999994 0.06758852007455997
286.589999999994 0.06403493085301834
286.599999999994 0.06053614963904746
286.609999999994 0.05710358943745904
286.619999999994 0.05374773148800712
286.62999999999397 0.05047807410100683
286.63999999999396 0.04730309634567955
286.64999999999395 0.04423023623052741
286.65999999999394 0.041265882810073165
286.66999999999393 0.0384153814717266
286.6799999999939 0.035683051502275236
286.6899999999939 0.03307221490674938
286.6999999999939 0.030585235353687346
286.7099999999939 0.028223566049975835
286.7199999999939 0.02598780530469619
286.7299999999939 0.023877758523455726
286.73999999999387 0.02189250538072905
286.74999999999386 0.020030470945578433
286.75999999999385 0.018289499583246008
286.76999999999384 0.016666930518757724
286.77999999999383 0.015159674025939762
286.7899999999938 0.013764287293139065
286.7999999999938 0.01247704911248224
286.8099999999938 0.011294032639795204
286.8199999999938 0.010211175574570564
286.8299999999938 0.00922434721103449
286.8399999999938 0.008329411910089816
286.84999999999377 0.007522288635633227
286.85999999999376 0.006799006285699859
286.86999999999375 0.006155754627638391
286.87999999999374 0.00558893071595542
286.88999999999373 0.005095180730816954
286.8999999999937 0.004671437224013269
286.9099999999937 0.00431495179735803
286.9199999999937 0.00402332326618143
286.9299999999937 0.0037945213782512653
286.9399999999937 0.003626906166831299
286.9499999999937 0.003519243016608424
286.95999999999367 0.003470713514031021
286.96999999999366 0.0034809221405080384
286.97999999999365 0.0035498988493595915
286.98999999999364 0.0036780975469197386
286.99999999999363 0.003866390476365194
287.0099999999936 0.004116058481299692
287.0199999999936 0.004428777106471379
287.0299999999936 0.004806598476802017
287.0399999999936 0.005251928884642813
287.0499999999936 0.005767502010207039
287.0599999999936 0.006356347702679851
287.06999999999357 0.007021756260605249
287.07999999999356 0.007767238170622297
287.08999999999355 0.008596479294051211
287.09999999999354 0.009513291531536036
287.10999999999353 0.010521559046968904
287.1199999999935 0.01162518019298608
287.1299999999935 0.01282800535085772
287.1399999999935 0.01413377097669318
287.1499999999935 0.015546030232333648
287.1599999999935 0.01706808067157642
287.1699999999935 0.01870288954864646
287.17999999999347 0.02045301741400815
287.18999999999346 0.02232054076036129
287.19999999999345 0.024306974576461946
287.20999999999344 0.026413195755574288
287.21999999999343 0.028639368386128544
287.2299999999934 0.03098487202173844
287.2399999999934 0.03344823408337147
287.2499999999934 0.036027067585535526
287.2599999999934 0.03871801539840883
287.2699999999934 0.041516702256734435
287.2799999999934 0.04441769570221095
287.28999999999337 0.0474144770976412
287.29999999999336 0.050499423777348285
287.30999999999335 0.05366380329896639
287.31999999999334 0.056897780636895656
287.32999999999333 0.060190439008327525
287.3399999999933 0.06352981485029721
287.3499999999933 0.06690294727284617
287.3599999999933 0.07029594210184957
287.3699999999933 0.07369405039875115
287.3799999999933 0.07708176110725663
287.3899999999933 0.08044290723335279
287.39999999999327 0.08376078471960574
287.40999999999326 0.087018282932601
287.41999999999325 0.09019802544883622
287.42999999999324 0.09328251960462305
287.43999999999323 0.09625431307477027
287.4499999999932 0.09909615556794717
287.4599999999932 0.10179116357825461
287.4699999999932 0.10432298601675194
287.4799999999932 0.10667596846699658
287.4899999999932 0.10883531376780901
287.4999999999932 0.1107872366264499
287.50999999999317 0.1125191100072563
287.51999999999316 0.11401960112468565
287.52999999999315 0.11527879499484266
287.53999999999314 0.11628830366414951
287.54999999999313 0.11704135943516528
287.5599999999931 0.11753289064408438
287.5699999999931 0.11775957880776611
287.5799999999931 0.11771989624518306
287.5899999999931 0.11741412358325556
287.5999999999931 0.11684434687404852
287.6099999999931 0.11601443437283387
287.61999999999307 0.11492999334801568
287.62999999999306 0.11359830760784836
287.63999999999305 0.11202825672891259
287.64999999999304 0.11023021825144635
287.65999999999303 0.10821595436135122
287.669999999993 0.10599848480311586
287.679999999993 0.10359194795786386
287.689999999993 0.10101145217291278
287.699999999993 0.0982729195411992
287.709999999993 0.09539292439918864
287.719999999993 0.09238852883992682
287.72999999999297 0.08927711752412537
287.73999999999296 0.08607623401795722
287.74999999999295 0.0828034207937806
287.75999999999294 0.07947606490231009
287.76999999999293 0.07611125116549944
287.7799999999929 0.07272562455286083
287.7899999999929 0.06933526319483795
287.7999999999929 0.06595556326022269
287.8099999999929 0.06260113668568983
287.8199999999929 0.0592857224996092
287.8299999999929 0.05602211223459487
287.83999999999287 0.05282208967877913
287.84999999999286 0.049696384979263424
287.85999999999285 0.0466546428868978
287.86999999999284 0.04370540472328213
287.87999999999283 0.04085610346192469
287.8899999999928 0.03811307114848491
287.8999999999928 0.03548155774199093
287.9099999999928 0.032965760341237584
287.9199999999928 0.030568861668977817
287.9299999999928 0.028293076621153587
287.9399999999928 0.026139705648818828
287.94999999999277 0.024109193725616797
287.95999999999276 0.022201193662238897
287.96999999999275 0.02041463255936784
287.97999999999274 0.01874778024001746
287.98999999999273 0.01719831856849359
287.9999999999927 0.01576341064380427
288.0099999999927 0.014439768947528023
288.0199999999927 0.01322372162715505
288.0299999999927 0.012111276203030534
288.0399999999927 0.011098180097624246
288.0499999999927 0.01017997749744166
288.05999999999267 0.009352062168182788
288.06999999999266 0.008609725950671457
288.07999999999265 0.007948202766795283
288.08999999999264 0.007362708059659784
288.09999999999263 0.0068484736790901555
288.1099999999926 0.0064007783015165645
288.1199999999926 0.006014973541432959
288.1299999999926 0.005686505969575366
288.1399999999926 0.005410935300523086
288.1499999999926 0.005183949049619796
288.1599999999926 0.0050013739861848325
288.16999999999257 0.004859184727368318
288.17999999999256 0.004753509825286044
288.18999999999255 0.004680635699972816
288.19999999999254 0.004637008763042803
288.20999999999253 0.004619236062647762
288.2199999999925 0.00462408476033759
288.2299999999925 0.0046484807257408155
288.2399999999925 0.004689506506590818
288.2499999999925 0.004744398900509829
288.2599999999925 0.00481054632207919
288.2699999999925 0.004885486124976643
288.27999999999247 0.004966902005195616
288.28999999999246 0.00505262157835204
288.29999999999245 0.005140614192526081
288.30999999999244 0.005228989008586446
288.31999999999243 0.005315993353019204
288.3299999999924 0.005400011324351691
288.3399999999924 0.005479562613648937
288.3499999999924 0.0055533014824935886
288.3599999999924 0.00562001582847478
288.3699999999924 0.005678626258551027
288.3799999999924 0.005728185084675627
288.38999999999237 0.005767875153659709
288.39999999999236 0.005797008424204676
288.40999999999235 0.005815024208105572
288.41999999999234 0.005821486999497082
288.42999999999233 0.005816083825326407
288.4399999999923 0.005798621061598095
288.4499999999923 0.0057690206729254945
288.4599999999923 0.005727315847107145
288.4699999999923 0.005673646011384864
288.4799999999923 0.00560825123229899
288.4899999999923 0.005531466016215698
288.49999999999227 0.005443712542265523
288.50999999999226 0.0053454933732365656
288.51999999999225 0.005237383702584353
288.52999999999224 0.005120023206871505
288.53999999999223 0.004994107582401548
288.5499999999922 0.004860379852382163
288.5599999999922 0.0047196215365180386
288.5699999999922 0.004572643778420831
288.5799999999922 0.0044202785276163765
288.5899999999922 0.004263369872261986
288.5999999999922 0.004102765616042259
288.60999999999217 0.0039393091882181965
288.61999999999216 0.0037738319696273455
288.62999999999215 0.00360714610977211
288.63999999999214 0.0034400379012141753
288.64999999999213 0.003273261767560799
288.6599999999921 0.003107534910640406
288.6699999999921 0.0029435326512833194
288.6799999999921 0.0027818844867094324
288.6899999999921 0.002623170876131301
288.6999999999921 0.0024679207550476873
288.7099999999921 0.0023166097680493917
288.71999999999207 0.0021696591999830254
288.72999999999206 0.002027435576189551
288.73999999999205 0.0018902508943935317
288.74999999999204 0.001758363443775929
288.75999999999203 0.001631979160895981
288.769999999992 0.001511253467482639
288.779999999992 0.0013962935317092088
288.789999999992 0.001287160892383314
288.799999999992 0.0011838743844887205
288.809999999992 0.001086413304642974
288.819999999992 0.000994720756202028
288.82999999999197 0.0009087071158500301
288.83999999999196 0.0008282535664464101
288.84999999999195 0.0007532156445410189
288.85999999999194 0.0006834267551838578
288.86999999999193 0.0006187016113190748
288.8799999999919 0.0005588395600351985
288.8899999999919 0.0005036277631208858
288.8999999999919 0.000452844204630634
288.9099999999919 0.00040626050338974225
288.9199999999919 0.0003636445134649396
288.9299999999919 0.00032476270051117926
288.93999999999187 0.0002893822865037063
288.94999999999186 0.00025727315961857116
288.95999999999185 0.00022820954988862495
288.96999999999184 0.00020197147470309094
288.97999999999183 0.000178345961216995
288.9899999999918 0.00015712805528356663
288.9999999999918 0.00013812162862030943
289.0099999999918 0.00012113999757917785
289.0199999999918 0.00010600636813266561
289.0299999999918 9.255412253666194e-05
289.0399999999918 8.062696361903069e-05
289.04999999999177 7.007893280524874e-05
289.05999999999176 6.077431786695316e-05
289.06999999999175 5.258746600518555e-05
289.07999999999174 4.540251729704458e-05
289.08999999999173 3.9113072781356405e-05
289.0999999999917 3.362181057331265e-05
289.1099999999917 2.8840062415183494e-05
289.1199999999917 2.4687362022851925e-05
289.1299999999917 2.109097550561963e-05
289.1399999999917 1.7985423045736915e-05
289.1499999999917 1.5311999947103506e-05
289.15999999999167 1.3018304118712399e-05
289.16999999999166 1.1057776063256712e-05
289.17999999999165 9.389256507070104e-06
289.18999999999164 7.976565943157406e-06
289.19999999999163 6.78810957041187e-06
289.2099999999916 5.796510402369991e-06
289.2199999999916 4.978272688707967e-06
289.2299999999916 4.313477240641956e-06
289.2399999999916 3.7855097740788995e-06
289.2499999999916 3.380822976808894e-06
289.2599999999916 3.0887326619591652e-06
289.26999999999157 2.9012480820331503e-06
289.27999999999156 2.8129362380391085e-06
289.28999999999155 2.8208198178255174e-06
289.29999999999154 2.9243082278070534e-06
289.30999999999153 3.125161033675602e-06
289.3199999999915 3.427482989392792e-06
289.3299999999915 3.8377497009296415e-06
289.3399999999915 4.36486283342838e-06
289.3499999999915 5.02023361983703e-06
289.3599999999915 5.817893258444368e-06
289.3699999999915 6.7746285898183505e-06
289.37999999999147 7.910141215135455e-06
289.38999999999146 9.24722795366035e-06
289.39999999999145 1.0811980234394223e-05
289.40999999999144 1.2633999674330392e-05
289.41999999999143 1.4746626713637874e-05
289.4299999999914 1.718717875850908e-05
289.4399999999914 1.9997193829334038e-05
289.4499999999914 2.3222675231307007e-05
289.4599999999914 2.6914332264658756e-05
289.4699999999914 3.11278114827661e-05
289.4799999999914 3.592391250096772e-05
289.48999999999137 4.136878187178183e-05
289.49999999999136 4.753407809029336e-05
289.50999999999135 5.449710039570626e-05
289.51999999999134 6.234087371221984e-05
289.52999999999133 7.115418184684408e-05
289.5399999999913 8.103154095709774e-05
289.5499999999913 9.207310534211891e-05
289.5599999999913 0.00010438449782124569
289.5699999999913 0.00011807655736898358
289.5799999999913 0.0001332649972979152
289.5899999999913 0.0001500699681432896
289.59999999999127 0.0001686155205240558
289.60999999999126 0.00018902896465099672
289.61999999999125 0.00021144012483523438
289.62999999999124 0.000235980489326598
289.63999999999123 0.0002627822580821804
289.6499999999912 0.00029197729362524647
289.6599999999912 0.0003236959829904971
289.6699999999912 0.00035806602184251243
289.6799999999912 0.00039521113517044696
289.6899999999912 0.00043524975246526595
289.6999999999912 0.0004782936589284006
289.70999999999117 0.0005244466479859865
289.71999999999116 0.0005738032041251501
289.72999999999115 0.0006264472487540474
289.73999999999114 0.0006824509853334794
289.74999999999113 0.0007418738833459762
289.7599999999911 0.0008047618436634511
289.7699999999911 0.0008711465904475027
289.7799999999911 0.0009410453367649612
289.7899999999911 0.0010144607725217835
289.7999999999911 0.0010913814240081146
289.8099999999911 0.001171782434206143
289.81999999999107 0.0012556268119450396
289.82999999999106 0.0013428671959057029
289.83999999999105 0.0014334481763033228
289.84999999999104 0.0015273092127407167
289.85999999999103 0.0016243881811764708
289.869999999991 0.0017246255761515063
289.879999999991 0.0018279693863460836
289.889999999991 0.001934380652196615
289.899999999991 0.0020438397037095845
289.909999999991 0.0021563530648132144
289.919999999991 0.0022719609976555445
289.92999999999097 0.0023907456462851783
289.93999999999096 0.0025128397242597175
289.94999999999095 0.0026384356750654156
289.95999999999094 0.0027677952179764164
289.96999999999093 0.002901259175337045
289.9799999999909 0.0030392574604477954
289.9899999999909 0.0031823190885332748
289.9999999999909 0.003331082056952972
290.0099999999909 0.0034863029251920074
290.0199999999909 0.003648865910570078
290.0299999999909 0.003819791302383413
290.03999999999087 0.004000242985713665
290.04999999999086 0.004191534856778532
290.05999999999085 0.004395135904847965
290.06999999999084 0.0046126737317949106
290.07999999999083 0.004845936279673146
290.0899999999908 0.005096871539686264
290.0999999999908 0.005367585022878888
290.1099999999908 0.005660334784159967
290.1199999999908 0.0059775238071330125
290.1299999999908 0.006321689577881309
290.1399999999908 0.006695490701494494
290.14999999999077 0.007101690445808249
290.15999999999076 0.007543137132554102
290.16999999999075 0.008022741336776591
290.17999999999074 0.00854344990075467
290.18999999999073 0.009108216818430204
290.1999999999907 0.009719971100038746
290.2099999999907 0.01038158178366643
290.2199999999907 0.011095820320097413
290.2299999999907 0.011865320618713166
290.2399999999907 0.01269253710437318
290.2499999999907 0.013579701197043156
290.25999999999067 0.014528776686231112
290.26999999999066 0.015541414529744047
290.27999999999065 0.016618907659520586
290.28999999999064 0.017762146424918506
290.29999999999063 0.018971575344418436
290.3099999999906 0.02024715186884572
290.3199999999906 0.0215883078815685
290.3299999999906 0.02299391467245378
290.3399999999906 0.024462252121543338
290.3499999999906 0.025990982814509615
290.3599999999906 0.027577131784245285
290.36999999999057 0.029217072530952015
290.37999999999056 0.030906519916632194
290.38999999999055 0.032640530459062865
290.39999999999054 0.034413510465588895
290.40999999999053 0.03621923234919482
290.4199999999905 0.03805085935943383
290.4299999999905 0.039900978840380574
290.4399999999905 0.04176164399863457
290.4499999999905 0.043624424028636394
290.4599999999905 0.04548046230254766
290.4699999999905 0.04732054219028918
290.47999999999047 0.049135159934805855
290.48999999999046 0.05091460387112512
290.49999999999045 0.05264903914823552
290.50999999999044 0.05432859699315183
290.51999999999043 0.05594346744957351
290.5299999999904 0.05748399443193249
290.5399999999904 0.05894077186177459
290.5499999999904 0.06030473959941515
290.5599999999904 0.06156727785137639
290.5699999999904 0.06272029872453545
290.5799999999904 0.06375633361199973
290.58999999999037 0.06466861513378146
290.59999999999036 0.06545115241713642
290.60999999999035 0.06609879858619483
290.61999999999034 0.06660730943695084
290.62999999999033 0.0669733923999855
290.6399999999903 0.06719474503720227
290.6499999999903 0.06727008247765712
290.6599999999903 0.06719915336821015
290.6699999999903 0.06698274409386838
290.6799999999903 0.06662267120677559
290.6899999999903 0.06612176218816183
290.69999999999027 0.0654838248504853
290.70999999999026 0.0647136058638337
290.71999999999025 0.06381673905790332
290.72999999999024 0.06279968430527019
290.73999999999023 0.0616696579302528
290.7499999999902 0.060434555707858786
290.7599999999902 0.05910286961696451
290.7699999999902 0.057683599589335534
290.7799999999902 0.05618616155020844
290.7899999999902 0.054620293076302444
290.7999999999902 0.05299595800323123
290.80999999999017 0.051323251296780524
290.81999999999016 0.049612305462344956
290.82999999999015 0.04787319970538112
290.83999999999014 0.046115872974846726
290.84999999999013 0.0443500419234331
290.8599999999901 0.042585124705425734
290.8699999999901 0.040830171407935836
290.8799999999901 0.03909380177687801
290.8899999999901 0.037384150758345704
290.8999999999901 0.0357088222318894
290.9099999999901 0.03407485116750029
290.91999999999007 0.03248867429559377
290.92999999999006 0.030956109241543277
290.93999999999005 0.029482341945676217
290.94999999999004 0.02807192206819212
290.95999999999003 0.026728765967977998
290.96999999999 0.025456166746245047
290.97999999999 0.024256810761433767
290.98999999999 0.02313279995173987
290.99999999999 0.022085679246387636
291.00999999999 0.021116468306595745
291.01999999999 0.020225696811927093
291.02999999998997 0.01941344249700805
291.03999999998996 0.018679371146822565
291.04999999998995 0.018022777775107923
291.05999999998994 0.01744262823880011
291.06999999998993 0.016937600580856638
291.0799999999899 0.01650612544287295
291.0899999999899 0.016146424946376362
291.0999999999899 0.01585654950615179
291.1099999999899 0.015634412109024574
291.1199999999899 0.015477819665797447
291.1299999999899 0.015384501121129384
291.13999999998987 0.015352132084710972
291.14999999998986 0.015378355825841286
291.15999999998985 0.015460800551216968
291.16999999998984 0.015597092961248738
291.17999999998983 0.015784868152449085
291.1899999999898 0.016021776001398542
291.1999999999898 0.01630548422860024
291.2099999999898 0.016633678397374334
291.2199999999898 0.017004059153126895
291.2299999999898 0.0174143370512592
291.2399999999898 0.017862225357180243
291.24999999998977 0.018345431228978366
291.25999999998976 0.018861645712046432
291.26999999998975 0.019408532985209247
291.27999999998974 0.019983719299668103
291.28999999998973 0.020584782045478874
291.2999999999897 0.021209239365568913
291.3099999999897 0.021854540714854834
291.3199999999897 0.022518058732354525
291.3299999999897 0.02319708275792052
291.3399999999897 0.023888814283100183
291.3499999999897 0.02459036457849755
291.35999999998967 0.02529875468881077
291.36999999998966 0.026010917932462352
291.37999999998965 0.026723704986500042
291.38999999998964 0.027433891580335826
291.39999999998963 0.028138188765036765
291.4099999999896 0.028833255669405016
291.4199999999896 0.029515714601074126
291.4299999999896 0.030182168301339195
291.4399999999896 0.03082921911738411
291.4499999999896 0.03145348981582353
291.4599999999896 0.03205164572777451
291.46999999998957 0.032620417888605625
291.47999999998956 0.03315662681552484
291.48999999998955 0.03365720655354093
291.49999999998954 0.03411922861518065
291.50999999998953 0.03453992544161081
291.5199999999895 0.03491671302228008
291.5299999999895 0.035247212326483125
291.5399999999895 0.035529269222837154
291.5499999999895 0.03576097259089751
291.5599999999895 0.03594067036226434
291.5699999999895 0.03606698326569914
291.57999999998947 0.036138816091067394
291.58999999998946 0.036155366329403936
291.59999999998945 0.0361161300901
291.60999999998944 0.03602090524018849
291.61999999998943 0.03586979175404672
291.6299999999894 0.03566318930369263
291.6399999999894 0.035401792159449386
291.6499999999894 0.0350865815074159
291.6599999999894 0.034718815323338044
291.6699999999894 0.03430001597167228
291.6799999999894 0.033831955723537026
291.68999999998937 0.03331664040764773
291.69999999998936 0.032756291424135865
291.70999999998935 0.0321533263623827
291.71999999998934 0.03151033847078003
291.72999999998933 0.030830075228879372
291.7399999999893 0.030115416271003757
291.7499999999893 0.029369350905429373
291.7599999999893 0.028594955465104377
291.7699999999893 0.0277953707149945
291.7799999999893 0.026973779527981363
291.7899999999893 0.026133385026243162
291.79999999998927 0.02527738936865811
291.80999999998926 0.024408973347406555
291.81999999998925 0.023531276938991708
291.82999999998924 0.022647380936696018
291.83999999998923 0.021760289773340262
291.8499999999892 0.02087291562536749
291.8599999999892 0.019988063871939753
291.8699999999892 0.019108419966070194
291.8799999999892 0.018236537758933018
291.8899999999892 0.017374829303476124
291.8999999999892 0.016525556149349988
291.90999999998917 0.015690822127979138
291.91999999998916 0.014872567614335174
291.92999999998915 0.014072565240604802
291.93999999998914 0.013292417026456397
291.94999999998913 0.012533552880963274
291.9599999999891 0.011797230422412904
291.9699999999891 0.011084536054194462
291.9799999999891 0.01039638722769497
291.9899999999891 0.00973353581663909
291.9999999999891 0.009096572521579709
292.0099999999891 0.008485932218295564
292.01999999998907 0.007901900159694438
292.02999999998906 0.007344618937478287
292.03999999998905 0.006814096107324076
292.04999999998904 0.006310212379695922
292.05999999998903 0.00583273027765149
292.069999999989 0.005381303163154177
292.079999999989 0.004955484534459009
292.089999999989 0.0045547374991005895
292.099999999989 0.004178444329858925
292.109999999989 0.003825916014782784
292.119999999989 0.0034964017168651112
292.12999999998897 0.003189098064230786
292.13999999998896 0.0029031581976397694
292.14999999998895 0.002637700508641537
292.15999999998894 0.0023918170087416533
292.16999999998893 0.0021645812773516647
292.1799999999889 0.001955055943975636
292.1899999999889 0.0017622996679235998
292.1999999999889 0.0015853735867158466
292.2099999999889 0.0014233472121360185
292.2199999999889 0.0012753037604938326
292.2299999999889 0.0011403449109652934
292.23999999998887 0.0010175949927941795
292.24999999998886 0.0009062046085794027
292.25999999998885 0.0008053537067670819
292.26999999998884 0.0007142541217563627
292.27999999998883 0.0006321516046708983
292.2899999999888 0.0005583273718150786
292.2999999999888 0.0004920992011113744
292.3099999999888 0.00043282210940249517
292.3199999999888 0.0003798886454121325
292.3299999999888 0.0003327288344155699
292.3399999999888 0.0002908098113112853
292.34999999998877 0.0002536351788507271
292.35999999998876 0.00022074412732661842
292.36999999998875 0.00019171035109681074
292.37999999998874 0.00016614079599096577
292.38999999998873 0.0001436742699732942
292.3999999999887 0.00012397994747888872
292.4099999999887 0.0001067557956655424
292.4199999999887 9.172694848690387e-05
292.4299999999887 7.86440520526577e-05
292.4399999999887 6.728160224929667e-05
292.4499999999887 5.7436293098304474e-05
292.45999999998867 4.89253918692081e-05
292.46999999998866 4.158515457939894e-05
292.47999999998865 3.526929323151857e-05
292.48999999998864 2.9847503987473287e-05
292.49999999998863 2.5204063475161082e-05
292.5099999999886 2.1236498583821718e-05
292.5199999999886 1.7854333435721073e-05
292.5299999999886 1.497791573031912e-05
292.5399999999886 1.253732334284096e-05
292.5499999999886 1.047135091949338e-05
292.5599999999886 8.726575240739624e-06
292.56999999998857 7.256497313958759e-06
292.57999999998856 6.020758497484593e-06
292.58999999998855 4.984427438053722e-06
292.59999999998854 4.117354210755267e-06
292.60999999998853 3.3935877717801667e-06
292.6199999999885 2.7908526565415438e-06
292.6299999999885 2.2900807661229013e-06
292.6399999999885 1.8749940709255596e-06
292.6499999999885 1.5317341098311143e-06
292.6599999999885 1.24853426491245e-06
292.6699999999885 1.015430935322284e-06
292.67999999998847 8.240099100044918e-07
292.68999999998846 6.671844388360282e-07
292.69999999998845 5.390017182359016e-07
292.70999999998844 4.3447473367467356e-07
292.71999999998843 3.494366323344676e-07
292.7299999999884 2.8041502975540514e-07
292.7399999999884 2.2452388084718858e-07
292.7499999999884 1.7937076509829983e-07
292.7599999999884 1.4297764582552197e-07
292.7699999999884 1.1371336213244329e-07
292.7799999999884 9.023629868252267e-08
292.78999999998837 7.144585169602696e-08
292.79999999998836 5.6441469395171564e-08
292.80999999998835 4.4488191414028685e-08
292.81999999998834 3.4987744685044454e-08
292.82999999998833 2.745437344232603e-08
292.8399999999883 2.1494688828130125e-08
292.8499999999883 1.679091984984678e-08
292.8599999999883 1.30870328815937e-08
292.8699999999883 1.0177262352177347e-08
292.8799999999883 7.896661542143473e-09
292.8899999999883 6.113340356184881e-09
292.89999999998827 4.72210735281407e-09
292.90999999998826 3.6392769781750936e-09
292.91999999998825 2.798440600939226e-09
292.92999999998824 2.1470322684865165e-09
292.93999999998823 1.6435477375762333e-09
292.9499999999882 1.255298858678061e-09
292.9599999999882 9.56605341748515e-10
292.9699999999882 7.273427796729446e-10
292.9799999999882 5.517799805375233e-10
292.9899999999882 4.176505402274011e-10
292.9999999999882 3.1541350679987594e-10
293.00999999998817 2.376662406801694e-10
293.01999999998816 1.7867941536284298e-10
293.02999999998815 1.3402975331655277e-10
293.03999999998814 1.0031074198778571e-10
293.04999999998813 7.490538881104245e-11
293.0599999999881 5.580819158710135e-11
293.0699999999881 4.148604006168969e-11
293.0799999999881 3.076982624884088e-11
293.0899999999881 2.277020932751444e-11
293.0999999999881 1.6812326441627632e-11
293.1099999999881 1.2385322377729115e-11
293.11999999998807 9.103437824508135e-12
293.12999999998806 6.676088219467175e-12
293.13999999998805 4.884916414455831e-12
293.14999999998804 3.5662399138341243e-12
293.15999999998803 2.5976596300147286e-12
293.169999999988 1.8878701796977697e-12
293.179999999988 1.3689264902358931e-12
293.189999999988 9.903898453161438e-13
293.199999999988 7.149080929203414e-13
293.209999999988 5.148872860321544e-13
293.219999999988 3.69991700395298e-13
293.22999999998797 2.6527089208199287e-13
293.23999999998796 1.897601260301565e-13
293.24999999998795 1.3543721545059518e-13
293.25999999998794 9.644699835207416e-14
293.26999999998793 6.852625711518896e-14
293.2799999999879 4.857836088128285e-14
293.2899999999879 3.43594504184048e-14
293.2999999999879 2.424750318996468e-14
293.3099999999879 1.7072820198583967e-14
293.3199999999879 1.1993913023602278e-14
293.3299999999879 8.406861150052728e-15
293.33999999998787 5.879280357937033e-15
293.34999999998786 4.102340925009823e-15
293.35999999998785 2.855989331519565e-15
293.36999999998784 1.983803417454589e-15
293.37999999998783 1.374858112963989e-15
293.3899999999878 9.506798600218391e-16
293.3999999999878 6.558852230173746e-16
293.4099999999878 4.514799980788325e-16
293.4199999999878 3.100746585454414e-16
293.4299999999878 2.1247659723390526e-16
293.4399999999878 1.4526901051821927e-16
293.44999999998777 9.909503168973735e-17
293.45999999998776 6.744469428412803e-17
293.46999999998775 4.5799494884646785e-17
293.47999999998774 3.103062739741641e-17
293.48999999998773 2.097671019015567e-17
293.4999999999877 1.4148198253320608e-17
293.5099999999877 9.520983597778765e-18
293.5199999999877 6.3926275757827416e-18
293.5299999999877 4.282465602496449e-18
293.5399999999877 2.862366509207691e-18
293.5499999999877 1.908857314909226e-18
293.55999999998767 1.2701018399242668e-18
293.56999999998766 8.431803287428839e-19
293.57999999998765 5.584949079115713e-19
293.58999999998764 3.690921341836542e-19
293.59999999998763 2.433700729306088e-19
293.6099999999876 1.601092248778511e-19
293.6199999999876 1.0509506641433207e-19
293.6299999999876 6.882798973785624e-20
293.6399999999876 4.4974321020633464e-20
293.6499999999876 2.9321144052113534e-20
293.6599999999876 1.9072778531678883e-20
293.66999999998757 1.2378378866089374e-20
293.67999999998756 8.0154944934136e-21
293.68999999998755 5.17861477843403e-21
293.69999999998754 3.3382097670992768e-21
293.70999999998753 2.146991699457101e-21
293.7199999999875 1.3777290834213523e-21
293.7299999999875 8.820922384380654e-22
293.7399999999875 5.634830845948019e-22
293.7499999999875 3.591405712689737e-22
293.7599999999875 2.283835152680001e-22
293.7699999999875 1.4490445283380994e-22
293.77999999998747 9.173084597523353e-23
293.78999999998746 5.793830043940891e-23
293.79999999998745 3.651176146885171e-23
293.80999999998744 2.295707203989982e-23
293.81999999998743 1.4401803547963056e-23
293.8299999999874 9.014340078448291e-24
293.8399999999874 5.629471975275255e-24
293.8499999999874 3.507664509056021e-24
293.8599999999874 2.1806456359275926e-24
293.8699999999874 1.3525981929987897e-24
293.8799999999874 8.370842383750896e-25
293.88999999998737 5.168757762387885e-25
293.89999999998736 3.1843430189459533e-25
293.90999999998735 1.957357511635678e-25
293.91999999998734 1.200430760332946e-25
293.92999999998733 7.345489082457294e-26
293.9399999999873 4.48457158924835e-26
293.9499999999873 2.731730454917104e-26
293.9599999999873 1.6602418818862226e-26
293.9699999999873 1.0067497307133477e-26
293.9799999999873 6.090995982866807e-27
293.9899999999873 3.6768146429921405e-27
293.99999999998727 2.2144801468984225e-27
294.00999999998726 1.3307254879810842e-27
294.01999999998725 7.97850988375653e-28
294.02999999998724 4.7727834089527545e-28
294.03999999998723 2.848644739136736e-28
294.0499999999872 1.6963735000073422e-28
294.0599999999872 1.0079089259322175e-28
294.0699999999872 5.974997460830763e-29
294.0799999999872 3.534034458348941e-29
294.0899999999872 2.085549270257259e-29
294.0999999999872 1.22796714697468e-29
294.10999999998717 7.213892385508299e-30
294.11999999998716 4.228333052645212e-30
294.12999999998715 2.472779165646263e-30
294.13999999998714 1.442839732652562e-30
294.14999999998713 8.399771430148763e-31
294.1599999999871 4.879029652270615e-31
294.1699999999871 2.8275875444626786e-31
294.1799999999871 1.634990655713207e-31
294.1899999999871 9.43259313303114e-32
294.1999999999871 5.429546292454028e-32
294.2099999999871 3.1182619077087994e-32
294.21999999998707 1.786809483748336e-32
294.22999999998706 1.0215520932500248e-32
294.23999999998705 5.827192919606217e-33
294.24999999998704 3.316460915851645e-33
294.25999999998703 1.8832456760810727e-33
294.269999999987 1.0669785342025385e-33
294.279999999987 6.031439737340687e-34
294.289999999987 3.4017540516256284e-34
294.299999999987 1.9142622507926139e-34
294.309999999987 1.074772549964936e-34
294.319999999987 6.020718228677688e-35
294.32999999998697 3.3650896970278216e-35
294.33999999998696 1.8765562741165392e-35
294.34999999998695 1.044102523047531e-35
294.35999999998694 5.7961725079321e-36
294.36999999998693 3.2103772156176165e-36
294.3799999999869 1.7741381327580354e-36
294.3899999999869 9.782174384382212e-37
294.3999999999869 5.381458238265716e-37
294.4099999999869 2.9538004452444697e-37
294.4199999999869 1.6176290299227606e-37
294.4299999999869 8.838800178125077e-38
294.43999999998687 4.818638011989424e-38
294.44999999998686 2.6210293939206473e-38
294.45999999998685 1.422446965482791e-38
294.46999999998684 7.702236987956959e-39
294.47999999998683 4.161158642442712e-39
294.4899999999868 2.2429948253899383e-39
294.4999999999868 1.2063098438271388e-39
294.5099999999868 6.473006955464195e-40
294.5199999999868 3.4655317109988586e-40
294.5299999999868 1.8511869589034157e-40
294.5399999999868 9.866140333299108e-41
294.54999999998677 5.246393919915887e-41
294.55999999998676 2.7834992249042546e-41
294.56999999998675 1.4734585202882838e-41
294.57999999998674 7.782180955849576e-42
294.58999999998673 4.1009203709303043e-42
294.5999999999867 2.1561449258102133e-42
294.6099999999867 1.1310743702633671e-42
294.6199999999867 5.91999002483217e-43
294.6299999999867 3.0914867453539303e-43
294.6399999999867 1.6107583935311769e-43
294.6499999999867 8.373557708380486e-44
294.65999999998667 4.3431640374222276e-44
294.66999999998666 2.2476001254210713e-44
294.67999999998665 1.160508866412697e-44
294.68999999998664 5.978530898658321e-45
294.69999999998663 3.0729613178179886e-45
294.7099999999866 1.5759277708205476e-45
294.7199999999866 8.063658443098109e-46
294.7299999999866 4.116655632920652e-46
294.7399999999866 2.096879885343427e-46
294.7499999999866 1.0656612357441525e-46
294.7599999999866 5.403577474163247e-47
294.76999999998657 2.7337588158512323e-47
294.77999999998656 1.3799254047854692e-47
294.78999999998655 6.949725055843733e-48
294.79999999998654 3.4921769078477925e-48
294.80999999998653 1.750819796587951e-48
294.8199999999865 8.757966111570293e-49
294.8299999999865 4.3710087078011154e-49
294.8399999999865 2.1765902649834494e-49
294.8499999999865 1.0814047990696014e-49
294.8599999999865 5.360638264945812e-50
294.8699999999865 2.6513148906953988e-50
294.87999999998647 1.3083463260054252e-50
294.88999999998646 6.441703434212319e-51
294.89999999998645 3.164428837028166e-51
294.90999999998644 1.5509812214231713e-51
294.91999999998643 7.58462904674273e-52
294.9299999999864 3.700656281128526e-52
294.9399999999864 1.801522759834461e-52
294.9499999999864 8.75018743818238e-53
294.9599999999864 4.240446207228781e-53
294.9699999999864 2.0503233588785892e-53
294.9799999999864 9.891217686631213e-54
294.98999999998637 4.760951523712439e-54
294.99999999998636 2.286411301517877e-54
295.00999999998635 1.0955483670730723e-54
295.01999999998634 5.237515879441037e-55
295.02999999998633 2.4982491516073235e-55
295.0399999999863 1.1889476793982315e-55
295.0499999999863 5.645551033087148e-56
295.0599999999863 2.674647361411485e-56
295.0699999999863 1.2642801599303468e-56
295.0799999999863 5.96261425185514e-57
295.0899999999863 2.805735349784335e-57
295.09999999998627 1.317265425685337e-57
295.10999999998626 6.170444936576841e-58
295.11999999998625 2.8838739112069922e-58
295.12999999998624 1.3447843746663782e-58
295.13999999998623 6.2567044325980645e-59
295.1499999999862 2.9043919431834654e-59
295.1599999999862 1.3451831118527767e-59
295.1699999999862 6.216188681300324e-60
295.1799999999862 2.866048722528609e-60
295.1899999999862 1.3184375055283856e-60
295.1999999999862 6.05134798081871e-61
295.20999999998617 2.771158109157507e-61
295.21999999998616 1.2661556050032804e-61
295.22999999998615 5.772041665149034e-62
295.23999999998614 2.625357386911096e-62
295.24999999998613 1.191417582881843e-62
295.2599999999861 5.394561857240044e-63
295.2699999999861 2.4370528559743054e-63
295.2799999999861 1.0984753570669859e-63
295.2899999999861 4.940060724714125e-64
295.2999999999861 2.2166179982714902e-64
295.3099999999861 9.923526229923289e-65
295.31999999998607 4.4325922985492425e-65
295.32999999998606 1.9754505010822948e-65
295.33999999998605 8.783975491719445e-66
295.34999999998604 3.897020385427141e-66
295.35999999998603 1.7250069084371963e-66
295.369999999986 7.618432055631356e-67
295.379999999986 3.357043412846799e-67
295.389999999986 1.4759271278196869e-67
295.399999999986 6.474250094617958e-68
295.409999999986 2.8335483477602837e-68
295.419999999986 1.2373380876126423e-68
295.42999999998597 5.390918108841938e-69
295.43999999998596 2.3434391804503053e-69
295.44999999998595 1.016391998843597e-69
295.45999999998594 4.3983054569705256e-70
295.46999999998593 1.8990051209126625e-70
295.4799999999859 8.180568457351129e-71
295.4899999999859 3.51606932712353e-71
295.4999999999859 1.50781470577856e-71
295.5099999999859 6.451417065053455e-72
295.5199999999859 2.7540946493016517e-72
295.5299999999859 1.1730572368871524e-72
295.53999999998587 4.985126045545491e-73
295.54999999998586 2.1137308352737117e-73
295.55999999998585 8.942106153478637e-74
295.56999999998584 3.774388133840801e-74
295.57999999998583 1.5895342641528876e-74
295.5899999999858 6.678975167363754e-75
295.5999999999858 2.8000537121029815e-75
295.6099999999858 1.1712227367016096e-75
295.6199999999858 4.8879778123467194e-76
295.6299999999858 2.0353333833933316e-76
295.6399999999858 8.455873646253697e-77
295.64999999998577 3.505080627615094e-77
295.65999999998576 1.4496198893858591e-77
295.66999999998575 5.981730802463619e-78
295.67999999998574 2.4627265287209187e-78
295.68999999998573 1.0116309592415356e-78
295.6999999999857 4.1461464064368635e-79
295.7099999999857 1.6954451890051297e-79
295.7199999999857 6.917345594884856e-80
295.7299999999857 2.8158647566364043e-80
295.7399999999857 1.143669948065357e-80
295.7499999999857 4.634535631074974e-81
295.75999999998567 1.8738220289986537e-81
295.76999999998566 7.559047144535525e-82
295.77999999998565 3.042442411460329e-82
295.78999999998564 1.2217835620819801e-82
295.79999999998563 4.8953391816120635e-83
295.8099999999856 1.956986802955937e-83
295.8199999999856 7.805659541678077e-84
295.8299999999856 3.1063322921293813e-84
295.8399999999856 1.2333967988160646e-84
295.8499999999856 4.886234673578041e-85
295.8599999999856 1.9313564056398773e-85
295.86999999998557 7.616704839931677e-86
295.87999999998556 2.997011621793384e-86
295.88999999998555 1.1765931798231827e-86
295.89999999998554 4.608725321327404e-87
295.90999999998553 1.80115846007361e-87
295.9199999999855 7.023274104298211e-88
295.9299999999855 2.7323977137733317e-88
295.9399999999855 1.0606321979592625e-88
295.9499999999855 4.107733875507292e-89
295.9599999999855 1.5872904046880545e-89
295.9699999999855 6.119656999963516e-90
295.97999999998547 2.3540428835495953e-90
295.98999999998546 9.034794066052021e-91
295.99999999998545 3.459702414082371e-91
296.00999999998544 1.3218306871878275e-91
296.01999999998543 5.0388277725242626e-92
296.0299999999854 1.9164601692380587e-92
296.0399999999854 7.272549392057837e-93
296.0499999999854 2.7535322046134637e-93
296.0599999999854 1.040184169146759e-93
296.0699999999854 3.9205492898758994e-94
296.0799999999854 1.4743486467388286e-94
296.08999999998537 5.531845875105672e-95
296.09999999998536 2.0708876895681162e-95
296.10999999998535 7.734987570323767e-96
296.11999999998534 2.8825662182045114e-96
296.12999999998533 1.0718044701868976e-96
296.1399999999853 3.976201952194449e-97
296.1499999999853 1.4717630765680515e-97
296.1599999999853 5.435305646282059e-98
296.1699999999853 2.0027495261137514e-98
296.1799999999853 7.36284915610238e-99
296.1899999999853 2.7007337233495904e-99
296.19999999998527 9.884033996125354e-100
296.20999999998526 3.6091363730879306e-100
296.21999999998525 1.31488857902439e-100
296.22999999998524 4.779596261080795e-101
296.23999999998523 1.733445018001134e-101
296.2499999999852 6.272570169129267e-102
296.2599999999852 2.2646317111354136e-102
296.2699999999852 8.157671995995461e-103
296.2799999999852 2.9319157931127347e-103
296.2899999999852 1.0513645887787302e-103
296.2999999999852 3.761592940129708e-104
296.30999999998517 1.3427861305164125e-104
296.31999999998516 4.7825387306375996e-105
296.32999999998515 1.6995218150587942e-105
296.33999999998514 6.025756669924727e-106
296.34999999998513 2.1316359479395927e-106
296.3599999999851 7.523693237682473e-107
296.3699999999851 2.6495109753885194e-107
296.3799999999851 9.309298686765547e-108
296.3899999999851 3.2635089305429115e-108
296.3999999999851 1.1414824665294427e-108
296.4099999999851 3.983550098263786e-109
296.41999999998507 1.3870365983377712e-109
296.42999999998506 4.818614204303581e-110
296.43999999998505 1.6702173521089907e-110
296.44999999998504 5.776176096240312e-111
296.45999999998503 1.993078743711447e-111
296.469999999985 6.861595127478806e-112
296.479999999985 2.3569063081045294e-112
296.489999999985 8.077484767130256e-113
296.499999999985 2.762018450761972e-113
296.509999999985 9.423095703907167e-114
296.519999999985 3.2075780092667075e-114
296.52999999998497 1.0893751181260505e-114
296.53999999998496 3.6914269161461433e-115
296.54999999998495 1.2480376768518443e-115
296.55999999998494 4.2099575529354427e-116
296.56999999998493 1.4169167572884116e-116
296.5799999999849 4.7580341506727494e-117
296.5899999999849 1.5941433505006102e-117
296.5999999999849 5.3289762895276165e-118
296.6099999999849 1.7773657322548525e-118
296.6199999999849 5.914614127200023e-119
296.6299999999849 1.9637790775906235e-119
296.63999999998487 6.505421488560799e-120
296.64999999998486 2.1501801585246536e-120
296.65999999998485 7.090728532944882e-121
296.66999999998484 2.3330468851578758e-121
296.67999999998483 7.659010642964531e-122
296.6899999999848 2.5086407831739026e-122
296.6999999999848 8.198244805188021e-123
296.7099999999848 2.6731288030904856e-123
296.7199999999848 8.696319501182194e-124
296.7299999999848 2.8227192687215524e-124
296.7399999999848 9.1414794503037e-125
296.74999999998477 2.953805437168341e-125
296.75999999998476 9.522782883309367e-126
296.76999999998475 3.063109191885476e-126
296.77999999998474 9.830546759356154e-127
296.78999999998473 3.1478169299009254e-127
296.7999999999847 1.0056754747159803e-127
296.8099999999847 3.205699801777839e-128
296.8199999999847 1.0195404015905456e-128
296.8299999999847 3.2352111387434886e-129
296.8399999999847 1.0242769906081662e-129
296.8499999999847 3.2355551240731896e-130
296.85999999998467 1.01975721933179e-130
296.86999999998466 3.206722453073339e-131
296.87999999998465 1.0061032585876646e-131
296.88999999998464 3.1494907513020966e-132
296.89999999998463 9.836819851376493e-133
296.9099999999846 3.0653897247907368e-133
296.9199999999846 9.530886012894677e-134
296.9299999999846 2.9566332222579853e-134
296.9399999999846 9.151203822737504e-135
296.9499999999846 2.826022420735101e-135
296.9599999999846 8.707421674754467e-136
296.96999999998457 2.676826042806493e-136
296.97999999998456 8.2104567935769975e-137
296.98999999998455 2.51264474838187e-137
296.99999999998454 7.672050604395591e-138
297.00999999998453 2.3372675331512564e-138
297.0199999999845 7.104311454840738e-139
297.0299999999845 2.154528076928537e-139
297.0399999999845 6.519269310324643e-140
297.0499999999845 1.9681685371132383e-140
297.0599999999845 5.92846481429991e-141
297.0699999999845 1.781717342156809e-141
297.07999999998447 5.342591471307715e-142
297.08999999998446 1.5983862123630426e-142
297.09999999998445 4.771205052488527e-143
297.10999999998444 1.4209900517644027e-143
297.11999999998443 4.2225090796410105e-144
297.1299999999844 1.2518916581181929e-144
297.1399999999844 3.703219868220047e-145
297.1499999999844 1.0929715285637574e-145
297.1599999999844 3.2185095256466266e-146
297.1699999999844 9.456215209621113e-147
297.1799999999844 2.772020866423685e-147
297.18999999998437 8.107598645998267e-148
297.19999999998436 2.365944684608667e-148
297.20999999998435 6.8886406591763055e-149
297.21999999998434 2.001147374956487e-149
297.22999999998433 5.800176577406478e-150
297.2399999999843 1.6773355654912053e-150
297.2499999999843 4.839664933144957e-151
297.2599999999843 1.3932441656697175e-151
297.2699999999843 4.001803594959293e-152
297.2799999999843 1.146834913325904e-152
297.2899999999843 3.279160246625604e-153
297.29999999998427 9.354939297285794e-154
297.30999999998426 2.662783799392775e-154
297.31999999998425 7.56218742707153e-155
297.32999999998424 2.142770047080176e-155
297.33999999998423 6.057874830887282e-156
297.3499999999842 1.7087621795631776e-156
297.3599999999842 4.809052845357312e-157
297.3699999999842 1.3503740220913052e-157
297.3799999999842 3.7832513748013275e-158
297.3899999999842 1.0575305480697729e-158
297.3999999999842 2.949424224869448e-159
297.40999999998417 8.207259463940692e-160
297.41999999998416 2.278639820578435e-160
297.42999999998415 6.3120408482638006e-161
297.43999999998414 1.7445383367416046e-161
297.44999999998413 4.810695111060184e-162
297.4599999999841 1.3235847293004506e-162
297.4699999999841 3.633392047115176e-163
297.4799999999841 9.95151892937619e-164
297.4899999999841 2.719462562298583e-164
297.4999999999841 7.414696759098628e-165
297.5099999999841 2.0170669010540553e-165
297.51999999998407 5.474743925338167e-166
297.52999999998406 1.4825997298944834e-166
297.53999999998405 4.0059047784636306e-167
297.54999999998404 1.079925822079036e-167
297.55999999998403 2.904717013326287e-168
297.569999999984 7.79525506344494e-169
297.579999999984 2.0872450050075448e-169
297.589999999984 5.5761330741264865e-170
297.599999999984 1.4863100954724895e-170
297.609999999984 3.9527770969951032e-171
297.619999999984 1.0488462268405247e-171
297.62999999998397 2.7767572514507876e-172
297.63999999998396 7.334670491178029e-173
297.64999999998395 1.9330358127974785e-173
297.65999999998394 5.082949455301554e-174
297.66999999998393 1.333546859278743e-174
297.6799999999839 3.490738930476534e-175
297.6899999999839 9.116813211722609e-176
297.6999999999839 2.3756657864616516e-176
297.7099999999839 6.176525350307621e-177
297.7199999999839 1.6022110112756961e-177
297.7299999999839 4.1467876345736455e-178
297.73999999998387 1.0708298684108758e-178
297.74999999998386 2.7589622404941456e-179
297.75999999998385 7.092308788680662e-180
297.76999999998384 1.8190561874986442e-180
297.77999999998383 4.6550161354168675e-181
297.7899999999838 1.1885374382991673e-181
297.7999999999838 3.027757863895115e-182
297.8099999999838 7.695662517299114e-183
297.8199999999838 1.9515850661436235e-183
297.8299999999838 4.937937140246486e-184
297.8399999999838 1.2465802066185026e-184
297.84999999998377 3.139868756659591e-185
297.85999999998376 7.890769600381037e-186
297.86999999998375 1.97853541773163e-186
297.87999999998374 4.949768573872028e-187
297.88999999998373 1.2354994540891374e-187
297.8999999999837 3.076924362759718e-188
297.9099999999837 7.645531500636219e-189
297.9199999999837 1.8954622625070317e-189
297.9299999999837 4.688557013350361e-190
297.9399999999837 1.1571238880452447e-190
297.9499999999837 2.849293033034591e-191
297.95999999998367 7.000208438306868e-192
297.96999999998366 1.7159373450879827e-192
297.97999999998365 4.196705358531954e-193
297.98999999998364 1.0240758661622414e-193
297.99999999998363 2.4932876299882537e-194
298.0099999999836 6.0566047394239365e-195
298.0199999999836 1.4679209900804989e-195
298.0299999999836 3.5497088058378244e-196
298.0399999999836 8.564447945756304e-197
298.0499999999836 2.061686461638309e-197
298.0599999999836 4.951792787058661e-198
298.06999999998357 1.1866397863253968e-198
298.07999999998356 2.837213038305563e-199
298.08999999998355 6.768330966489952e-200
298.09999999998354 1.6109713851094716e-200
298.10999999998353 3.825697826786159e-201
298.1199999999835 9.064630401026854e-202
298.1299999999835 2.1429208801477446e-202
298.1399999999835 5.0545066342698833e-203
298.1499999999835 1.1895097444164016e-203
298.1599999999835 2.7930186530773388e-204
298.1699999999835 6.543291479894291e-205
298.17999999998347 1.5294500451361092e-205
298.18999999998346 3.566899928503408e-206
298.19999999998345 8.299714480688599e-207
298.20999999998344 1.9268680630016434e-207
298.21999999998343 4.463313613551349e-208
298.2299999999834 1.0315242145016727e-208
298.2399999999834 2.3785815719158793e-209
298.2499999999834 5.472342504052866e-210
298.2599999999834 1.2561603803215967e-210
298.2699999999834 2.8769579256783663e-211
298.2799999999834 6.574133642948876e-212
298.28999999998337 1.4988568088744406e-212
298.29999999998336 3.4095601827025e-213
298.30999999998335 7.738435640750603e-214
298.31999999998334 1.7523650715258629e-214
298.32999999998333 3.9592470347839563e-215
298.3399999999833 8.925184672523866e-216
298.3499999999833 2.007420803517253e-216
298.3599999999833 4.5048074131324755e-217
298.3699999999833 1.0086271083270027e-217
298.3799999999833 2.2532098565592861e-218
298.3899999999833 5.022144996717128e-219
298.39999999998327 1.1168464060512352e-219
298.40999999998326 2.4780738999855108e-220
298.41999999998325 5.485947598630698e-221
298.42999999998324 1.2117294276201036e-221
298.43999999998323 2.670399599207514e-222
298.4499999999832 5.8716945070689976e-223
298.4599999999832 1.2881524048967188e-223
298.4699999999832 2.8196009234662855e-224
298.4799999999832 6.157786659827162e-225
298.4899999999832 1.341770476094094e-225
298.4999999999832 2.917080563099064e-226
298.50999999998317 6.327544589648583e-227
298.51999999998316 1.3694261094657894e-227
298.52999999998315 2.957049484658302e-228
298.53999999998314 6.3708177222846185e-229
298.54999999998313 1.3694568905860223e-229
298.5599999999831 2.9370960582590964e-230
298.5699999999831 6.284989176718538e-231
298.5799999999831 1.3418609566096317e-231
298.5899999999831 2.8584269508638686e-232
298.5999999999831 6.0752377464601755e-233
298.6099999999831 1.2882971829049817e-233
298.61999999998307 2.725746323206548e-234
298.62999999998306 5.7540205891447044e-235
298.63999999998305 1.2119200960570917e-235
298.64999999998304 2.5467901485916925e-236
298.65999999998303 5.33984848503859e-237
298.669999999983 1.117072360470569e-237
298.679999999983 2.331579761973964e-238
298.689999999983 4.855521109375759e-239
298.699999999983 1.0088765206864827e-239
298.709999999983 2.0914947661936368e-240
298.719999999983 4.326056111022124e-241
298.72999999998297 8.927793017223088e-242
298.73999999998296 1.8382842938924692e-242
298.74999999998295 3.776572610745997e-243
298.75999999998294 7.741045148722892e-244
298.76999999998293 1.583135037040161e-244
298.7799999999829 3.230374843182432e-245
298.7899999999829 6.576646173888352e-246
298.7999999999829 1.3358959520078465e-246
298.8099999999829 2.70743095021923e-247
298.8199999999829 5.4746800524809874e-248
298.8299999999829 1.1045279154868892e-248
298.83999999998287 2.223367476228807e-249
298.84999999998286 4.46542088372952e-250
298.85999999998285 8.948085983809577e-251
298.86999999998284 1.7890171217839717e-251
298.87999999998283 3.568744400490008e-252
298.8899999999828 7.102855674069195e-253
298.8999999999828 1.4104806577607458e-253
298.9099999999828 2.7945885709309303e-254
298.9199999999828 5.524401328466004e-255
298.9299999999828 1.0896051877384172e-255
298.9399999999828 2.1442217767135615e-256
298.94999999998277 4.2100460022906875e-257
298.95999999998276 8.247466858183816e-258
298.96999999998275 1.612021818395499e-258
298.97999999998274 3.1436765172260214e-259
298.98999999998273 6.11675921863185e-260
298.9999999999827 1.187466914922478e-260
299.0099999999827 2.3000551527683985e-261
299.0199999999827 4.444998110625521e-262
299.0299999999827 8.570802945520402e-263
299.0399999999827 1.6488761585703e-263
299.0499999999827 3.164981425776667e-264
299.05999999998267 6.061371345810119e-265
299.06999999998266 1.1582097494139842e-265
299.07999999998265 2.2081071292908867e-266
299.08999999998264 4.200197019021344e-267
299.09999999998263 7.97142168248808e-268
299.1099999999826 1.5094492072705553e-268
299.1199999999826 2.8517918435266313e-269
299.1299999999826 5.3756841074227486e-270
299.1399999999826 1.0110351548553888e-270
299.1499999999826 1.8972098558871262e-271
299.1599999999826 3.5520664874134936e-272
299.16999999998256 6.635343329432382e-273
299.17999999998256 1.2366941632700972e-273
299.18999999998255 2.299735142246079e-274
299.19999999998254 4.26687510786511e-275
299.20999999998253 7.8987549302582e-276
299.2199999999825 1.4588947000032276e-276
299.2299999999825 2.6884740721767874e-277
299.2399999999825 4.943156463548243e-278
299.2499999999825 9.068165982026488e-279
299.2599999999825 1.6597824307786251e-279
299.2699999999825 3.031094415189177e-280
299.27999999998246 5.522864197074575e-281
299.28999999998246 1.0040280897087024e-281
299.29999999998245 1.8211426312323306e-282
299.30999999998244 3.295783365276639e-283
299.31999999998243 5.951000033672641e-284
299.3299999999824 1.0721062970424992e-284
299.3399999999824 1.927091517697598e-285
299.3499999999824 3.456077173303438e-286
299.3599999999824 6.184165764712275e-287
299.3699999999824 1.1040669552329665e-287
299.3799999999824 1.966646483372827e-288
299.38999999998236 3.4952141261518164e-289
299.39999999998236 6.197804497758774e-290
299.40999999998235 1.0965250499938155e-290
299.41999999998234 1.935601014531438e-291
299.42999999998233 3.409021367966654e-292
299.4399999999823 5.990460441319365e-293
299.4499999999823 1.05028529405405e-293
299.4599999999823 1.8372614533408053e-294
299.4699999999823 3.206647644594657e-295
299.4799999999823 5.584034817386673e-296
299.4899999999823 9.702007204928751e-297
299.49999999998226 1.6818670680595116e-297
299.50999999998226 2.908963954392256e-298
299.51999999998225 5.019975662032664e-299
299.52999999998224 8.643337714080262e-300
299.53999999998223 1.4848341641666492e-300
299.5499999999822 2.545018946308065e-301
299.5599999999822 4.3523186759414815e-302
299.5699999999822 7.426205323878107e-303
299.5799999999822 1.2642408449470779e-303
299.5899999999822 2.147381863804309e-304
299.5999999999822 3.639195134497556e-305
299.60999999998216 6.15344048211194e-306
299.61999999998216 1.0381192977923415e-306
299.62999999998215 1.7474031854907878e-307
299.63999999998214 2.934645053728762e-308
299.64999999998213 4.9173898123324e-309
299.6599999999821 8.2211068426256e-310
299.6699999999821 1.3713317982018e-310
299.6799999999821 2.2822930059426e-311
299.6899999999821 3.789804883636e-312
299.6999999999821 6.2788325588e-313
299.7099999999821 1.03790487303e-313
299.71999999998206 1.7117991215e-314
299.72999999998206 2.816856e-315
299.73999999998205 4.62480143e-316
299.74999999998204 7.575968e-317
299.759999999982 1.2382253e-317
299.769999999982 2.01919e-318
299.779999999982 3.2853e-319
299.789999999982 5.333e-320
299.799999999982 8.636e-321
299.809999999982 1.4e-321
299.819999999982 2.2e-322
299.82999999998196 4e-323
299.83999999998196 5e-324
299.84999999998195 0.0
299.85999999998194 0.0
299.8699999999819 0.0
299.8799999999819 0.0
299.8899999999819 0.0
299.8999999999819 0.0
299.9099999999819 0.0
299.9199999999819 0.0
299.9299999999819 0.0
299.93999999998186 0.0
299.94999999998186 0.0
299.95999999998185 0.0
299.96999999998184 0.0
299.9799999999818 0.0
299.9899999999818 0.0
