280.0 6.84093314443e-265
280.01 3.76195324299e-264
280.02 2.06380257635e-263
280.03 1.12948278663e-262
280.04 6.16662859658e-262
280.05 3.35871131994e-261
280.06 1.82496387882e-260
280.07 9.89219291976e-260
280.08 5.34918467272e-259
280.09 2.88562116766e-258
280.1 1.55291522636e-257
280.11 8.3370593064e-257
280.12 4.465136533e-256
280.13 2.38568612549e-255
280.14 1.27159431054e-254
280.15 6.76146114828e-254
280.16 3.58665205415e-253
280.17 1.89799317807e-252
280.18 1.00197470197e-251
280.19 5.2768600411e-251
280.2 2.77236944648e-250
280.21 1.45305931195e-249
280.22 7.59752765419e-249
280.23 3.96294410249e-248
280.24 2.06215028847e-247
280.25 1.07048205013e-246
280.26 5.54364198344e-246
280.27 2.8639647635e-245
280.28 1.47603574591e-244
280.29 7.58896918637e-244
280.3 3.89247124797e-243
280.31 1.9917037758e-242
280.32 1.01667182845e-241
280.33 5.17718330547e-241
280.34 2.63004393861e-240
280.35 1.33287424307e-239
280.36 6.73863691342e-239
280.37 3.39869073217e-238
280.38 1.71004660785e-237
280.39 8.58343172627e-237
280.4 4.29804220993e-236
280.41 2.14702501786e-235
280.42 1.06994201834e-234
280.43 5.31912371037e-234
280.44 2.6380112814e-233
280.45 1.30517851276e-232
280.46 6.44198770768e-232
280.47 3.17195178871e-231
280.48 1.55808079063e-230
280.49 7.63501822874e-230
280.5 3.73238893154e-229
280.51 1.82020547755e-228
280.52 8.85545031269e-228
280.53 4.29791273965e-227
280.54 2.08094808896e-226
280.55 1.00512854941e-225
280.56 4.84327000004e-225
280.57 2.32815806204e-224
280.58 1.11645944661e-223
280.59 5.34109316085e-223
280.6 2.54902481305e-222
280.61 1.21359752623e-221
280.62 5.76410670057e-221
280.63 2.73115312544e-220
280.64 1.29097192638e-219
280.65 6.08757403177e-219
280.66 2.86370595697e-218
280.67 1.34390725855e-217
280.68 6.29168376501e-217
280.69 2.9384694614e-216
280.7 1.3690905944e-215
280.71 6.36355646025e-215
280.72 2.95069503613e-214
280.73 1.36491453935e-213
280.74 6.29858947922e-213
280.75 2.89959843315e-212
280.76 1.33164701194e-211
280.77 6.10094473474e-211
280.78 2.78844300814e-210
280.79 1.27140280039e-209
280.8 5.78310748686e-209
280.81 2.62419482384e-208
280.82 1.18792109415e-207
280.83 5.36458120275e-207
280.84 2.41680027855e-206
280.85 1.08618152277e-205
280.86 4.86990813151e-205
280.87 2.17819038151e-204
280.88 9.71913496242e-204
280.89 4.32629469848e-203
280.9 1.92115008964e-202
280.91 8.5106592183e-202
280.92 3.76116006333e-201
280.93 1.65820087765e-200
280.94 7.29304972811e-200
280.95 3.19991114148e-199
280.96 1.40062983081e-198
280.97 6.11597264892e-198
280.98 2.66418517218e-197
280.99 1.15776385977e-196
281.0 5.01917432856e-196
281.01 2.17070737115e-195
281.02 9.36541424254e-195
281.03 4.03096856567e-194
281.04 1.73080659351e-193
281.05 7.41385998784e-193
281.06 3.1680857543e-192
281.07 1.35053606687e-191
281.08 5.74344087231e-191
281.09 2.43665942567e-190
281.1 1.03127435557e-189
281.11 4.35421946245e-189
281.12 1.83401600146e-188
281.13 7.70641931623e-188
281.14 3.23041903558e-187
281.15 1.35089562492e-186
281.16 5.63561659252e-186
281.17 2.34540470815e-185
281.18 9.73757589611e-185
281.19 4.03311520977e-184
281.2 1.66643013393e-183
281.21 6.86894915963e-183
281.22 2.82455608853e-182
281.23 1.15868881283e-181
281.24 4.74176617261e-181
281.25 1.93584314033e-180
281.26 7.88418675925e-180
281.27 3.20332019777e-179
281.28 1.29837609375e-178
281.29 5.24997672959e-178
281.3 2.11773178936e-177
281.31 8.52199436864e-177
281.32 3.42111946083e-176
281.33 1.37009898786e-175
281.34 5.47384330542e-175
281.35 2.18167214273e-174
281.36 8.67447742141e-174
281.37 3.44075591519e-173
281.38 1.36151088857e-172
281.39 5.374586813e-172
281.4 2.11653646442e-171
281.41 8.3150169224e-171
281.42 3.25879641085e-170
281.43 1.27411324597e-169
281.44 4.96953257512e-169
281.45 1.93365843634e-168
281.46 7.50586402068e-168
281.47 2.90655357087e-167
281.48 1.12282656996e-166
281.49 4.32716782934e-166
281.5 1.66360994479e-165
281.51 6.38051869612e-165
281.52 2.44127763694e-164
281.53 9.31826526924e-164
281.54 3.54821294477e-163
281.55 1.34784822749e-162
281.56 5.10774276449e-162
281.57 1.93096211096e-161
281.58 7.28241118386e-161
281.59 2.73989140947e-160
281.6 1.02836719523e-159
281.61 3.85052358055e-159
281.62 1.43829532878e-158
281.63 5.35960843739e-158
281.64 1.9923918834e-157
281.65 7.3887874754e-157
281.66 2.73355801737e-156
281.67 1.00888142511e-155
281.68 3.71457101851e-155
281.69 1.36437550995e-154
281.7 4.99937684369e-154
281.71 1.82748803726e-153
281.72 6.66422913208e-153
281.73 2.42438734432e-152
281.74 8.79854390098e-152
281.75 3.18549048301e-151
281.76 1.15053153838e-150
281.77 4.14550509953e-150
281.78 1.49009202006e-149
281.79 5.34324925246e-149
281.8 1.91141279104e-148
281.81 6.82119165015e-148
281.82 2.42841398415e-147
281.83 8.62465850281e-147
281.84 3.05574985923e-146
281.85 1.08006626732e-145
281.86 3.80837507282e-145
281.87 1.33963268436e-144
281.88 4.70098067074e-144
281.89 1.64568952792e-143
281.9 5.74730248811e-143
281.91 2.00233581001e-142
281.92 6.95931481849e-142
281.93 2.41297466113e-141
281.94 8.34633378896e-141
281.95 2.88001962062e-140
281.96 9.91406708579e-140
281.97 3.40459118004e-139
281.98 1.16636585052e-138
281.99 3.98622061797e-138
282.0 1.35907860621e-137
282.01 4.62258100813e-137
282.02 1.56848797956e-136
282.03 5.30926702493e-136
282.04 1.79285287304e-135
282.05 6.03964544359e-135
282.06 2.02971446323e-134
282.07 6.80479675328e-134
282.08 2.27589425452e-133
282.09 7.59356492085e-133
282.1 2.52752843784e-132
282.11 8.3927270774e-132
282.12 2.78014123978e-131
282.13 9.187287963e-131
282.14 3.02875753412e-130
282.15 9.96089576568e-130
282.16 3.26805226225e-129
282.17 1.0696367117e-128
282.18 3.49253137981e-128
282.19 1.1376300181e-127
282.2 3.69673635719e-127
282.21 1.198374679e-126
282.22 3.87546196414e-126
282.23 1.25029082204e-125
282.24 4.02397539997e-125
282.25 1.29198151625e-124
282.26 4.13822398378e-124
282.27 1.32229512224e-123
282.28 4.2150187212e-123
282.29 1.34037811862e-122
282.3 4.25218215487e-122
282.31 1.3457150244e-121
282.32 4.24865093487e-121
282.33 1.33815281193e-120
282.34 4.20452636638e-120
282.35 1.31790819657e-119
282.36 4.12106958134e-119
282.37 1.2855573188e-118
282.38 4.00064165514e-118
282.39 1.24200850407e-117
282.4 3.84659263673e-117
282.41 1.18845989781e-116
282.42 3.66310677034e-116
282.43 1.12634473288e-115
282.44 3.45501388532e-115
282.45 1.05726771633e-114
282.46 3.22757880526e-114
282.47 9.82936467867e-114
282.48 2.98628154826e-113
282.49 9.05092076867e-113
282.5 2.73660102274e-112
282.51 8.2544267184e-112
282.52 2.48381392288e-111
282.53 7.45603447774e-111
282.54 2.23281873499e-110
282.55 6.67045927525e-110
282.56 1.98799238304e-109
282.57 5.91058414728e-109
282.58 1.75308430955e-108
282.59 5.18718706723e-108
282.6 1.53114996073e-107
282.61 4.5087925545e-107
282.62 1.32452295854e-106
282.63 3.88164162416e-106
282.64 1.13482290163e-105
282.65 3.30976726642e-105
282.66 9.62993888326e-105
282.67 2.79515769629e-104
282.68 8.09367587348e-104
282.69 2.33798656532e-103
282.7 6.73744020448e-103
282.71 1.93688816673e-102
282.72 5.55483134493e-102
282.73 1.58925621558e-101
282.74 4.53600651141e-101
282.75 1.29154674589e-100
282.76 3.66862481443e-100
282.77 1.03956866066e-99
282.78 2.93873054757e-99
282.79 8.28749092341e-99
282.8 2.33154109002e-98
282.81 6.54364591545e-98
282.82 1.83211705726e-97
282.83 5.11732918068e-97
282.84 1.42590371538e-96
282.85 3.96363592645e-96
282.86 1.09914255184e-95
282.87 3.04068194929e-95
282.88 8.39159818135e-95
282.89 2.31033561957e-94
282.9 6.34544635878e-94
282.91 1.73862527951e-93
282.92 4.7523291467e-93
282.93 1.29587688763e-92
282.94 3.52515068192e-92
282.95 9.56639560396e-92
282.96 2.58985647514e-91
282.97 6.99454980605e-91
282.98 1.88451911335e-90
282.99 5.06521676492e-90
283.0 1.35816406114e-89
283.01 3.63298113263e-89
283.02 9.69461931713e-89
283.03 2.58080438145e-88
283.04 6.85387412497e-88
283.05 1.81582449543e-87
283.06 4.79919422426e-87
283.07 1.26537570447e-86
283.08 3.32833756426e-86
283.09 8.73357292628e-86
283.1 2.28619486521e-85
283.11 5.9702325582e-85
283.12 1.55534222152e-84
283.13 4.04219615069e-84
283.14 1.04801021631e-83
283.15 2.71063073259e-83
283.16 6.99410115482e-83
283.17 1.80032192245e-82
283.18 4.62301327141e-82
283.19 1.18428661269e-81
283.2 3.02653157632e-81
283.21 7.71596605231e-81
283.22 1.9624207018e-80
283.23 4.97909754526e-80
283.24 1.26027656942e-79
283.25 3.18227567506e-79
283.26 8.01616126804e-79
283.27 2.01442824309e-78
283.28 5.0500289459e-78
283.29 1.26296885989e-77
283.3 3.15099799849e-77
283.31 7.84260463228e-77
283.32 1.94728368563e-76
283.33 4.82341732154e-76
283.34 1.19189270455e-75
283.35 2.93816508709e-75
283.36 7.22556705643e-75
283.37 1.77265568288e-74
283.38 4.33843952745e-74
283.39 1.05925230769e-73
283.4 2.58001362163e-73
283.41 6.2690435744e-73
283.42 1.51962800203e-72
283.43 3.67476859626e-72
283.44 8.86501377057e-72
283.45 2.13346509706e-71
283.46 5.12210385129e-71
283.47 1.2267835007e-70
283.48 2.93119143373e-70
283.49 6.98678129173e-70
283.5 1.66137176024e-69
283.51 3.94106147306e-69
283.52 9.32644865388e-69
283.53 2.20179107837e-68
283.54 5.18552367261e-68
283.55 1.21833254155e-67
283.56 2.8555895039e-67
283.57 6.67701603449e-67
283.58 1.5574918074e-66
283.59 3.62431412944e-66
283.6 8.41361437555e-66
283.61 1.94848058732e-65
283.62 4.50159348027e-65
283.63 1.0375121052e-64
283.64 2.38548550231e-64
283.65 5.47163476147e-64
283.66 1.25202824956e-63
283.67 2.85803712301e-63
283.68 6.50846108707e-63
283.69 1.47858218513e-62
283.7 3.35096070722e-62
283.71 7.5761734882e-62
283.72 1.70878410792e-61
283.73 3.84486584581e-61
283.74 8.63041928855e-61
283.75 1.93258813656e-60
283.76 4.31721256734e-60
283.77 9.62108974023e-60
283.78 2.13895578866e-59
283.79 4.74390583634e-59
283.8 1.04960773243e-58
283.81 2.316726106e-58
283.82 5.10127895821e-58
283.83 1.12057302386e-57
283.84 2.45560191235e-57
283.85 5.36824677816e-57
283.86 1.17074871793e-56
283.87 2.54713298034e-56
283.88 5.52835924817e-56
283.89 1.19700951962e-55
283.9 2.58556619637e-55
283.91 5.57147809786e-55
283.92 1.19768305063e-54
283.93 2.56844392807e-54
283.94 5.49483915243e-54
283.95 1.17272609402e-53
283.96 2.49686408641e-53
283.97 5.30334556233e-53
283.98 1.123729183e-52
283.99 2.37536362832e-52
284.0 5.00904870458e-52
284.01 1.05374885632e-51
284.02 2.21144268273e-51
284.03 4.6298931509e-51
284.04 9.66992172981e-51
284.05 2.01479868512e-50
284.06 4.18790737992e-50
284.07 8.68398745151e-50
284.08 1.79637919158e-49
284.09 3.70709361881e-49
284.1 7.63177927754e-49
284.11 1.5673816521e-48
284.12 3.21129664266e-48
284.13 6.56361050566e-48
284.14 1.3383259138e-47
284.15 2.72231065209e-47
284.16 5.52421009708e-47
284.17 1.11830277273e-46
284.18 2.25842319517e-46
284.19 4.54996398487e-46
284.2 9.14465450474e-46
284.21 1.83351030204e-45
284.22 3.6673817252e-45
284.23 7.3178851317e-45
284.24 1.45670553106e-44
284.25 2.89277502889e-44
284.26 5.73078690792e-44
284.27 1.13258438525e-43
284.28 2.23297360268e-43
284.29 4.39190884682e-43
284.3 8.61746952377e-43
284.31 1.68679732663e-42
284.32 3.29384198845e-42
284.33 6.416516692e-42
284.34 1.24696023676e-41
284.35 2.41747833592e-41
284.36 4.67551318897e-41
284.37 9.02095863721e-41
284.38 1.73633214755e-40
284.39 3.33403097448e-40
284.4 6.38650363904e-40
284.41 1.22043149638e-39
284.42 2.32659269393e-39
284.43 4.42470195541e-39
284.44 8.39468480057e-39
284.45 1.58884479465e-38
284.46 2.99995863439e-38
284.47 5.65074574706e-38
284.48 1.06182507459e-37
284.49 1.99047577478e-37
284.5 3.72235273791e-37
284.51 6.94440216788e-37
284.52 1.29243560003e-36
284.53 2.39960451147e-36
284.54 4.44454325295e-36
284.55 8.21242305844e-36
284.56 1.51381289379e-35
284.57 2.78374721656e-35
284.58 5.10674416263e-35
284.59 9.3457705857e-35
284.6 1.70625069168e-34
284.61 3.10761546752e-34
284.62 5.64635809518e-34
284.63 1.02344915298e-33
284.64 1.85063526419e-33
284.65 3.33835183288e-33
284.66 6.00758725404e-33
284.67 1.07851149527e-32
284.68 1.93155099773e-32
284.69 3.4509946763e-32
284.7 6.15090626978e-32
284.71 1.09368092705e-31
284.72 1.93998725717e-31
284.73 3.43292112891e-31
284.74 6.06017943866e-31
284.75 1.06724431737e-30
284.76 1.87498988006e-30
284.77 3.28617520581e-30
284.78 5.74565057564e-30
284.79 1.00217696493e-29
284.8 1.74383877994e-29
284.81 3.02708737004e-29
284.82 5.24203951384e-29
284.83 9.05591492727e-29
284.84 1.56070595447e-28
284.85 2.68328343843e-28
284.86 4.60223427506e-28
284.87 7.87458371561e-28
284.88 1.34413594696e-27
284.89 2.28884032756e-27
284.9 3.88816339498e-27
284.91 6.58916263976e-27
284.92 1.11396784994e-26
284.93 1.87876212329e-26
284.94 3.16102291877e-26
284.95 5.30566961455e-26
284.96 8.88401883402e-26
284.97 1.48400528579e-25
284.98 2.47296593849e-25
284.99 4.1110951732e-25
285.0 6.81794725037e-25
285.01 1.12799312383e-24
285.02 1.86172691401e-24
285.03 3.06536512189e-24
285.04 5.03506586038e-24
285.05 8.25058625971e-24
285.06 1.34871805788e-23
285.07 2.19945076608e-23
285.08 3.57819518568e-23
285.09 5.80724994768e-23
285.1 9.40229168278e-23
285.11 1.51863578988e-22
285.12 2.44697904951e-22
285.13 3.93335894872e-22
285.14 6.30744714978e-22
285.15 1.00902138144e-21
285.16 1.61028900502e-21
285.17 2.56368106394e-21
285.18 4.07174782533e-21
285.19 6.45140728298e-21
285.2 1.01972896805e-20
285.21 1.60794712263e-20
285.22 2.52938814382e-20
285.23 3.9693180926e-20
285.24 6.21402560529e-20
285.25 9.70480654768e-20
285.26 1.51201965454e-19
285.27 2.35009111134e-19
285.28 3.64391864932e-19
285.29 5.63649797327e-19
285.3 8.69774652677e-19
285.31 1.33893917556e-18
285.32 2.0562298509e-18
285.33 3.15020763831e-18
285.34 4.8146354621e-18
285.35 7.34081619371e-18
285.36 1.11655982932e-17
285.37 1.69424556632e-17
285.38 2.56464599088e-17
285.39 3.87289037223e-17
285.4 5.83444689342e-17
285.41 8.76841079353e-17
285.42 1.31461563877e-16
285.43 1.96622588993e-16
285.44 2.9337610323e-16
285.45 4.36689521236e-16
285.46 6.48451524014e-16
285.47 9.60592008681e-16
285.48 1.41957104663e-15
285.49 2.09282062214e-15
285.5 3.07796437402e-15
285.51 4.51597865959e-15
285.52 6.60993034179e-15
285.53 9.65158398273e-15
285.54 1.40590836466e-14
285.55 2.04301777513e-14
285.56 2.96171991145e-14
285.57 4.28324123184e-14
285.58 6.17956341694e-14
285.59 8.89405400121e-14
285.6 1.27702217894e-13
285.61 1.82916897924e-13
285.62 2.61376130787e-13
285.63 3.7259303425e-13
285.64 5.29858917075e-13
285.65 7.5169640505e-13
285.66 1.06385247557e-12
285.67 1.50202462681e-12
285.68 2.11557978053e-12
285.69 2.97261367596e-12
285.7 4.16681524948e-12
285.71 5.82675460183e-12
285.72 8.12841596756e-12
285.73 1.13120631863e-11
285.74 1.57048731847e-11
285.75 2.17512267068e-11
285.76 3.00531352302e-11
285.77 4.14240469877e-11
285.78 5.6960261626e-11
285.79 7.81354530467e-11
285.8 1.06925429495e-10
285.81 1.45972343928e-10
285.82 1.98800224055e-10
285.83 2.70097066201e-10
285.84 3.66083010141e-10
285.85 4.94989504241e-10
285.86 6.67681151293e-10
285.87 8.98460423958e-10
285.88 1.20610605235e-09
285.89 1.61520909499e-09
285.9 2.15788708373e-09
285.91 2.87597687168e-09
285.92 3.82383172764e-09
285.93 5.07187877909e-09
285.94 6.71113024477e-09
285.95 8.8588873493e-09
285.96 1.16659309227e-08
285.97 1.53255592478e-08
285.98 2.00849137832e-08
285.99 2.62591293064e-08
286.0 3.42489594448e-08
286.01 4.45626644907e-08
286.02 5.78431091463e-08
286.03 7.4901207123e-08
286.04 9.67570713355e-08
286.05 1.24690487168e-07
286.06 1.60302626601e-07
286.07 2.05591267809e-07
286.08 2.63042183218e-07
286.09 3.35739814224e-07
286.1 4.27500867782e-07
286.11 5.43035053946e-07
286.12 6.88137838482e-07
286.13 8.69920814778e-07
286.14 1.09708610711e-06
286.15 1.38025210443e-06
286.16 1.73233878987e-06
286.17 2.16902197334e-06
286.18 2.70926684832e-06
286.19 3.37595246968e-06
286.2 4.19659997558e-06
286.21 5.20421863599e-06
286.22 6.43828508041e-06
286.23 7.94587231124e-06
286.24 9.78294631185e-06
286.25 1.20158491683e-05
286.26 1.47229885935e-05
286.27 1.79967545144e-05
286.28 2.19456838926e-05
286.29 2.66968951274e-05
286.3 3.239881315e-05
286.31 3.92242055846e-05
286.32 4.73735490167e-05
286.33 5.70787423944e-05
286.34 6.86071817709e-05
286.35 8.22662069002e-05
286.36 9.84079255016e-05
286.37 0.000117434415238
286.38 0.000139803296517
286.39 0.00016603366104
286.4 0.000196712331587
286.41 0.000232500417736
286.42 0.000274140120145
286.43 0.000322461722688
286.44 0.000378390697159
286.45 0.000442954829673
286.46 0.000517291261355
286.47 0.000602653318716
286.48 0.000700416991546
286.49 0.000812086898508
286.5 0.000939301563369
286.51 0.00108383780834
286.52 0.00124761405588
286.53 0.00143269231713
286.54 0.00164127863436
286.55 0.00187572173741
286.56 0.00213850967016
286.57 0.00243226414381
286.58 0.00275973237967
286.59 0.00312377621532
286.6 0.00352735826615
286.61 0.00397352495808
286.62 0.00446538627933
286.63 0.00500609213719
286.64 0.00559880525217
286.65 0.00624667057468
286.66 0.00695278126986
286.67 0.00772014138208
286.68 0.00855162536305
286.69 0.0094499347237
286.7 0.0104175521502
286.71 0.0114566935064
286.72 0.0125692582268
286.73 0.0137567786862
286.74 0.0150203692066
286.75 0.016360675438
286.76 0.0177778249084
286.77 0.0192713795975
286.78 0.0208402914257
286.79 0.0224828615819
286.8 0.0241967046229
286.81 0.0259787182728
286.82 0.0278250598253
286.83 0.0297311300091
286.84 0.0316915651103
286.85 0.0337002380612
286.86 0.0357502691012
286.87 0.0378340464882
286.88 0.0399432576017
286.89 0.0420689306176
286.9 0.0442014867681
286.91 0.0463308030176
286.92 0.0484462848006
286.93 0.0505369482784
286.94 0.0525915113819
286.95 0.0545984927279
286.96 0.0565463173219
286.97 0.0584234278011
286.98 0.0602183998343
286.99 0.0619200601717
287.0 0.0635176057472
287.01 0.0650007221699
287.02 0.0663596999046
287.03 0.0675855464387
287.04 0.0686700927626
287.05 0.0696060925502
287.06 0.0703873125244
287.07 0.0710086126109
287.08 0.0714660146427
287.09 0.0717567585487
287.1 0.0718793451649
287.11 0.0718335650171
287.12 0.0716205126552
287.13 0.0712425863556
287.14 0.070703473241
287.15 0.0700081201075
287.16 0.0691626904676
287.17 0.0681745085366
287.18 0.067051991078
287.19 0.0658045682002
287.2 0.0644425943393
287.21 0.0629772507853
287.22 0.0614204411913
287.23 0.0597846815667
287.24 0.0580829862778
287.25 0.0563287515708
287.26 0.0545356380995
287.27 0.0527174538726
287.28 0.0508880389481
287.29 0.0490611530901
287.3 0.0472503674767
287.31 0.0454689614044
287.32 0.0437298247845
287.33 0.0420453670717
287.34 0.0404274331101
287.35 0.0388872262309
287.36 0.0374352387943
287.37 0.0360811902382
287.38 0.0348339725801
287.39 0.0337016032226
287.4 0.032691184832
287.41 0.0318088720047
287.42 0.0310598443965
287.43 0.0304482859725
287.44 0.0299773700398
287.45 0.0296492497413
287.46 0.0294650537286
287.47 0.029424886773
287.48 0.0295278351362
287.49 0.0297719765803
287.5 0.0301543949638
287.51 0.0306711994309
287.52 0.0313175482631
287.53 0.0320876775064
287.54 0.0329749345321
287.55 0.0339718167076
287.56 0.0350700153655
287.57 0.0362604652492
287.58 0.0375333995835
287.59 0.0388784108748
287.6 0.0402845174794
287.61 0.0417402358968
287.62 0.043233658647
287.63 0.0447525374852
287.64 0.0462843715824
287.65 0.0478165001779
287.66 0.049336199082
287.67 0.050830780277
287.68 0.0522876937447
287.69 0.0536946305369
287.7 0.0550396260032
287.71 0.0563111620115
287.72 0.057498266932
287.73 0.0585906121175
287.74 0.0595786035966
287.75 0.0604534677122
287.76 0.0612073294718
287.77 0.0618332824488
287.78 0.0623254491615
287.79 0.0626790309801
287.8 0.0628903467504
287.81 0.0629568594851
287.82 0.0628771906533
287.83 0.0626511217887
287.84 0.0622795833385
287.85 0.0617646308782
287.86 0.061109409022
287.87 0.060318103559
287.88 0.0593958825307
287.89 0.058348827147
287.9 0.0571838535911
287.91 0.0559086269041
287.92 0.054531468252
287.93 0.0530612569673
287.94 0.0515073288143
287.95 0.0498793719631
287.96 0.0481873221564
287.97 0.04644125853
287.98 0.0446513014985
287.99 0.042827514036
288.0 0.040979807588
288.01 0.0391178537286
288.02 0.0372510025423
288.03 0.0353882085625
288.04 0.0335379649401
288.05 0.0317082463517
288.06 0.0299064609935
288.07 0.0281394118413
288.08 0.0264132671991
288.09 0.0247335404076
288.1 0.0231050784449
288.11 0.0215320590241
288.12 0.0200179956788
288.13 0.0185657502369
288.14 0.0171775519972
288.15 0.0158550228709
288.16 0.0145992077012
288.17 0.0134106089519
288.18 0.0122892249468
288.19 0.0112345908493
288.2 0.0102458215915
288.21 0.00932165599781
288.22 0.00846050139262
288.23 0.00766047803547
288.24 0.00691946278855
288.25 0.00623513148852
288.26 0.00560499956433
288.27 0.00502646051478
288.28 0.00449682193153
288.29 0.00401333882351
288.3 0.00357324406709
288.31 0.00317377586966
288.32 0.0028122021942
288.33 0.00248584214598
288.34 0.00219208437046
288.35 0.00192840255348
288.36 0.0016923681497
288.37 0.00148166049462
288.38 0.00129407447794
288.39 0.00112752597302
288.4 0.000980055228389
288.41 0.000849828433346
288.42 0.000735137671405
288.43 0.000634399472789
288.44 0.000546152171308
288.45 0.000469052262188
288.46 0.000401869946265
288.47 0.000343484033119
288.48 0.00029287636151
288.49 0.000249125880514
288.5 0.000211402519368
288.51 0.000178960958602
288.52 0.000151134399887
288.53 0.000127328417424
288.54 0.00010701495983
288.55 8.97265585203e-05
288.56 7.50507866598e-05
288.57 6.26250019199e-05
288.58 5.21313966031e-05
288.59 4.32923701515e-05
288.6 3.58662316542e-05
288.61 2.96432336614e-05
288.62 2.4441933332e-05
288.63 2.01058726371e-05
288.64 1.65005659129e-05
288.65 1.35107804367e-05
288.66 1.10380937867e-05
288.67 8.99871046224e-06
288.68 7.32151949579e-06
288.69 5.946374496e-06
288.7 4.82257765395e-06
288.71 3.90754964147e-06
288.72 3.16566797239e-06
288.73 2.56725722379e-06
288.74 2.08771547493e-06
288.75 1.70676237068e-06
288.76 1.40779531745e-06
288.77 1.17734143969e-06
288.78 1.00459403845e-06
288.79 8.81023378975e-07
288.8 8.0005267502e-07
288.81 7.56791121173e-07
288.82 7.47816741821e-07
288.83 7.71002670095e-07
288.84 8.25381238583e-07
288.85 9.11040954056e-07
288.86 1.02905204077e-06
288.87 1.18141677228e-06
288.88 1.37104127242e-06
288.89 1.60172585484e-06
288.9 1.87817129149e-06
288.91 2.20599865653e-06
288.92 2.59178058937e-06
288.93 3.04308196147e-06
288.94 3.56850802325e-06
288.95 4.17775815305e-06
288.96 4.88168333656e-06
288.97 5.69234547675e-06
288.98 6.62307657797e-06
288.99 7.68853576937e-06
289.0 8.90476203792e-06
289.01 1.02892204383e-05
289.02 1.1860839442e-05
289.03 1.3640036987e-05
289.04 1.56487327057e-05
289.05 1.79103437411e-05
289.06 2.04497615253e-05
289.07 2.3293306897e-05
289.08 2.64686609775e-05
289.09 3.00047693214e-05
289.1 3.39317170157e-05
289.11 3.82805726161e-05
289.12 4.30831991013e-05
289.13 4.83720303837e-05
289.14 5.41798123502e-05
289.15 6.05393079179e-05
289.16 6.74829661675e-05
289.17 7.50425562721e-05
289.18 8.32487676495e-05
289.19 9.21307785346e-05
289.2 0.000101715795977
289.21 0.000112028571114
289.22 0.00012309089441
289.23 0.000134921076419
289.24 0.000147533420444
289.25 0.000160937694245
289.26 0.000175138608672
289.27 0.000190135311717
289.28 0.000205920907001
289.29 0.000222482006084
289.3 0.000239798324227
289.31 0.000257842329273
289.32 0.000276578953202
289.33 0.00029596537556
289.34 0.000315950887458
289.35 0.000336476844033
289.36 0.000357476712358
289.37 0.000378876220571
289.38 0.000400593612687
289.39 0.000422540011962
289.4 0.000444619894056
289.41 0.000466731669401
289.42 0.000488768372286
289.43 0.000510618452234
289.44 0.00053216666128
289.45 0.00055329502882
289.46 0.000573883913856
289.47 0.000593813122713
289.48 0.000612963078737
289.49 0.000631216029102
289.5 0.000648457272717
289.51 0.000664576392373
289.52 0.00067946847372
289.53 0.000693035293383
289.54 0.000705186458692
289.55 0.000715840481884
289.56 0.000724925772433
289.57 0.000732381532286
289.58 0.000738158540173
289.59 0.00074221981286
289.6 0.000744541133177
289.61 0.000745111436769
289.62 0.000743933051844
289.63 0.000741021788605
289.64 0.000736406877512
289.65 0.000730130758005
289.66 0.0007222487217
289.67 0.000712828416412
289.68 0.000701949219461
289.69 0.000689701490681
289.7 0.000676185717222
289.71 0.00066151156364
289.72 0.000645796841889
289.73 0.000629166416572
289.74 0.000611751061272
289.75 0.000593686281883
289.76 0.000575111122624
289.77 0.00055616696992
289.78 0.00053699636848
289.79 0.000517741862886
289.8 0.000498544876664
289.81 0.000479544639414
289.82 0.000460877170958
289.83 0.000442674329824
289.84 0.00042506293168
289.85 0.000408163941694
289.86 0.000392091743147
289.87 0.000376953483165
289.88 0.000362848495054
289.89 0.000349867795557
289.9 0.000338093654347
289.91 0.000327599232345
289.92 0.000318448284878
289.93 0.000310694925418
289.94 0.000304383445556
289.95 0.000299548187021
289.96 0.000296213461864
289.97 0.000294393517472
289.98 0.000294092543695
289.99 0.000295304720147
290.0 0.000298014302557
290.01 0.00030219574789
290.02 0.000307813878819
290.03 0.000314824088887
290.04 0.000323172590422
290.05 0.000332796707826
290.06 0.000343625219258
290.07 0.000355578749996
290.08 0.000368570220756
290.09 0.000382505354088
290.1 0.00039728324154
290.11 0.000412796973662
290.12 0.000428934334089
290.13 0.000445578557879
290.14 0.000462609153115
290.15 0.000479902783388
290.16 0.000497334207337
290.17 0.00051477726989
290.18 0.000532105938275
290.19 0.000549195374345
290.2 0.000565923033266
290.21 0.000582169777241
290.22 0.000597820991734
290.23 0.000612767690613
290.24 0.000626907595817
290.25 0.00064014617665
290.26 0.000652397633486
290.27 0.000663585810763
290.28 0.000673645024469
290.29 0.000682520790025
290.3 0.000690170437422
290.31 0.000696563601798
290.32 0.000701682579174
290.33 0.000705522538904
290.34 0.000708091586427
290.35 0.000709410672127
290.36 0.000709513344474
290.37 0.000708445348033
290.38 0.000706264069444
290.39 0.000703037836938
290.4 0.00069884508136
290.41 0.000693773369003
290.42 0.000687918318676
290.43 0.000681382417425
290.44 0.000674273751029
290.45 0.000666704666844
290.46 0.000658790387767
290.47 0.000650647596904
290.48 0.000642393013077
290.49 0.000634141977481
290.5 0.00062600707165
290.51 0.000618096786416
290.52 0.000610514260743
290.53 0.000603356108186
290.54 0.000596711347384
290.55 0.000590660451282
290.56 0.000585274527977
290.57 0.000580614643941
290.58 0.000576731298219
290.59 0.000573664053792
290.6 0.000571441329921
290.61 0.000570080356781
290.62 0.000569587291239
290.63 0.000569957490209
290.64 0.000571175935622
290.65 0.000573217802832
290.66 0.000576049162159
290.67 0.000579627801346
290.68 0.00058390415498
290.69 0.000588822325439
290.7 0.000594321178689
290.71 0.000600335497291
290.72 0.000606797172284
290.73 0.000613636415239
290.74 0.000620782971685
290.75 0.000628167317318
290.76 0.000635721818905
290.77 0.000643381842615
290.78 0.000651086793523
290.79 0.000658781071386
290.8 0.000666414929298
290.81 0.00067394522358
290.82 0.00068133604515
290.83 0.000688559224655
290.84 0.000695594705757
290.85 0.000702430783151
290.86 0.000709064204079
290.87 0.000715500134261
290.88 0.00072175199126
290.89 0.000727841150302
290.9 0.000733796529402
290.91 0.000739654062356
290.92 0.00074545606963
290.93 0.000751250538442
290.94 0.000757090324379
290.95 0.000763032287648
290.96 0.000769136377616
290.97 0.00077546467954
290.98 0.000782080437441
290.99 0.000789047066853
291.0 0.000796427170759
291.01 0.000804281571391
291.02 0.000812668369807
291.03 0.000821642044174
291.04 0.000831252596674
291.05 0.000841544757786
291.06 0.000852557255516
291.07 0.000864322155941
291.08 0.000876864280207
291.09 0.00089020070197
291.1 0.000904340328119
291.11 0.000919283564595
291.12 0.000935022068139
291.13 0.000951538583948
291.14 0.000968806868454
291.15 0.000986791695781
291.16 0.00100544894588
291.17 0.00102472577193
291.18 0.00104456084405
291.19 0.00106488466649
291.2 0.00108561996455
291.21 0.00110668213815
291.22 0.00112797977794
291.23 0.00114941524051
291.24 0.00117088527849
291.25 0.00119228172163
291.26 0.00121349220446
291.27 0.00123440093629
291.28 0.00125488950873
291.29 0.00127483773599
291.3 0.00129412452263
291.31 0.00131262875337
291.32 0.00133023019913
291.33 0.00134681043305
291.34 0.00136225375003
291.35 0.0013764480829
291.36 0.00138928590804
291.37 0.00140066513299
291.38 0.00141048995841
291.39 0.00141867170653
291.4 0.00142512960824
291.41 0.00142979154096
291.42 0.00143259470951
291.43 0.0014334862626
291.44 0.00143242383769
291.45 0.00142937602765
291.46 0.00142432276318
291.47 0.0014172556055
291.48 0.00140817794494
291.49 0.00139710510165
291.5 0.00138406432583
291.51 0.00136909469591
291.52 0.00135224691415
291.53 0.00133358300044
291.54 0.00131317588593
291.55 0.00129110890982
291.56 0.00126747522315
291.57 0.00124237710511
291.58 0.00121592519797
291.59 0.00118823766819
291.6 0.00115943930158
291.61 0.0011296605418
291.62 0.00109903648148
291.63 0.00106770581647
291.64 0.00103580977348
291.65 0.00100349102219
291.66 0.000970892582601
291.67 0.000938156738739
291.68 0.000905423969377
291.69 0.000872831906417
291.7 0.000840514331003
291.71 0.000808600217005
291.72 0.000777212830883
291.73 0.000746468896242
291.74 0.000716477830601
291.75 0.000687341061077
291.76 0.000659151424787
291.77 0.000631992658845
291.78 0.0006059389839
291.79 0.000581054784204
291.8 0.000557394386249
291.81 0.000535001937082
291.82 0.000513911382502
291.83 0.000494146544433
291.84 0.000475721295973
291.85 0.000458639831756
291.86 0.000442897030548
291.87 0.000428478906255
291.88 0.000415363142862
291.89 0.000403519708196
291.9 0.000392911540811
291.91 0.00038349530377
291.92 0.000375222198595
291.93 0.000368038832172
291.94 0.000361888129003
291.95 0.00035671028079
291.96 0.000352443724955
291.97 0.000349026143421
291.98 0.000346395472646
291.99 0.000344490915651
292.0 0.0003432539466
292.01 0.000342629298247
292.02 0.000342565922513
292.03 0.000343017914302
292.04 0.000343945388693
292.05 0.000345315301667
292.06 0.000347102204625
292.07 0.000349288923176
292.08 0.000351867150898
292.09 0.000354837949184
292.1 0.000358212144707
292.11 0.000362010616617
292.12 0.000366264466246
292.13 0.000371015062876
292.14 0.000376313960014
292.15 0.000382222677627
292.16 0.000388812346921
292.17 0.000396163215444
292.18 0.00040436401169
292.19 0.000413511169774
292.2 0.000423707916312
292.21 0.000435063223255
292.22 0.000447690632111
292.23 0.000461706956754
292.24 0.000477230873787
292.25 0.000494381411247
292.26 0.000513276348221
292.27 0.00053403053975
292.28 0.000556754183061
292.29 0.000581551042865
292.3 0.000608516654907
292.31 0.000637736528386
292.32 0.000669284369014
292.33 0.000703220345487
292.34 0.000739589422873
292.35 0.000778419786896
292.36 0.000819721383252
292.37 0.000863484595959
292.38 0.000909679088224
292.39 0.000958252828447
292.4 0.00100913132276
292.41 0.0010622170739
292.42 0.00111738928414
292.43 0.00117450381784
292.44 0.00123339343623
292.45 0.00129386831431
292.46 0.0013557168462
292.47 0.00141870674182
292.48 0.00148258641421
292.49 0.00154708665262
292.5 0.00161192257283
292.51 0.00167679583204
292.52 0.00174139709192
292.53 0.0018054087095
292.54 0.00186850763225
292.55 0.00193036847025
292.56 0.00199066671559
292.57 0.00204908207663
292.58 0.00210530189262
292.59 0.00215902459292
292.6 0.00220996316388
292.61 0.00225784858631
292.62 0.00230243320651
292.63 0.00234349400487
292.64 0.00238083572741
292.65 0.00241429384759
292.66 0.00244373732824
292.67 0.00246907115655
292.68 0.00249023862818
292.69 0.00250722336052
292.7 0.00252005101876
292.71 0.00252879074257
292.72 0.00253355626531
292.73 0.00253450672147
292.74 0.00253184714195
292.75 0.00252582864025
292.76 0.00251674829571
292.77 0.00250494874256
292.78 0.00249081747565
292.79 0.00247478588518
292.8 0.00245732803352
292.81 0.00243895918742
292.82 0.00242023411814
292.83 0.00240174518121
292.84 0.00238412018508
292.85 0.00236802005611
292.86 0.00235413630401
292.87 0.00234318828877
292.88 0.00233592028669
292.89 0.00233309834938
292.9 0.00233550694619
292.91 0.00234394537744
292.92 0.00235922394275
292.93 0.00238215984685
292.94 0.0024135728238
292.95 0.00245428046006
292.96 0.00250509319792
292.97 0.00256680900234
292.98 0.0026402076781
292.99 0.00272604482874
293.0 0.00282504545511
293.01 0.00293789719925
293.02 0.00306524324839
293.03 0.00320767492453
293.04 0.00336572399668
293.05 0.00353985476544
293.06 0.00373045598301
293.07 0.00393783268547
293.08 0.00416219802793
293.09 0.00440366522652
293.1 0.00466223972419
293.11 0.00493781170858
293.12 0.00523014912032
293.13 0.00553889129818
293.14 0.00586354341291
293.15 0.00620347184427
293.16 0.0065579006556
293.17 0.00692590931616
293.18 0.00730643181399
293.19 0.00769825729104
293.2 0.00810003231679
293.21 0.00851026489818
293.22 0.00892733030067
293.23 0.00934947872986
293.24 0.00977484489394
293.25 0.010201459436
293.26 0.0106272621919
293.27 0.0110501171941
293.28 0.0114678293081
293.29 0.0118781623507
293.3 0.0122788585073
293.31 0.0126676588308
293.32 0.0130423245778
293.33 0.0134006591076
293.34 0.0137405300517
293.35 0.0140598914388
293.36 0.0143568054547
293.37 0.0146294635041
293.38 0.0148762062473
293.39 0.0150955422863
293.4 0.0152861651935
293.41 0.0154469685911
293.42 0.0155770590195
293.43 0.0156757663612
293.44 0.0157426516277
293.45 0.0157775119543
293.46 0.0157803826981
293.47 0.0157515365775
293.48 0.0156914798461
293.49 0.0156009455422
293.5 0.015480883906
293.51 0.0153324501073
293.52 0.0151569894699
293.53 0.0149560204261
293.54 0.0147312154696
293.55 0.0144843804117
293.56 0.0142174322702
293.57 0.0139323761441
293.58 0.013631281439
293.59 0.0133162578167
293.6 0.0129894312397
293.61 0.0126529204768
293.62 0.0123088144185
293.63 0.0119591505311
293.64 0.0116058947518
293.65 0.0112509230939
293.66 0.0108960051945
293.67 0.0105427899983
293.68 0.0101927937244
293.69 0.00984739022341
293.7 0.00950780378147
293.71 0.0091751043866
293.72 0.00885020542661
293.73 0.00853386374668
293.74 0.00822668195582
293.75 0.00792911283568
293.76 0.00764146567449
293.77 0.00736391432219
293.78 0.00709650674162
293.79 0.00683917581459
293.8 0.00659175115122
293.81 0.00635397164542
293.82 0.00612549851992
293.83 0.00590592860904
293.84 0.00569480763731
293.85 0.00549164326608
293.86 0.00529591769795
293.87 0.00510709964973
293.88 0.00492465552818
293.89 0.00474805966787
293.9 0.00457680351752
293.91 0.00441040368788
293.92 0.00424840880217
293.93 0.00409040511597
293.94 0.00393602090003
293.95 0.00378492960266
293.96 0.00363685183118
293.97 0.00349155621112
293.98 0.00334885919968
293.99 0.0032086239438
294.0 0.00307075828525
294.01 0.00293521202352
294.02 0.00280197355317
294.03 0.00267106599503
294.04 0.00254254294112
294.05 0.00241648393076
294.06 0.00229298977098
294.07 0.00217217780774
294.08 0.00205417724656
294.09 0.00193912461158
294.1 0.00182715942152
294.11 0.00171842014982
294.12 0.00161304052446
294.13 0.00151114621136
294.14 0.00141285191329
294.15 0.00131825890508
294.16 0.00122745301535
294.17 0.00114050305467
294.18 0.0010574596815
294.19 0.000978354688949
294.2 0.000903200688693
294.21 0.0008319911627
294.22 0.000764700848836
294.23 0.000701286423102
294.24 0.000641687438982
294.25 0.000585827483227
294.26 0.000533615507166
294.27 0.000484947293297
294.28 0.000439707018373
294.29 0.00039776887627
294.3 0.00035899872657
294.31 0.000323255737861
294.32 0.000290393998111
294.33 0.000260264068062
294.34 0.000232714457229
294.35 0.000207593005801
294.36 0.000184748159301
294.37 0.000164030126346
294.38 0.000145291913058
294.39 0.000128390230702
294.4 0.000113186275804
294.41 9.95463844196e-05
294.42 8.734256426e-05
294.43 7.645291014e-05
294.44 6.67619096195e-05
294.45 5.8160646794e-05
294.46 5.05469129961e-05
294.47 4.3825233688e-05
294.48 3.7906821095e-05
294.49 3.27094621801e-05
294.5 2.81573514134e-05
294.51 2.41808774816e-05
294.52 2.07163726433e-05
294.53 1.77058328849e-05
294.54 1.5096616407e-05
294.55 1.28411272903e-05
294.56 1.08964904771e-05
294.57 9.22422348166e-06
294.58 7.78990951917e-06
294.59 6.56287604834e-06
294.6 5.51588204914e-06
294.61 4.62481673067e-06
294.62 3.86841178167e-06
294.63 3.22796874617e-06
294.64 2.68710263117e-06
294.65 2.23150243278e-06
294.66 1.84870890211e-06
294.67 1.52790956052e-06
294.68 1.25975071274e-06
294.69 1.03616599318e-06
294.7 8.50220811774e-07
294.71 6.95971935577e-07
294.72 5.68341348885e-07
294.73 4.63003471427e-07
294.74 3.76284778417e-07
294.75 3.05074853132e-07
294.76 2.46747908581e-07
294.77 1.99093836187e-07
294.78 1.60257872859e-07
294.79 1.28688020614e-07
294.8 1.03089402351e-07
294.81 8.2384791267e-08
294.82 6.56806079362e-08
294.83 5.22377365035e-08
294.84 4.1446568628e-08
294.85 3.28057396277e-08
294.86 2.59040749481e-08
294.87 2.04053160179e-08
294.88 1.60352423399e-08
294.89 1.25708510357e-08
294.9 9.83129588878e-09
294.91 7.67032516668e-09
294.92 5.96999121483e-09
294.93 4.63543510686e-09
294.94 3.59057667382e-09
294.95 2.77456421495e-09
294.96 2.1388593309e-09
294.97 1.64485084651e-09
294.98 1.26190793844e-09
294.99 9.65796582873e-10
295.0 7.37395514929e-10
295.01 5.61658256835e-10
295.02 4.26776626637e-10
295.03 3.23508668136e-10
295.04 2.44640315741e-10
295.05 1.84555478596e-10
295.06 1.38893735086e-10
295.07 1.04278594589e-10
295.08 7.81024171556e-11
295.09 5.83566791078e-11
295.1 4.3498416756e-11
295.11 3.23454436476e-11
295.12 2.3994381155e-11
295.13 1.77567209717e-11
295.14 1.31090964826e-11
295.15 9.65471636117e-12
295.16 7.09354039915e-12
295.17 5.1992815799e-12
295.18 3.8017223219e-12
295.19 2.77315540376e-12
295.2 2.01801681401e-12
295.21 1.46498139586e-12
295.22 1.06095311649e-12
295.23 7.66508594246e-13
295.24 5.5245208256e-13
295.25 3.97218027565e-13
295.26 2.84918096003e-13
295.27 2.03876825321e-13
295.28 1.45536670678e-13
295.29 1.03641514873e-13
295.3 7.36294930892e-14
295.31 5.21827075848e-14
295.32 3.68942042455e-14
295.33 2.60223446269e-14
295.34 1.83101304206e-14
295.35 1.28526649828e-14
295.36 9.00018988192e-15
295.37 6.28733919767e-15
295.38 4.38166169374e-15
295.39 3.0462639223e-15
295.4 2.1127735083e-15
295.41 1.46182400386e-15
295.42 1.00900650239e-15
295.43 6.94783618406e-16
295.44 4.77267546048e-16
295.45 3.27062660091e-16
295.46 2.23592253332e-16
295.47 1.52489263599e-16
295.48 1.03747707095e-16
295.49 7.04165060789e-17
295.5 4.76790026507e-17
295.51 3.22059842371e-17
295.52 2.17021476208e-17
295.53 1.4589001653e-17
295.54 9.78374570508e-18
295.55 6.5454794073e-18
295.56 4.36852159697e-18
295.57 2.90860157168e-18
295.58 1.93192695735e-18
295.59 1.28012945588e-18
295.6 8.46201516066e-19
295.61 5.58020850702e-19
295.62 3.67099483773e-19
295.63 2.4092054644e-19
295.64 1.57732295523e-19
295.65 1.03020612159e-19
295.66 6.71250073757e-20
295.67 4.36316145759e-20
295.68 2.82927354865e-20
295.69 1.83022848959e-20
295.7 1.181115585e-20
295.71 7.60389664895e-21
295.72 4.88356223697e-21
295.73 3.12891643343e-21
295.74 1.99989832843e-21
295.75 1.27520082813e-21
295.76 8.11158960647e-22
295.77 5.1474254939e-22
295.78 3.25859872431e-22
295.79 2.05791963964e-22
295.8 1.29653025331e-22
295.81 8.14879913329e-23
295.82 5.10929859665e-23
295.83 3.19584472375e-23
295.84 1.99419108178e-23
295.85 1.2413795394e-23
295.86 7.70901888955e-24
295.87 4.77584639369e-24
295.88 2.95160544987e-24
295.89 1.81979710659e-24
295.9 1.11929444867e-24
295.91 6.86787595215e-25
295.92 4.20394714932e-25
295.93 2.5671353406e-25
295.94 1.56385684707e-25
295.95 9.50390176772e-26
295.96 5.76187183795e-26
295.97 3.48483292541e-26
295.98 2.1026018439e-26
295.99 1.26557775461e-26
296.0 7.59936555501e-27
296.01 4.5522127561e-27
296.02 2.72034808739e-27
296.03 1.62174705308e-27
296.04 9.6449164063e-28
296.05 5.72229877911e-28
296.06 3.38687605339e-28
296.07 1.99979182339e-28
296.08 1.17795034736e-28
296.09 6.92190910547e-29
296.1 4.05771472349e-29
296.11 2.37297870391e-29
296.12 1.38440411549e-29
296.13 8.05728329373e-30
296.14 4.67811718685e-30
296.15 2.70963173832e-30
296.16 1.56569136158e-30
296.17 9.02523982476e-31
296.18 5.19000836164e-31
296.19 2.97737868359e-31
296.2 1.70394982644e-31
296.21 9.72828401362e-32
296.22 5.5407989302e-32
296.23 3.1482212797e-32
296.24 1.78449288378e-32
296.25 1.00906955059e-32
296.26 5.69225166109e-33
296.27 3.20334558686e-33
296.28 1.79837479191e-33
296.29 1.00719446132e-33
296.3 5.62734007784e-34
296.31 3.13653187132e-34
296.32 1.74402601304e-34
296.33 9.67415234241e-35
296.34 5.35339878557e-35
296.35 2.95530957073e-35
296.36 1.62754526009e-35
296.37 8.94169555786e-36
296.38 4.90075953809e-36
296.39 2.67956081774e-36
296.4 1.46157314115e-36
296.41 7.95305889419e-37
296.42 4.31722371033e-37
296.43 2.3379306182e-37
296.44 1.26303502407e-37
296.45 6.80700201028e-38
296.46 3.6597639424e-38
296.47 1.96293979237e-38
296.48 1.05031022652e-38
296.49 5.60641082975e-39
296.5 2.98544417007e-39
296.51 1.58595075789e-39
296.52 8.40479555024e-40
296.53 4.44346044138e-40
296.54 2.34353903998e-40
296.55 1.23304741479e-40
296.56 6.47208289613e-41
296.57 3.38894932788e-41
296.58 1.77028336795e-41
296.59 9.22523021634e-42
296.6 4.79588042462e-42
296.61 2.48723138751e-42
296.62 1.28682871294e-42
296.63 6.64174206552e-43
296.64 3.41979425391e-43
296.65 1.75660720873e-43
296.66 9.00131692311e-44
296.67 4.60144414586e-44
296.68 2.34659946011e-44
296.69 1.19382450123e-44
296.7 6.05896883874e-45
296.71 3.06770546324e-45
296.72 1.54947762878e-45
296.73 7.80753016028e-46
296.74 3.92463019196e-46
296.75 1.96806990437e-46
296.76 9.84552795253e-47
296.77 4.91353674906e-47
296.78 2.44627973289e-47
296.79 1.21499568521e-47
296.8 6.02004951956e-48
296.81 2.97565173909e-48
296.82 1.46730652479e-48
296.83 7.21799049432e-49
296.84 3.54216243053e-49
296.85 1.73411281946e-49
296.86 8.46921064559e-50
296.87 4.12634209468e-50
296.88 2.00559960576e-50
296.89 9.72478369963e-51
296.9 4.70405482736e-51
296.91 2.26997727305e-51
296.92 1.09276644984e-51
296.93 5.24795262875e-52
296.94 2.51425411244e-52
296.95 1.20166978615e-52
296.96 5.7295145144e-53
296.97 2.72525544331e-53
296.98 1.29316314023e-53
296.99 6.12147567668e-54
297.0 2.89078404327e-54
297.01 1.36185816517e-54
297.02 6.40036613769e-55
297.03 3.00078215321e-55
297.04 1.40352717952e-55
297.05 6.54883269952e-56
297.06 3.04834188886e-56
297.07 1.41553353233e-56
297.08 6.55742540784e-57
297.09 3.03042308736e-57
297.1 1.39710768811e-57
297.11 6.42559292509e-58
297.12 2.94817489915e-58
297.13 1.34942884576e-58
297.14 6.16174106973e-59
297.15 2.80681383619e-59
297.16 1.27550005795e-59
297.17 5.78234588129e-60
297.18 2.61507626702e-60
297.19 1.17983523508e-60
297.2 5.31025130345e-61
297.21 2.38432523918e-61
297.22 1.06800338058e-61
297.23 4.77239594815e-62
297.24 2.12743852181e-62
297.25 9.46093979533e-63
297.26 4.19728296288e-63
297.27 1.85762876605e-63
297.28 8.20174601706e-64
297.29 3.61252128539e-64
297.3 1.5873446133e-64
297.31 6.95806914122e-65
297.32 3.04272685036e-65
297.33 1.32737582409e-65
297.34 5.7767230845e-66
297.35 2.50799060419e-66
297.36 1.08624294886e-66
297.37 4.69336948198e-67
297.38 2.02301558888e-67
297.39 8.69902188004e-68
297.4 3.73162785801e-68
297.41 1.59691918904e-68
297.42 6.81748611385e-69
297.43 2.90350310008e-69
297.44 1.23360759814e-69
297.45 5.2286369395e-70
297.46 2.21083660944e-70
297.47 9.32570165936e-71
297.48 3.92430810651e-71
297.49 1.64740882014e-71
297.5 6.8991626821e-72
297.51 2.88235914994e-72
297.52 1.20131392749e-72
297.53 4.99484067428e-73
297.54 2.07177923872e-73
297.55 8.57278680155e-74
297.56 3.53881027392e-74
297.57 1.45730094037e-74
297.58 5.98684370446e-75
297.59 2.45359741356e-75
297.6 1.00314889591e-75
297.61 4.09151552448e-76
297.62 1.66479099003e-76
297.63 6.75759157516e-77
297.64 2.73640813103e-77
297.65 1.10541795459e-77
297.66 4.45480671728e-78
297.67 1.79096841561e-78
297.68 7.18296412939e-79
297.69 2.87392994695e-79
297.7 1.14711079722e-79
297.71 4.56763368279e-80
297.72 1.8144035031e-80
297.73 7.19007125066e-81
297.74 2.84242635968e-81
297.75 1.12099057054e-81
297.76 4.41033324927e-82
297.77 1.73100197335e-82
297.78 6.77767014861e-83
297.79 2.647402683e-83
297.8 1.0316117731e-83
297.81 4.01023002711e-84
297.82 1.55517400642e-84
297.83 6.01652052351e-85
297.84 2.32203373949e-85
297.85 8.94022314259e-86
297.86 3.433878314e-86
297.87 1.31576446438e-86
297.88 5.0295382396e-87
297.89 1.91793897843e-87
297.9 7.29622412212e-88
297.91 2.76897003569e-88
297.92 1.04832285867e-88
297.93 3.95939257981e-89
297.94 1.49182810104e-89
297.95 5.60745389911e-90
297.96 2.10266143591e-90
297.97 7.86556087975e-91
297.98 2.93526119905e-91
297.99 1.09274925758e-91
298.0 4.05836399195e-92
298.01 1.50362030383e-92
298.02 5.5575333368e-93
298.03 2.04919213823e-93
298.04 7.5377198996e-94
298.05 2.76601173765e-94
298.06 1.01256929057e-94
298.07 3.69787472778e-95
298.08 1.34721325394e-95
298.09 4.89640359974e-96
298.1 1.77531237284e-96
298.11 6.42139019675e-97
298.12 2.31707478462e-97
298.13 8.34080083341e-98
298.14 2.99524367969e-98
298.15 1.07303349656e-98
298.16 3.83487407732e-99
298.17 1.36724280307e-99
298.18 4.86291740853e-100
298.19 1.72545982084e-100
298.2 6.10758496617e-101
298.21 2.15670573716e-101
298.22 7.59746974641e-102
298.23 2.66995397282e-102
298.24 9.36041878439e-103
298.25 3.27373479117e-103
298.26 1.14221646899e-103
298.27 3.97566745964e-104
298.28 1.38047451693e-104
298.29 4.7819325567e-105
298.3 1.6524761827e-105
298.31 5.69670434228e-106
298.32 1.95915529089e-106
298.33 6.72157040524e-107
298.34 2.30053768708e-107
298.35 7.85497237351e-108
298.36 2.67557223908e-108
298.37 9.09170655619e-109
298.38 3.08198732519e-109
298.39 1.04225262163e-109
298.4 3.51618610683e-110
298.41 1.18338870711e-110
298.42 3.9731933237e-111
298.43 1.33078740851e-111
298.44 4.44666465732e-112
298.45 1.48223404321e-112
298.46 4.92896686177e-113
298.47 1.63512787583e-113
298.48 5.41133295066e-114
298.49 1.78654310618e-114
298.5 5.88409196944e-115
298.51 1.93331274752e-115
298.52 6.33696759596e-116
298.53 2.07213271641e-116
298.54 6.7594344168e-117
298.55 2.19968178797e-117
298.56 7.14111569298e-118
298.57 2.31275159239e-118
298.58 7.47220223784e-119
298.59 2.4083796911e-119
298.6 7.74386912278e-120
298.61 2.48397809754e-120
298.62 7.94866564989e-121
298.63 2.53744949041e-121
298.64 8.08085459748e-122
298.65 2.56728384643e-122
298.66 8.13667919795e-123
298.67 2.57262928153e-123
298.68 8.11454051309e-124
298.69 2.55333246279e-124
298.7 8.01507351956e-125
298.71 2.50994591557e-125
298.72 7.8411168519e-126
298.73 2.44370174005e-126
298.74 7.59757821498e-127
298.75 2.35645348195e-127
298.76 7.29120437148e-128
298.77 2.25058998462e-128
298.78 6.93027074721e-129
298.79 2.12892680921e-129
298.8 6.52421057516e-130
298.81 1.99458210477e-130
298.82 6.0832067377e-131
298.83 1.85084454667e-131
298.84 5.61777085547e-132
298.85 1.70104110085e-132
298.86 5.13833367619e-133
298.87 1.54841193066e-133
298.88 4.65486857955e-134
298.89 1.39599881228e-134
298.9 4.17656632987e-135
298.91 1.24655207733e-135
298.92 3.71157448118e-136
298.93 1.10245949682e-136
298.94 3.26680954085e-137
298.95 9.65698812144e-138
298.96 2.84784460943e-138
298.97 8.37813954507e-139
298.98 2.45887018045e-139
298.99 7.1991350425e-140
299.0 2.10272147325e-140
299.01 6.12688725872e-141
299.02 1.7809623464e-141
299.03 5.16447638344e-142
299.04 1.49401364349e-142
299.05 4.31161069766e-143
299.06 1.24131278254e-143
299.07 3.56516491494e-144
299.08 1.02149143574e-144
299.09 2.91975590369e-145
299.1 8.32559096394e-146
299.11 2.36831957551e-146
299.12 6.72081976209e-147
299.13 1.90265874817e-147
299.14 5.37348777755e-148
299.15 1.51393886472e-148
299.16 4.25517200603e-149
299.17 1.19311584104e-149
299.18 3.33737349977e-150
299.19 9.31287393077e-151
299.2 2.5925034573e-151
299.21 7.19965480255e-152
299.22 1.99462249885e-152
299.23 5.51272670057e-153
299.24 1.51994866708e-153
299.25 4.18069118627e-154
299.26 1.14715992363e-154
299.27 3.14019453506e-155
299.28 8.57523143712e-156
299.29 2.3361022957e-156
299.3 6.3488427705e-157
299.31 1.7212898074e-157
299.32 4.65554074417e-158
299.33 1.25615426179e-158
299.34 3.38121299907e-159
299.35 9.07943436155e-160
299.36 2.43221390048e-160
299.37 6.49982177768e-161
299.38 1.73283751093e-161
299.39 4.6086204447e-162
299.4 1.22275867639e-162
299.41 3.23643786596e-163
299.42 8.54575629983e-164
299.43 2.25107748113e-164
299.44 5.91544053096e-165
299.45 1.55074522079e-165
299.46 4.05555709297e-166
299.47 1.05807705714e-166
299.48 2.75385319511e-167
299.49 7.15024596607e-168
299.5 1.85207209386e-168
299.51 4.78576648501e-169
299.52 1.23367802661e-169
299.53 3.17255284229e-170
299.54 8.13902924566e-171
299.55 2.08301819312e-171
299.56 5.31826809865e-172
299.57 1.35457825583e-172
299.58 3.44187174071e-173
299.59 8.72452868329e-174
299.6 2.20620556922e-174
299.61 5.56553204763e-175
299.62 1.40063220745e-175
299.63 3.5163997384e-176
299.64 8.80702195473e-177
299.65 2.20047596067e-177
299.66 5.48480115562e-178
299.67 1.36383507665e-178
299.68 3.3831366035e-179
299.69 8.37209064029e-180
299.7 2.06683124689e-180
299.71 5.0901763097e-181
299.72 1.25059688201e-181
299.73 3.06519823845e-182
299.74 7.49473881326e-183
299.75 1.82814714003e-183
299.76 4.44859123391e-184
299.77 1.07991746682e-184
299.78 2.61526281601e-185
299.79 6.3182502318e-186
299.8 1.52277246228e-186
299.81 3.66125448322e-187
299.82 8.78175927432e-188
299.83 2.10130865415e-188
299.84 5.01596941579e-189
299.85 1.19447377723e-189
299.86 2.83762544403e-190
299.87 6.72496810465e-191
299.88 1.58994498675e-191
299.89 3.74999489053e-192
299.9 8.82339991594e-193
299.91 2.07108518104e-193
299.92 4.84972003288e-194
299.93 1.13290132469e-194
299.94 2.64012330416e-195
299.95 6.13780442758e-196
299.96 1.42350367016e-196
299.97 3.29352410092e-197
299.98 7.60185899906e-198
299.99 1.75039266048e-198
