280.0 5.09118046864e-40
280.01 9.70193851875e-40
280.02 1.84440059648e-39
280.03 3.49791055027e-39
280.04 6.6178794864e-39
280.05 1.24906695435e-38
280.06 2.3518482319e-38
280.07 4.41763241676e-38
280.08 8.27802186575e-38
280.09 1.54746299292e-37
280.1 2.88582960169e-37
280.11 5.36880716711e-37
280.12 9.96418166162e-37
280.13 1.8448547446e-36
280.14 3.40752795752e-36
280.15 6.27875283911e-36
280.16 1.15415478615e-35
280.17 2.11646668039e-35
280.18 3.87182325671e-35
280.19 7.06604375035e-35
280.2 1.28645272008e-34
280.21 2.33651216544e-34
280.22 4.2334942393e-34
280.23 7.65220523113e-34
280.24 1.37984706724e-33
280.25 2.48217278726e-33
280.26 4.45440575518e-33
280.27 7.97451444285e-33
280.28 1.42421459734e-32
280.29 2.53748407895e-32
280.3 4.51011825145e-32
280.31 7.99703950166e-32
280.32 1.41457918446e-31
280.33 2.49621503459e-31
280.34 4.39433776745e-31
280.35 7.71723252672e-31
280.36 1.35203036721e-30
280.37 2.36302336449e-30
280.38 4.12008612884e-30
280.39 7.16640393482e-30
280.4 1.24352059321e-29
280.41 2.1525903524e-29
280.42 3.71729054253e-29
280.43 6.40395591534e-29
280.44 1.10059331336e-28
280.45 1.8869574877e-28
280.46 3.22740948669e-28
280.47 5.50684352324e-28
280.48 9.37363655764e-28
280.49 1.59173290654e-27
280.5 2.69642899359e-27
280.51 4.55684746546e-27
280.52 7.68239625276e-27
280.53 1.29206876023e-26
280.54 2.16786012873e-26
280.55 3.62855407128e-26
280.56 6.05888416902e-26
280.57 1.00927243077e-25
280.58 1.67718465434e-25
280.59 2.78041779574e-25
280.6 4.59828566964e-25
280.61 7.58644907458e-25
280.62 1.24864175815e-24
280.63 2.05018887434e-24
280.64 3.35820032635e-24
280.65 5.48751898924e-24
280.66 8.94544978688e-24
280.67 1.4547388525e-23
280.68 2.36006847162e-23
280.69 3.81962632541e-23
280.7 6.16699877542e-23
280.71 9.93307137198e-23
280.72 1.59606274089e-22
280.73 2.55842725085e-22
280.74 4.09122057431e-22
280.75 6.52663651912e-22
280.76 1.03868214989e-21
280.77 1.64904542591e-21
280.78 2.61179616474e-21
280.79 4.1266976429e-21
280.8 6.50463197335e-21
280.81 1.02282072355e-20
280.82 1.60447523247e-20
280.83 2.51086420693e-20
280.84 3.91985627518e-20
280.85 6.10483275708e-20
280.86 9.48492951198e-20
280.87 1.47011447636e-19
280.88 2.27313333102e-19
280.89 3.50635089494e-19
280.9 5.39563484375e-19
280.91 8.28297661299e-19
280.92 1.26848994554e-18
280.93 1.93795787585e-18
280.94 2.95364533967e-18
280.95 4.49085537051e-18
280.96 6.81171550181e-18
280.97 1.03071985653e-17
280.98 1.55589933074e-17
280.99 2.34303650382e-17
281.0 3.51992431319e-17
281.01 5.27526529223e-17
281.02 7.88700279199e-17
281.03 1.17634955776e-16
281.04 1.7503201886e-16
281.05 2.5980967529e-16
281.06 3.84724503384e-16
281.07 5.68330658803e-16
281.08 8.37546699425e-16
281.09 1.23132780838e-15
281.1 1.80590563632e-15
281.11 2.64224526759e-15
281.12 3.85662945221e-15
281.13 5.61564192722e-15
281.14 8.15732211071e-15
281.15 1.18209539418e-14
281.16 1.70889015637e-14
281.17 2.46452075902e-14
281.18 3.54574519193e-14
281.19 5.08907995565e-14
281.2 7.28664707698e-14
281.21 1.04081347435e-13
281.22 1.48311485937e-13
281.23 2.10830469474e-13
281.24 2.98984500645e-13
281.25 4.22980828824e-13
281.26 5.96965732573e-13
281.27 8.40494411309e-13
281.28 1.18052983539e-12
281.29 1.65415352348e-12
281.3 2.31223180581e-12
281.31 3.22436083126e-12
281.32 4.48551808823e-12
281.33 6.22498483003e-12
281.34 8.61828182988e-12
281.35 1.19030921605e-11
281.36 1.64004441596e-11
281.37 2.25428142783e-11
281.38 3.09113068154e-11
281.39 4.22847052945e-11
281.4 5.77040054132e-11
281.41 7.8557078031e-11
281.42 1.06689429339e-10
281.43 1.44548694149e-10
281.44 1.9537260292e-10
281.45 2.63432808563e-10
281.46 3.54350272542e-10
281.47 4.75502045711e-10
281.48 6.36544423497e-10
281.49 8.50083830414e-10
281.5 1.1325346617e-09
281.51 1.50521299606e-09
281.52 1.99572696665e-09
281.53 2.63973907668e-09
281.54 3.48319338372e-09
281.55 4.5851218506e-09
281.56 6.02116995709e-09
281.57 7.88801267833e-09
281.58 1.03088690614e-08
281.59 1.34403678919e-08
281.6 1.74810694822e-08
281.61 2.26820107059e-08
281.62 2.93597134601e-08
281.63 3.79121822892e-08
281.64 4.88385166182e-08
281.65 6.27628786922e-08
281.66 8.04636917545e-08
281.67 1.02909096161e-07
281.68 1.31299865949e-07
281.69 1.6712118679e-07
281.7 2.1220492006e-07
281.71 2.68804228625e-07
281.72 3.39682719197e-07
281.73 4.28220564777e-07
281.74 5.38540409183e-07
281.75 6.75656223733e-07
281.76 8.4564868273e-07
281.77 1.05587104724e-06
281.78 1.31518999243e-06
281.79 1.63426627756e-06
281.8 2.02588063245e-06
281.81 2.50531071232e-06
281.82 3.09076544198e-06
281.83 3.80388351841e-06
281.84 4.67030325144e-06
281.85 5.72031127614e-06
281.86 6.98957794729e-06
281.87 8.51998739993e-06
281.88 1.03605703036e-05
281.89 1.2568547221e-05
281.9 1.52104901711e-05
281.91 1.83636094573e-05
281.92 2.21171720158e-05
281.93 2.65740564311e-05
281.94 3.18524483158e-05
281.95 3.80876779235e-05
281.96 4.54341996242e-05
281.97 5.40677101892e-05
281.98 6.41873996796e-05
281.99 7.60183251003e-05
282.0 8.98138928459e-05
282.01 0.000105858431349
282.02 0.00012446983024
282.03 0.000146002216788
282.04 0.000170848634463
282.05 0.000199443682193
282.06 0.000232266066386
282.07 0.000269841011176
282.08 0.000312742465722
282.09 0.000361595040916
282.1 0.000417075601772
282.11 0.000479914436128
282.12 0.000550895915512
282.13 0.000630858560121
282.14 0.000720694417259
282.15 0.000821347661394
282.16 0.000933812324554
282.17 0.00105912906828
282.18 0.00119838091299
282.19 0.00135268784776
282.2 0.00152320025296
282.21 0.00171109108047
282.22 0.0019175467514
282.23 0.00214375674852
282.24 0.00239090190146
282.25 0.00266014138538
282.26 0.00295259847936
282.27 0.00326934515797
282.28 0.00361138561848
282.29 0.00397963887657
282.3 0.00437492059396
282.31 0.00479792433253
282.32 0.00524920245941
282.33 0.00572914695635
282.34 0.00623797041315
282.35 0.00677568750837
282.36 0.0073420972999
282.37 0.0079367666631
282.38 0.00855901522337
282.39 0.00920790213361
282.4 0.00988221504334
282.41 0.0105804615959
282.42 0.0113008637719
282.43 0.0120413553715
282.44 0.0127995828941
282.45 0.0135729100341
282.46 0.0143584259618
282.47 0.0151529575055
282.48 0.0159530852891
282.49 0.0167551638163
282.5 0.0175553454214
282.51 0.0183496079387
282.52 0.0191337858686
282.53 0.019903604749
282.54 0.0206547183713
282.55 0.0213827484168
282.56 0.0220833260283
282.57 0.0227521347821
282.58 0.0233849544808
282.59 0.023977705154
282.6 0.0245264906305
282.61 0.0250276410359
282.62 0.0254777535693
282.63 0.0258737309273
282.64 0.0262128167681
282.65 0.0264926276495
282.66 0.0267111809233
282.67 0.0268669181276
282.68 0.0269587234943
282.69 0.0269859372606
282.7 0.0269483635655
282.71 0.0268462727971
282.72 0.0266803983525
282.73 0.0264519278636
282.74 0.0261624890367
282.75 0.025814130341
282.76 0.0254092968679
282.77 0.0249508017575
282.78 0.02444179366
282.79 0.0238857207586
282.8 0.0232862919277
282.81 0.0226474356379
282.82 0.0219732572429
282.83 0.0212679952953
282.84 0.0205359775366
282.85 0.0197815771962
282.86 0.0190091702046
282.87 0.018223093897
282.88 0.0174276077334
282.89 0.0166268565103
282.9 0.0158248364802
282.91 0.0150253647265
282.92 0.0142320520769
282.93 0.0134482797624
282.94 0.0126771799613
282.95 0.011921620296
282.96 0.0111841922795
282.97 0.0104672036503
282.98 0.00977267446735
282.99 0.00910233678989
283.0 0.00845763771591
283.01 0.00783974551435
283.02 0.0072495585544
283.03 0.00668771670999
283.04 0.006154614901
283.05 0.00565041842336
283.06 0.00517507971761
283.07 0.00472835623032
283.08 0.00430982903254
283.09 0.00391892187564
283.1 0.00355492038479
283.11 0.00321699111426
283.12 0.00290420021595
283.13 0.00261553150104
283.14 0.00234990370551
283.15 0.0021061868007
283.16 0.00188321722119
283.17 0.00167981191219
283.18 0.00149478112738
283.19 0.00132693993542
283.2 0.00117511841785
283.21 0.0010381705643
283.22 0.00091498189025
283.23 0.000804475820426
283.24 0.000705618895082
283.25 0.000617424868411
283.26 0.000538957777453
283.27 0.000469334066488
283.28 0.000407723856271
283.29 0.000353351449589
283.3 0.000305495164896
283.31 0.000263486588367
283.32 0.000226709331862
283.33 0.000194597380257
283.34 0.000166633106633
283.35 0.000142345028127
283.36 0.000121305369067
283.37 0.000103127491491
283.38 8.74632465599e-05
283.39 7.40002937111e-05
283.4 6.24594279814e-05
283.41 5.25919496722e-05
283.42 4.41771046805e-05
283.43 3.70196183354e-05
283.44 3.09473405617e-05
283.45 2.58090156467e-05
283.46 2.14721858354e-05
283.47 1.78212344232e-05
283.48 1.47555709391e-05
283.49 1.21879584012e-05
283.5 1.00429804594e-05
283.51 8.255644468e-06
283.52 6.77011514496e-06
283.53 5.53857241308e-06
283.54 4.52018625926e-06
283.55 3.68020094806e-06
283.56 2.98912064779e-06
283.57 2.42198843859e-06
283.58 1.95775073829e-06
283.59 1.57869937369e-06
283.6 1.26998381567e-06
283.61 1.01918646095e-06
283.62 8.15954260915e-07
283.63 6.51680450625e-07
283.64 5.192306024e-07
283.65 4.12707706416e-07
283.66 3.27251454479e-07
283.67 2.58867364368e-07
283.68 2.04281824535e-07
283.69 1.60819557831e-07
283.7 1.26300395016e-07
283.71 9.89526122292e-08
283.72 7.73404202798e-08
283.73 6.03034975441e-08
283.74 4.6906732885e-08
283.75 3.63985914483e-08
283.76 2.81767358131e-08
283.77 2.17597294842e-08
283.78 1.67638209413e-08
283.79 1.28839563371e-08
283.8 9.87829939708e-09
283.81 7.55565005226e-09
283.82 5.76525066433e-09
283.83 4.38855215102e-09
283.84 3.33258351949e-09
283.85 2.52462879017e-09
283.86 1.90796642577e-09
283.87 1.43846942562e-09
283.88 1.08190032757e-09
283.89 8.11765478971e-10
283.9 6.07617977104e-10
283.91 4.53719411301e-10
283.92 3.37987637025e-10
283.93 2.51171858654e-10
283.94 1.86207793276e-10
283.95 1.37715060401e-10
283.96 1.01606555769e-10
283.97 7.47857292069e-11
283.98 5.49126553381e-11
283.99 4.02237786883e-11
284.0 2.93934117068e-11
284.01 2.14276151941e-11
284.02 1.55831190605e-11
284.03 1.13055487933e-11
284.04 8.18249254078e-12
284.05 5.9079430057e-12
284.06 4.25543229772e-12
284.07 3.05779089704e-12
284.08 2.19193964136e-12
284.09 1.56749479731e-12
284.1 1.11825367637e-12
284.11 7.95850091915e-13
284.12 5.6503963987e-13
284.13 4.00205701653e-13
284.14 2.82777165182e-13
284.15 1.99325155091e-13
284.16 1.40164036019e-13
284.17 9.83258677496e-14
284.18 6.88106548229e-14
284.19 4.80397018282e-14
284.2 3.34581269856e-14
284.21 2.32466114431e-14
284.22 1.61129254472e-14
284.23 1.11415560194e-14
284.24 7.68553329507e-15
284.25 5.28882111454e-15
284.26 3.63078436972e-15
284.27 2.48655887084e-15
284.28 1.69884495235e-15
284.29 1.15788506424e-15
284.3 7.87288430287e-16
284.31 5.34021812075e-16
284.32 3.6136062817e-16
284.33 2.43937954864e-16
284.34 1.64276194559e-16
284.35 1.1036378816e-16
284.36 7.39665348344e-17
284.37 4.94539126644e-17
284.38 3.2985475663e-17
284.39 2.19483336881e-17
284.4 1.45692456852e-17
284.41 9.64782215491e-18
284.42 6.37350338756e-18
284.43 4.20033435302e-18
284.44 2.76150741135e-18
284.45 1.81119526248e-18
284.46 1.18506192142e-18
284.47 7.73523519482e-19
284.48 5.03689285828e-19
284.49 3.27196472745e-19
284.5 2.12036792504e-19
284.51 1.370788827e-19
284.52 8.84069922346e-20
284.53 5.68799801812e-20
284.54 3.6508089224e-20
284.55 2.33763034301e-20
284.56 1.49320766069e-20
284.57 9.51532720756e-21
284.58 6.04909381214e-21
284.59 3.83645635925e-21
284.6 2.42756245416e-21
284.61 1.53278394784e-21
284.62 9.66151102142e-22
284.63 6.08611084516e-22
284.64 3.8423802291e-22
284.65 2.44890897041e-22
284.66 1.60380582464e-22
284.67 1.12241251282e-22
284.68 8.98868249192e-23
284.69 8.83931852373e-23
284.7 1.07465113836e-22
284.71 1.51382304274e-22
284.72 2.29915490154e-22
284.73 3.60399131199e-22
284.74 5.7137842641e-22
284.75 9.08559429401e-22
284.76 1.44423978594e-21
284.77 2.29206665592e-21
284.78 3.62997904238e-21
284.79 5.73572475146e-21
284.8 9.04166795754e-21
284.81 1.42191265941e-20
284.82 2.23078044841e-20
284.83 3.49139134626e-20
284.84 5.45126577876e-20
284.85 8.49088679003e-20
284.86 1.31936668693e-19
284.87 2.04519494588e-19
284.88 3.16271913242e-19
284.89 4.87913970716e-19
284.9 7.50900843922e-19
284.91 1.15286549538e-18
284.92 1.76575888279e-18
284.93 2.69799330585e-18
284.94 4.11251074294e-18
284.95 6.25359760556e-18
284.96 9.48657685359e-18
284.97 1.43564094378e-17
284.98 2.16739891455e-17
284.99 3.26428881481e-17
285.0 4.9045030822e-17
285.01 7.35119860725e-17
285.02 1.09920326625e-16
285.03 1.63966291341e-16
285.04 2.4399888782e-16
285.05 3.62224506456e-16
285.06 5.36444159714e-16
285.07 7.92552286298e-16
285.08 1.16812154535e-15
285.09 1.71753207017e-15
285.1 2.51929129088e-15
285.11 3.68645235355e-15
285.12 5.38140371826e-15
285.13 7.83680847945e-15
285.14 1.138517215e-14
285.15 1.6500483863e-14
285.16 2.38567053786e-14
285.17 3.44097061797e-14
285.18 4.95117379171e-14
285.19 7.10709444792e-14
285.2 1.01773031873e-13
285.21 1.45388497283e-13
285.22 2.0719730033e-13
285.23 2.94574294855e-13
285.24 4.17794107585e-13
285.25 5.91134741423e-13
285.26 8.343866883e-13
285.27 1.17491097122e-12
285.28 1.65043817801e-12
285.29 2.31286493938e-12
285.3 3.23338927753e-12
285.31 4.50943804346e-12
285.32 6.27398627876e-12
285.33 8.7080600306e-12
285.34 1.20574639891e-11
285.35 1.66550999129e-11
285.36 2.29506621932e-11
285.37 3.15500395965e-11
285.38 4.32674505625e-11
285.39 5.91942351188e-11
285.4 8.07893715445e-11
285.41 1.09998244963e-10
285.42 1.49408047992e-10
285.43 2.02450538877e-10
285.44 2.73665840953e-10
285.45 3.69044686347e-10
285.46 4.96471166044e-10
285.47 6.66293864966e-10
285.48 8.92060496598e-10
285.49 1.19146012099e-09
285.5 1.58752810791e-09
285.51 2.11018263919e-09
285.52 2.79817825729e-09
285.53 3.70158238099e-09
285.54 4.88490554613e-09
285.55 6.43104623328e-09
285.56 8.44624748512e-09
285.57 1.1066306212e-08
285.58 1.44643284065e-08
285.59 1.8860385878e-08
285.6 2.45335041953e-08
285.61 3.18364990922e-08
285.62 4.12142816412e-08
285.63 5.32263732061e-08
285.64 6.8574511908e-08
285.65 8.81363955803e-08
285.66 1.13006794605e-07
285.67 1.44547484333e-07
285.68 1.84447693782e-07
285.69 2.3479704767e-07
285.7 2.98173295244e-07
285.71 3.77747474075e-07
285.72 4.77409552026e-07
285.73 6.01918027406e-07
285.74 7.57077446468e-07
285.75 9.49948318767e-07
285.76 1.18909447277e-06
285.77 1.48487349368e-06
285.78 1.84977651789e-06
285.79 2.29882431669e-06
285.8 2.850027277e-06
285.81 3.52491756605e-06
285.82 4.34916243594e-06
285.83 5.35326826258e-06
285.84 6.57338550125e-06
285.85 8.05222524907e-06
285.86 9.84009850475e-06
285.87 1.19960894716e-05
285.88 1.45893743223e-05
285.89 1.77006966913e-05
285.9 2.14240107338e-05
285.91 2.58683018427e-05
285.92 3.11595939913e-05
285.93 3.74431511164e-05
285.94 4.48858779243e-05
285.95 5.36789229338e-05
285.96 6.40404834169e-05
285.97 7.6218808123e-05
285.98 9.04953892285e-05
285.99 0.000107188329826
286.0 0.000126655867438
286.01 0.000149300027515
286.02 0.000175570373663
286.03 0.000205967813542
286.04 0.00024104841094
286.05 0.000281427145715
286.06 0.000327781554055
286.07 0.000380855172143
286.08 0.000441460696937
286.09 0.000510482768603
286.1 0.000588880270478
286.11 0.000677688034492
286.12 0.000778017833152
286.13 0.000891058533687
286.14 0.00101807528625
286.15 0.00116040761639
286.16 0.00131946629289
286.17 0.00149672884546
286.18 0.00169373361369
286.19 0.0019120722185
286.2 0.00215338036123
286.21 0.00241932687279
286.22 0.0027116009569
286.23 0.00303189759667
286.24 0.00338190112309
286.25 0.00376326697689
286.26 0.00417760173142
286.27 0.00462644148361
286.28 0.00511122876175
286.29 0.0056332881421
286.3 0.00619380081103
286.31 0.00679377835367
286.32 0.0074340360937
286.33 0.00811516635044
286.34 0.00883751201781
286.35 0.0096011409037
286.36 0.010405821297
286.37 0.0112509992512
286.38 0.0121357780876
286.39 0.0130589006262
286.4 0.0140187346485
286.41 0.0150132620805
286.42 0.0160400723597
286.43 0.0170963604104
286.44 0.0181789296069
286.45 0.0192842000406
286.46 0.0204082223398
286.47 0.0215466972089
286.48 0.022695000767
286.49 0.0238482156683
286.5 0.0250011678845
286.51 0.0261484689265
286.52 0.02728456317
286.53 0.028403779848
286.54 0.0295003891639
286.55 0.0305686618828
286.56 0.0316029316623
286.57 0.0325976593069
286.58 0.0335474980541
286.59 0.0344473589463
286.6 0.0352924753004
286.61 0.0360784652632
286.62 0.0368013914322
286.63 0.0374578165361
286.64 0.0380448542004
286.65 0.0385602138714
286.66 0.0390022390452
286.67 0.0393699380307
286.68 0.0396630065804
286.69 0.0398818418393
286.7 0.0400275471932
286.71 0.0401019277336
286.72 0.0401074762092
286.73 0.0400473494805
286.74 0.0399253356527
286.75 0.0397458122111
286.76 0.0395136956357
286.77 0.0392343831123
286.78 0.038913687092
286.79 0.0385577635703
286.8 0.0381730350692
286.81 0.0377661093912
286.82 0.0373436952949
286.83 0.0369125162922
286.84 0.0364792238063
286.85 0.0360503109449
286.86 0.0356320281366
286.87 0.0352303018569
286.88 0.0348506576245
286.89 0.0344981483836
286.9 0.0341772893129
286.91 0.0338919999988
286.92 0.0336455548048
286.93 0.0334405421429
286.94 0.0332788332171
286.95 0.0331615606722
286.96 0.0330891074251
286.97 0.0330611058097
286.98 0.0330764470104
286.99 0.0331333006045
287.0 0.0332291438892
287.01 0.0333608005208
287.02 0.0335244878604
287.03 0.0337158722929
287.04 0.0339301316733
287.05 0.0341620239528
287.06 0.0344059609515
287.07 0.0346560861758
287.08 0.0349063555276
287.09 0.035150619717
287.1 0.0353827071783
287.11 0.0355965062923
287.12 0.0357860457409
287.13 0.0359455718625
287.14 0.036069621938
287.15 0.0361530924113
287.16 0.0361913011411
287.17 0.0361800428878
287.18 0.036115637355
287.19 0.0359949692338
287.2 0.0358155198319
287.21 0.035575390011
287.22 0.0352733142948
287.23 0.0349086661574
287.24 0.0344814546343
287.25 0.0339923125392
287.26 0.03344247669
287.27 0.0328337606686
287.28 0.0321685207401
287.29 0.0314496156501
287.3 0.0306803610927
287.31 0.0298644797034
287.32 0.0290060474718
287.33 0.0281094374954
287.34 0.0271792620037
287.35 0.0262203135736
287.36 0.0252375064308
287.37 0.0242358186939
287.38 0.023220236362
287.39 0.0221956997836
287.4 0.0211670532648
287.41 0.020138998395
287.42 0.0191160515721
287.43 0.0181025061198
287.44 0.0171023992881
287.45 0.0161194843345
287.46 0.0151572077853
287.47 0.014218691889
287.48 0.0133067221838
287.49 0.0124237400252
287.5 0.0115718398479
287.51 0.0107527708729
287.52 0.00996794291985
287.53 0.00921843594177
287.54 0.00850501286525
287.55 0.00782813529973
287.56 0.00718798166454
287.57 0.00658446728058
287.58 0.0060172659781
287.59 0.00548583278578
287.6 0.00498942728604
287.61 0.00452713724756
287.62 0.00409790217691
287.63 0.00370053646568
287.64 0.00333375184678
287.65 0.00299617891292
287.66 0.00268638748978
287.67 0.00240290569635
287.68 0.00214423756362
287.69 0.00190887912017
287.7 0.00169533288803
287.71 0.00150212076505
287.72 0.00132779529889
287.73 0.00117094938457
287.74 0.00103022443968
287.75 0.000904317131322
287.76 0.000791984744326
287.77 0.000692049293166
287.78 0.000603400489484
287.79 0.000524997683638
287.8 0.000455870902684
287.81 0.000395121108697
287.82 0.000341919800846
287.83 0.000295508082294
287.84 0.000255195309232
287.85 0.000220357434375
287.86 0.000190435151367
287.87 0.000164931939959
287.88 0.00014341210482
287.89 0.000125498893484
287.9 0.000110872771543
287.91 9.92699256435e-05
287.92 9.04810574807e-05
287.93 8.43505245695e-05
287.94 8.07758763626e-05
287.95 7.97078270644e-05
287.96 8.11506993284e-05
287.97 8.51633657981e-05
287.98 9.18607080723e-05
287.99 0.000101415605056
288.0 0.000114061454662
288.01 0.000130095224372
288.02 0.00014988101709
288.03 0.000173854128994
288.04 0.000202525565547
288.05 0.000236486970491
288.06 0.000276415910378
288.07 0.000323081444152
288.08 0.00037734989332
288.09 0.000440190713634
288.1 0.000512682353974
288.11 0.00059601797248
288.12 0.000691510864247
288.13 0.000800599439309
288.14 0.000924851574646
288.15 0.00106596814993
288.16 0.00122578556412
288.17 0.0014062770196
288.18 0.00160955235241
288.19 0.0018378561824
288.2 0.00209356415609
288.21 0.00237917705818
288.22 0.00269731257604
288.23 0.00305069451509
288.24 0.00344213928248
288.25 0.0038745394827
288.26 0.00435084450075
288.27 0.00487403798811
288.28 0.0054471122122
288.29 0.00607303928257
288.3 0.00675473932519
288.31 0.00749504574021
288.32 0.00829666774693
288.33 0.00916215049174
288.34 0.0100938330693
288.35 0.0110938048829
288.36 0.0121638608431
288.37 0.0133054559789
288.38 0.0145196600993
288.39 0.0158071132073
288.4 0.0171679824209
288.41 0.0186019211943
288.42 0.0201080316678
288.43 0.0216848309835
288.44 0.0233302224096
288.45 0.0250414720916
288.46 0.0268151922174
288.47 0.0286473313235
288.48 0.030533172398
288.49 0.0324673393384
288.5 0.0344438122122
288.51 0.0364559516389
288.52 0.0384965324644
288.53 0.0405577867451
288.54 0.0426314558862
288.55 0.0447088516086
288.56 0.0467809252364
288.57 0.0488383446203
288.58 0.0508715778413
288.59 0.052870982671
288.6 0.0548269006157
288.61 0.0567297542382
288.62 0.0585701463366
288.63 0.0603389594734
288.64 0.0620274542855
288.65 0.0636273649793
288.66 0.065130990413
288.67 0.0665312792087
288.68 0.0678219074012
288.69 0.0689973472367
288.7 0.0700529258658
288.71 0.070984872841
288.72 0.0717903555159
288.73 0.0724675016599
288.74 0.0730154088294
288.75 0.0734341402837
288.76 0.0737247074847
288.77 0.0738890394739
288.78 0.0739299396719
288.79 0.073851030887
288.8 0.0736566895439
288.81 0.0733519703507
288.82 0.072942522803
288.83 0.0724345010721
288.84 0.0718344689438
288.85 0.0711493015527
288.86 0.0703860857034
288.87 0.0695520205713
288.88 0.0686543205423
288.89 0.0677001218802
288.9 0.0666963948017
288.91 0.0656498623981
288.92 0.0645669276752
288.93 0.0634536097876
288.94 0.0623154903305
288.95 0.0611576703234
288.96 0.0599847382827
288.97 0.058800749542
288.98 0.0576092167394
288.99 0.0564131111634
289.0 0.0552148744327
289.01 0.0540164397876
289.02 0.0528192620969
289.03 0.0516243555333
289.04 0.0504323377494
289.05 0.0492434792992
289.06 0.0480577569867
289.07 0.0468749098017
289.08 0.0456944961035
289.09 0.0445159507502
289.1 0.0433386409343
289.11 0.0421619195718
289.12 0.0409851752055
289.13 0.0398078775081
289.14 0.0386296176197
289.15 0.0374501427029
289.16 0.0362693842652
289.17 0.0350874799559
289.18 0.0339047887095
289.19 0.0327218992611
289.2 0.0315396322063
289.21 0.030359035912
289.22 0.0291813767039
289.23 0.0280081238602
289.24 0.0268409300255
289.25 0.0256816077224
289.26 0.0245321026883
289.27 0.0233944647876
289.28 0.0222708172589
289.29 0.0211633250468
289.3 0.0200741629403
289.31 0.0190054841994
289.32 0.0179593902973
289.33 0.0169379023397
289.34 0.0159429346529
289.35 0.0149762709507
289.36 0.0140395434102
289.37 0.0131342149006
289.38 0.0122615645288
289.39 0.0114226765845
289.4 0.0106184328893
289.41 0.00984950848853
289.42 0.00911637055687
289.43 0.00841928033735
289.44 0.00775829788332
289.45 0.00713328933719
289.46 0.00654393644992
289.47 0.005989748025
289.48 0.00547007295956
289.49 0.00498411455121
289.5 0.00453094574326
289.51 0.00410952499134
289.52 0.00371871245016
289.53 0.00335728620042
289.54 0.00302395826021
289.55 0.00271739015278
289.56 0.00243620783235
289.57 0.00217901579973
289.58 0.0019444102709
289.59 0.00173099129176
289.6 0.00153737372181
289.61 0.0013621970373
289.62 0.00120413393003
289.63 0.00106189770135
289.64 0.00093424847185
289.65 0.00081999824483
289.66 0.000718014877166
289.67 0.000627225023317
289.68 0.00054661612787
289.69 0.00047523754903
289.7 0.000412200900029
289.71 0.000356679697795
289.72 0.000307908408599
289.73 0.000265180979109
289.74 0.000227848938442
289.75 0.000195319152867
289.76 0.00016705130985
289.77 0.000142555202486
289.78 0.000121387879252
289.79 0.000103150717568
289.8 8.74864731334e-05
289.81 7.40763505214e-05
289.82 6.26371341904e-05
289.83 5.29184130479e-05
289.84 4.4699926017e-05
289.85 3.77890508088e-05
289.86 3.20184533042e-05
289.87 2.72439106337e-05
289.88 2.33423172114e-05
289.89 2.02098796201e-05
289.9 1.77605033358e-05
289.91 1.59243717926e-05
289.92 1.46467161796e-05
289.93 1.38867725885e-05
289.94 1.36169216409e-05
289.95 1.38220044719e-05
289.96 1.44988078745e-05
289.97 1.56557104714e-05
289.98 1.73124809228e-05
289.99 1.9500218362e-05
290.0 2.22614244276e-05
290.01 2.56501953998e-05
290.02 2.97325220151e-05
290.03 3.45866835125e-05
290.04 4.0303721326e-05
290.05 4.69879765923e-05
290.06 5.47576742711e-05
290.07 6.37455352042e-05
290.08 7.40993958733e-05
290.09 8.59828139908e-05
290.1 9.95756364092e-05
290.11 0.000115074504199
290.12 0.000132693268191
290.13 0.000152663286852
290.14 0.000175233577151
290.15 0.000200670788121
290.16 0.000229258966236
290.17 0.000261299081589
290.18 0.000297108284193
290.19 0.0003370188607
290.2 0.000381376863483
290.21 0.000430540386345
290.22 0.0004848774643
290.23 0.000544763578872
290.24 0.000610578755161
290.25 0.000682704242676
290.26 0.00076151877848
290.27 0.000847394438573
290.28 0.000940692091555
290.29 0.0010417564774
290.3 0.00115091094346
290.31 0.00126845187956
290.32 0.00139464290386
290.33 0.00152970886119
290.34 0.00167382970522
290.35 0.00182713434499
290.36 0.00198969454506
290.37 0.00216151897595
290.38 0.00234254751797
290.39 0.00253264592641
290.4 0.00273160096918
290.41 0.00293911614916
290.42 0.00315480812258
290.43 0.00337820392159
290.44 0.00360873908336
290.45 0.00384575678005
290.46 0.00408850803338
290.47 0.00433615308455
290.48 0.00458776397488
290.49 0.00484232837539
290.5 0.00509875468403
290.51 0.00535587838867
290.52 0.00561246967208
290.53 0.00586724221243
290.54 0.00611886310958
290.55 0.00636596384542
290.56 0.00660715216349
290.57 0.00684102473339
290.58 0.00706618044544
290.59 0.00728123416521
290.6 0.00748483076257
290.61 0.00767565921961
290.62 0.00785246661395
290.63 0.00801407177002
290.64 0.00815937837141
290.65 0.00828738733109
290.66 0.00839720822484
290.67 0.00848806960507
290.68 0.00855932802824
290.69 0.00861047564841
290.7 0.00864114625175
290.71 0.0086511196322
290.72 0.00864032423541
290.73 0.00860883802722
290.74 0.00855688757235
290.75 0.0084848453394
290.76 0.00839322527769
290.77 0.00828267674053
290.78 0.00815397685639
290.79 0.00800802147484
290.8 0.00784581483621
290.81 0.00766845813329
290.82 0.00747713714924
290.83 0.00727310916779
290.84 0.00705768935997
290.85 0.00683223685561
290.86 0.00659814070799
290.87 0.00635680595598
290.88 0.00610963998062
290.89 0.00585803934179
290.9 0.00560337726678
290.91 0.00534699194538
290.92 0.00509017576733
290.93 0.00483416561703
290.94 0.00458013431812
290.95 0.00432918329812
290.96 0.00408233651993
290.97 0.00384053570431
290.98 0.0036046368455
290.99 0.00337540800097
291.0 0.00315352831696
291.01 0.00293958823378
291.02 0.00273409079907
291.03 0.00253745400387
291.04 0.00235001404527
291.05 0.00217202941055
291.06 0.00200368567137
291.07 0.00184510087276
291.08 0.0016963313995
291.09 0.00155737820294
291.1 0.00142819327347
291.11 0.00130868624737
291.12 0.00119873104248
291.13 0.00109817242306
291.14 0.00100683240208
291.15 0.000924516397237
291.16 0.000851019065467
291.17 0.000786129750177
291.18 0.000729637484177
291.19 0.000681335500654
291.2 0.000641025213364
291.21 0.000608519635982
291.22 0.000583646218797
291.23 0.000566249088909
291.24 0.000556190687507
291.25 0.000553352804828
291.26 0.000557637019923
291.27 0.000568964558484
291.28 0.000587275587665
291.29 0.000612527972168
291.3 0.000644695520846
291.31 0.000683765757786
291.32 0.00072973725621
291.33 0.00078261657776
291.34 0.000842414863616
291.35 0.000909144127621
291.36 0.000982813305034
291.37 0.00106342411367
291.38 0.00115096678707
291.39 0.00124541574179
291.4 0.00134672524296
291.41 0.00145482513375
291.42 0.00156961669534
291.43 0.00169096870437
291.44 0.00181871375415
291.45 0.00195264490484
291.46 0.00209251272565
291.47 0.00223802278881
291.48 0.00238883367127
291.49 0.00254455551489
291.5 0.00270474919005
291.51 0.00286892610035
291.52 0.00303654865867
291.53 0.00320703145588
291.54 0.00337974313428
291.55 0.00355400896795
291.56 0.00372911414179
291.57 0.00390430771047
291.58 0.00407880720778
291.59 0.00425180386644
291.6 0.00442246839799
291.61 0.00458995727294
291.62 0.00475341943221
291.63 0.00491200335289
291.64 0.00506486438445
291.65 0.00521117226573
291.66 0.005350118729
291.67 0.00548092509427
291.68 0.00560284975602
291.69 0.00571519546497
291.7 0.00581731630951
291.71 0.00590862430493
291.72 0.00598859550415
291.73 0.00605677555001
291.74 0.00611278459731
291.75 0.0061563215419
291.76 0.00618716750431
291.77 0.00620518852631
291.78 0.00621033745022
291.79 0.00620265496272
291.8 0.00618226979669
291.81 0.00614939809645
291.82 0.00610434196317
291.83 0.00604748720798
291.84 0.00597930035043
291.85 0.00590032490899
291.86 0.0058111770381
291.87 0.00571254057337
291.88 0.00560516155155
291.89 0.00548984227613
291.9 0.00536743500207
291.91 0.00523883531435
291.92 0.00510497527488
291.93 0.00496681641109
291.94 0.0048253426168
291.95 0.00468155303263
291.96 0.00453645496848
291.97 0.00439105692576
291.98 0.00424636177112
291.99 0.00410336010757
292.0 0.00396302388256
292.01 0.00382630026671
292.02 0.00369410583051
292.03 0.00356732104137
292.04 0.00344678509776
292.05 0.00333329111335
292.06 0.00322758166001
292.07 0.00313034467602
292.08 0.00304220974362
292.09 0.00296374473908
292.1 0.00289545285802
292.11 0.0028377700191
292.12 0.00279106265052
292.13 0.00275562586493
292.14 0.00273168203071
292.15 0.00271937974957
292.16 0.00271879325265
292.17 0.00272992222928
292.18 0.00275269210432
292.19 0.00278695478109
292.2 0.00283248986718
292.21 0.00288900640001
292.22 0.00295614508735
292.23 0.00303348107557
292.24 0.00312052725398
292.25 0.00321673809908
292.26 0.00332151405571
292.27 0.00343420644488
292.28 0.0035541228792
292.29 0.00368053315776
292.3 0.00381267560181
292.31 0.00394976378235
292.32 0.00409099357974
292.33 0.00423555050502
292.34 0.00438261720258
292.35 0.00453138104441
292.36 0.00468104171799
292.37 0.00483081870354
292.38 0.00497995853111
292.39 0.00512774170534
292.4 0.00527348918549
292.41 0.00541656830979
292.42 0.00555639805826
292.43 0.00569245355506
292.44 0.00582426972154
292.45 0.00595144400326
292.46 0.00607363810938
292.47 0.00619057871946
292.48 0.00630205713153
292.49 0.0064079278454
292.5 0.00650810609618
292.51 0.00660256437477
292.52 0.00669132799354
292.53 0.0067744697764
292.54 0.00685210397257
292.55 0.0069243795114
292.56 0.00699147273205
292.57 0.00705357973503
292.58 0.00711090851346
292.59 0.00716367102888
292.6 0.00721207540004
292.61 0.00725631837281
292.62 0.00729657823543
292.63 0.00733300833495
292.64 0.00736573133952
292.65 0.00739483437552
292.66 0.00742036515054
292.67 0.00744232915169
292.68 0.00746068798563
292.69 0.00747535890135
292.7 0.00748621551023
292.71 0.00749308969151
292.72 0.00749577464418
292.73 0.00749402902062
292.74 0.00748758205283
292.75 0.00747613955955
292.76 0.00745939070292
292.77 0.00743701534611
292.78 0.00740869185058
292.79 0.00737410514138
292.8 0.00733295486379
292.81 0.00728496345285
292.82 0.00722988393989
292.83 0.00716750732675
292.84 0.00709766936891
292.85 0.0070202566223
292.86 0.00693521162585
292.87 0.00684253711146
292.88 0.00674229915479
292.89 0.00663462920395
292.9 0.00651972494767
292.91 0.00639785000922
292.92 0.0062693324776
292.93 0.00613456231129
292.94 0.00599398767264
292.95 0.00584811027225
292.96 0.0056974798212
292.97 0.00554268770544
292.98 0.00538436000993
292.99 0.00522315003023
293.0 0.00505973041638
293.01 0.00489478509754
293.02 0.00472900113628
293.03 0.00456306065861
293.04 0.00439763300032
293.05 0.00423336720143
293.06 0.0040708849699
293.07 0.00391077422262
293.08 0.00375358329689
293.09 0.00359981590962
293.1 0.00344992692438
293.11 0.00330431896902
293.12 0.00316333992883
293.13 0.00302728132291
293.14 0.00289637755483
293.15 0.0027708060127
293.16 0.00265068797955
293.17 0.00253609030165
293.18 0.00242702775138
293.19 0.00232346601155
293.2 0.00222532520076
293.21 0.00213248385352
293.22 0.00204478326582
293.23 0.00196203211445
293.24 0.00188401125941
293.25 0.00181047864009
293.26 0.00174117417973
293.27 0.0016758246178
293.28 0.00161414819578
293.29 0.00155585912948
293.3 0.00150067180879
293.31 0.00144830467473
293.32 0.00139848373238
293.33 0.0013509456679
293.34 0.00130544054667
293.35 0.00126173407909
293.36 0.00121960944873
293.37 0.00117886870618
293.38 0.00113933373905
293.39 0.0011008468357
293.4 0.00106327086603
293.41 0.00102648910783
293.42 0.000990404751412
293.43 0.000954940118331
293.44 0.000920035632614
293.45 0.000885648583991
293.46 0.000851751723448
293.47 0.000818331731066
293.48 0.000785387595133
293.49 0.0007529289399
293.5 0.000720974337111
293.51 0.000689549633736
293.52 0.000658686325262
293.53 0.000628420000463
293.54 0.000598788880018
293.55 0.000569832467604
293.56 0.000541590328362
293.57 0.000514101005946
293.58 0.000487401085798
293.59 0.000461524408895
293.6 0.000436501437089
293.61 0.000412358768261
293.62 0.000389118796996
293.63 0.00036679951424
293.64 0.000345414437546
293.65 0.000324972662006
293.66 0.000305479020821
293.67 0.000286934343601
293.68 0.000269335800048
293.69 0.000252677316397
293.7 0.000236950052115
293.71 0.000222142924577
293.72 0.000208243169978
293.73 0.000195236929309
293.74 0.000183109849024
293.75 0.000171847686809
293.76 0.000161436913745
293.77 0.000151865305016
293.78 0.000143122512169
293.79 0.000135200610695
293.8 0.000128094617461
293.81 0.000121802973098
293.82 0.000116327985021
293.83 0.000111676227114
293.84 0.000107858892458
293.85 0.000104892095642
293.86 0.000102797121276
293.87 0.000101600615352
293.88 0.000101334716004
293.89 0.000102037120122
293.9 0.000103751082103
293.91 0.000106525340932
293.92 0.000110413971635
293.93 0.000115476157123
293.94 0.000121775876514
293.95 0.000129381506139
293.96 0.000138365329796
293.97 0.00014880295528
293.98 0.00016077263487
293.99 0.000174354488341
294.0 0.000189629628166
294.01 0.000206679187804
294.02 0.000225583255567
294.03 0.000246419718159
294.04 0.000269263019948
294.05 0.000294182846001
294.06 0.000321242739081
294.07 0.00035049866304
294.08 0.000381997527272
294.09 0.000415775689116
294.1 0.000451857453249
294.11 0.000490253589071
294.12 0.000530959888882
294.13 0.00057395579113
294.14 0.000619203094154
294.15 0.000666644786614
294.16 0.000716204021079
294.17 0.000767783257006
294.18 0.000821263598635
294.19 0.000876504351918
294.2 0.000933342822752
294.21 0.00099159437621
294.22 0.00105105277342
294.23 0.00111149079905
294.24 0.00117266118836
294.25 0.00123429785789
294.26 0.00129611743937
294.27 0.00135782111067
294.28 0.00141909671268
294.29 0.00147962113524
294.3 0.00153906294982
294.31 0.00159708526163
294.32 0.00165334874853
294.33 0.00170751484994
294.34 0.00175924906456
294.35 0.00180822431279
294.36 0.00185412431667
294.37 0.00189664694874
294.38 0.00193550750016
294.39 0.00197044181846
294.4 0.00200120926632
294.41 0.00202759545487
294.42 0.00204941470766
294.43 0.0020665122155
294.44 0.00207876584685
294.45 0.00208608758391
294.46 0.00208842456045
294.47 0.00208575968416
294.48 0.00207811183284
294.49 0.00206553562127
294.5 0.00204812074249
294.51 0.00202599089436
294.52 0.00199930230936
294.53 0.00196824191183
294.54 0.00193302513282
294.55 0.00189389341844
294.56 0.0018511114715
294.57 0.00180496427078
294.58 0.00175575391441
294.59 0.00170379633627
294.6 0.00164941794487
294.61 0.00159295223465
294.62 0.00153473641799
294.63 0.00147510812513
294.64 0.00141440221598
294.65 0.00135294774473
294.66 0.0012910651139
294.67 0.0012290634501
294.68 0.00116723822862
294.69 0.00110586916877
294.7 0.00104521841651
294.71 0.000985529025165
294.72 0.000927023739971
294.73 0.000869904086562
294.74 0.000814349758905
294.75 0.000760518297332
294.76 0.00070854504333
294.77 0.00065854335403
294.78 0.000610605056281
294.79 0.000564801117647
294.8 0.000521182509758
294.81 0.000479781238088
294.82 0.000440611511473
294.83 0.000403671024476
294.84 0.000368942325975
294.85 0.00033639424812
294.86 0.000305983370987
294.87 0.000277655499757
294.88 0.000251347133075
294.89 0.000226986903295
294.9 0.000204496971512
294.91 0.00018379436263
294.92 0.000164792228045
294.93 0.000147401025923
294.94 0.000131529611342
294.95 0.000117086230795
294.96 0.00010397941764
294.97 9.21187870099e-05
294.98 8.14157304505e-05
294.99 7.17840121005e-05
295.0 6.31402695858e-05
295.01 5.54044239243e-05
295.02 4.8500003673e-05
295.03 4.23543892692e-05
295.04 3.68989840495e-05
295.05 3.20693187776e-05
295.06 2.78050966958e-05
295.07 2.40501861515e-05
295.08 2.07525677501e-05
295.09 1.78642427841e-05
295.1 1.53411093842e-05
295.11 1.3142812465e-05
295.12 1.12325731099e-05
295.13 9.57700256457e-06
295.14 8.14590551522e-06
295.15 6.91207681916e-06
295.16 5.85109534621e-06
295.17 4.94111809311e-06
295.18 4.16267725267e-06
295.19 3.498482466e-06
295.2 2.93323006202e-06
295.21 2.45342069924e-06
295.22 2.04718647126e-06
295.23 1.70412822226e-06
295.24 1.41516354089e-06
295.25 1.17238566055e-06
295.26 9.68933289336e-07
295.27 7.9887122199e-07
295.28 6.57081446979e-07
295.29 5.39164351199e-07
295.3 4.41349540491e-07
295.31 3.60415732862e-07
295.32 2.93619140364e-07
295.33 2.38629732069e-07
295.34 1.9347476189e-07
295.35 1.56488948514e-07
295.36 1.26270708216e-07
295.37 1.01643862579e-07
295.38 8.16242704249e-08
295.39 6.53908647329e-08
295.4 5.22606097289e-08
295.41 4.16669293085e-08
295.42 3.31411945871e-08
295.43 2.62968947856e-08
295.44 2.08161512024e-08
295.45 1.64382681879e-08
295.46 1.29500474556e-08
295.47 1.01776224536e-08
295.48 7.97959774105e-09
295.49 6.24130425875e-09
295.5 4.87000505185e-09
295.51 3.79090741369e-09
295.52 2.9438566614e-09
295.53 2.28060391998e-09
295.54 1.76255551366e-09
295.55 1.35892497877e-09
295.56 1.04522046721e-09
295.57 8.02010553793e-10
295.58 6.13920340579e-10
295.59 4.68817410074e-10
295.6 3.5715375157e-10
295.61 2.71435399046e-10
295.62 2.05796291921e-10
295.63 1.55656909665e-10
295.64 1.17451635443e-10
295.65 8.84116602521e-11
295.66 6.63926256549e-11
295.67 4.97381891897e-11
295.68 3.71723425428e-11
295.69 2.77146713615e-11
295.7 2.0613862977e-11
295.71 1.52956836558e-11
295.72 1.13223940236e-11
295.73 8.36117871493e-12
295.74 6.15965836806e-12
295.75 4.52694928786e-12
295.76 3.31905557697e-12
295.77 2.42763459749e-12
295.78 1.7713811426e-12
295.79 1.28943848451e-12
295.8 9.36373593877e-13
295.81 6.78355910882e-13
295.82 4.90259481777e-13
295.83 3.53471440123e-13
295.84 2.54239252389e-13
295.85 1.82427719411e-13
295.86 1.30586720195e-13
295.87 9.32539347789e-14
295.88 6.64347475929e-14
295.89 4.72153694193e-14
295.9 3.3475839747e-14
295.91 2.36777025383e-14
295.92 1.67073526146e-14
295.93 1.17607690524e-14
295.94 8.2589305847e-15
295.95 5.78591337817e-15
295.96 4.04371056418e-15
295.97 2.81934502855e-15
295.98 1.96099473969e-15
295.99 1.36070716591e-15
296.0 9.41917711846e-16
296.01 6.50461070217e-16
296.02 4.48115241567e-16
296.03 3.07976932003e-16
296.04 2.11157607836e-16
296.05 1.44429316684e-16
296.06 9.85516872174e-17
296.07 6.70861487902e-17
296.08 4.55576961785e-17
296.09 3.08638961014e-17
296.1 2.0859305742e-17
296.11 1.40640066782e-17
296.12 9.45972249785e-18
296.13 6.34757517509e-18
296.14 4.24910476294e-18
296.15 2.83757376175e-18
296.16 1.89041441735e-18
296.17 1.25639739606e-18
296.18 8.3302337005e-19
296.19 5.50994799283e-19
296.2 3.63578317353e-19
296.21 2.39336324831e-19
296.22 1.57173539055e-19
296.23 1.0296993144e-19
296.24 6.72979130915e-20
296.25 4.38786196964e-20
296.26 2.85406927188e-20
296.27 1.85197985827e-20
296.28 1.19885928207e-20
296.29 7.74212836547e-21
296.3 4.98784255953e-21
296.31 3.20571804217e-21
296.32 2.05540839983e-21
296.33 1.31471360708e-21
296.34 8.38927476204e-22
296.35 5.34045073863e-22
296.36 3.39149863891e-22
296.37 2.14864973405e-22
296.38 1.35800024517e-22
296.39 8.56237658e-23
296.4 5.38578554958e-23
296.41 3.37959025525e-23
296.42 2.11562799902e-23
296.43 1.32121906313e-23
296.44 8.23134167073e-24
296.45 5.1159548514e-24
296.46 3.17207215533e-24
296.47 1.96209348822e-24
296.48 1.21075598142e-24
296.49 7.45338992226e-25
296.5 4.57732085312e-25
296.51 2.80433033036e-25
296.52 1.71398605857e-25
296.53 1.04507078524e-25
296.54 6.35688623508e-26
296.55 3.85747823488e-26
296.56 2.33519335374e-26
296.57 1.41027084393e-26
296.58 8.49654832522e-27
296.59 5.10672959937e-27
296.6 3.06198827107e-27
296.61 1.83157419212e-27
296.62 1.09296396523e-27
296.63 6.50650113979e-28
296.64 3.86411033047e-28
296.65 2.28934829655e-28
296.66 1.35311456704e-28
296.67 7.97843329445e-29
296.68 4.69311309105e-29
296.69 2.75400532653e-29
296.7 1.61223702201e-29
296.71 9.41571627817e-30
296.72 5.48577763812e-30
296.73 3.18847782516e-30
296.74 1.84879589947e-30
296.75 1.06943626448e-30
296.76 6.17136475851e-31
296.77 3.55277659487e-31
296.78 2.04039832273e-31
296.79 1.16902121964e-31
296.8 6.68174982043e-32
296.81 3.80994238798e-32
296.82 2.16723991095e-32
296.83 1.22986079204e-32
296.84 6.96250163034e-33
296.85 3.93219504757e-33
296.86 2.21546648242e-33
296.87 1.24524758401e-33
296.88 6.98243054931e-34
296.89 3.90587136346e-34
296.9 2.17966446156e-34
296.91 1.21344961324e-34
296.92 6.7392916323e-35
296.93 3.73393842815e-35
296.94 2.06386104947e-35
296.95 1.13803117441e-35
296.96 6.26020082747e-36
296.97 3.43544322489e-36
296.98 1.88077866633e-36
296.99 1.02719526604e-36
297.0 5.59665755318e-37
297.01 3.04203961649e-37
297.02 1.64953450234e-37
297.03 8.92315320456e-38
297.04 4.81543697618e-38
297.05 2.59246836288e-38
297.06 1.39236031252e-38
297.07 7.46019561364e-39
297.08 3.98757811527e-39
297.09 2.12631988983e-39
297.1 1.13111928978e-39
297.11 6.00272745429e-40
297.12 3.17796603278e-40
297.13 1.67845725621e-40
297.14 8.84365373516e-41
297.15 4.64850799814e-41
297.16 2.43756296974e-41
297.17 1.27514188946e-41
297.18 6.65459439401e-42
297.19 3.46453596372e-42
297.2 1.79940517274e-42
297.21 9.32337733542e-43
297.22 4.8192334364e-43
297.23 2.4850954261e-43
297.24 1.27840535295e-43
297.25 6.56076517772e-44
297.26 3.35892888551e-44
297.27 1.71556637498e-44
297.28 8.74127215123e-45
297.29 4.44326439865e-45
297.3 2.25314981593e-45
297.31 1.13982552668e-45
297.32 5.75237358301e-46
297.33 2.8961175222e-46
297.34 1.45460699456e-46
297.35 7.2884562758e-47
297.36 3.643223572e-47
297.37 1.81675549032e-47
297.38 9.03789986833e-48
297.39 4.48537702107e-48
297.4 2.22070445912e-48
297.41 1.09683918158e-48
297.42 5.40450006174e-49
297.43 2.65661409757e-49
297.44 1.30275213746e-49
297.45 6.3731697838e-50
297.46 3.11035208383e-50
297.47 1.51434206211e-50
297.48 7.35527278229e-51
297.49 3.56396923049e-51
297.5 1.72277860261e-51
297.51 8.30778695424e-52
297.52 3.99670035352e-52
297.53 1.91813063001e-52
297.54 9.18364575252e-53
297.55 4.38644222752e-53
297.56 2.09011436456e-53
297.57 9.93546113624e-54
297.58 4.71157759131e-54
297.59 2.22897400225e-54
297.6 1.05197154456e-54
297.61 4.95294280202e-55
297.62 2.32639234715e-55
297.63 1.09009144906e-55
297.64 5.09569266521e-56
297.65 2.37631406429e-56
297.66 1.10551531876e-56
297.67 5.1308108275e-57
297.68 2.37556844648e-57
297.69 1.09725962228e-57
297.7 5.05605219571e-58
297.71 2.32420267411e-58
297.72 1.06585159107e-58
297.73 4.8761804496e-59
297.74 2.22547687522e-59
297.75 1.01327350072e-59
297.76 4.60246571956e-60
297.77 2.08552170496e-60
297.78 9.4275563307e-61
297.79 4.25151606248e-61
297.8 1.91270844108e-61
297.81 8.58447979351e-62
297.82 3.84361115086e-62
297.83 1.71682155019e-62
297.84 7.65017046876e-63
297.85 3.40077038482e-63
297.86 1.50814723998e-63
297.87 6.67222079167e-64
297.88 2.94481015485e-64
297.89 1.2965952244e-64
297.9 5.69523634478e-65
297.91 2.49562483389e-65
297.92 1.0909555463e-65
297.93 4.75767765778e-66
297.94 2.06987049206e-66
297.95 8.98362316768e-67
297.96 3.88973548548e-67
297.97 1.68015286042e-67
297.98 7.23998558827e-68
297.99 3.11233819119e-68
298.0 1.33473801929e-68
298.01 5.71038571964e-69
298.02 2.43722158917e-69
298.03 1.03773088373e-69
298.04 4.40792925206e-70
298.05 1.86786133267e-70
298.06 7.8961390091e-71
298.07 3.330006421e-71
298.08 1.40099144372e-71
298.09 5.8801176533e-72
298.1 2.46204884097e-72
298.11 1.02841267804e-72
298.12 4.28546826878e-73
298.13 1.78151401785e-73
298.14 7.38822812598e-74
298.15 3.05669028123e-74
298.16 1.26160283565e-74
298.17 5.19462201599e-75
298.18 2.13375875596e-75
298.19 8.74373010824e-76
298.2 3.57444178626e-76
298.21 1.45773897069e-76
298.22 5.93077358926e-77
298.23 2.40714894984e-77
298.24 9.74663307153e-78
298.25 3.93700798183e-78
298.26 1.58649239325e-78
298.27 6.37778253517e-79
298.28 2.55776963519e-79
298.29 1.02332397445e-79
298.3 4.08436800383e-80
298.31 1.62628467752e-80
298.32 6.45993661872e-81
298.33 2.5598818382e-81
298.34 1.01197911606e-81
298.35 3.99101300993e-82
298.36 1.57019898572e-82
298.37 6.16291517849e-83
298.38 2.41311284166e-83
298.39 9.42603410385e-84
298.4 3.67316393459e-84
298.41 1.42794519144e-84
298.42 5.53786902821e-85
298.43 2.14256364143e-85
298.44 8.26960341749e-86
298.45 3.18416474283e-86
298.46 1.22311210223e-86
298.47 4.68702077092e-87
298.48 1.79179106473e-87
298.49 6.83341381757e-88
298.5 2.59984787001e-88
298.51 9.86774692814e-89
298.52 3.73635312602e-89
298.53 1.41135954697e-89
298.54 5.31847652335e-90
298.55 1.9993860214e-90
298.56 7.49835284372e-91
298.57 2.80540071502e-91
298.58 1.04708933406e-91
298.59 3.89881261637e-92
298.6 1.44824079541e-92
298.61 5.3667204161e-93
298.62 1.98397838978e-93
298.63 7.3168587091e-94
298.64 2.6919820374e-94
298.65 9.88051078727e-95
298.66 3.61781519231e-95
298.67 1.32151803589e-95
298.68 4.81570126978e-96
298.69 1.75067569577e-96
298.7 6.34909139462e-97
298.71 2.29708549573e-97
298.72 8.29091451848e-98
298.73 2.98529603902e-98
298.74 1.07233888267e-98
298.75 3.84269908153e-99
298.76 1.37372678344e-99
298.77 4.8991869638e-100
298.78 1.74303983239e-100
298.79 6.18657458628e-101
298.8 2.19054828112e-101
298.81 7.73775605234e-102
298.82 2.72669685364e-102
298.83 9.58557770266e-103
298.84 3.3617029155e-103
298.85 1.17614255939e-103
298.86 4.10506641685e-104
298.87 1.42935462321e-104
298.88 4.96500128775e-105
298.89 1.72051437039e-105
298.9 5.94780606517e-106
298.91 2.05123228158e-106
298.92 7.05720001042e-107
298.93 2.42219744494e-107
298.94 8.29365912117e-108
298.95 2.8329723592e-108
298.96 9.6537934171e-109
298.97 3.28180796609e-109
298.98 1.11298117969e-109
298.99 3.76549400096e-110
299.0 1.27091227759e-110
299.01 4.27925983947e-111
299.02 1.43741178131e-111
299.03 4.81673987963e-112
299.04 1.61021782588e-112
299.05 5.37001503677e-113
299.06 1.78659370819e-113
299.07 5.92973816912e-114
299.08 1.96338127515e-114
299.09 6.48534635039e-115
299.1 2.13708156696e-115
299.11 7.02535715927e-116
299.12 2.30396085141e-116
299.13 7.53773997922e-117
299.14 2.46017822269e-117
299.15 8.01034720093e-118
299.16 2.60192908613e-118
299.17 8.43138474687e-119
299.18 2.72559728366e-119
299.19 8.7898970311e-120
299.2 2.82790749551e-120
299.21 9.07623879913e-121
299.22 2.90606901288e-121
299.23 9.28250560738e-122
299.24 2.95790209738e-122
299.25 9.40289617203e-123
299.26 2.98193894983e-123
299.27 9.4339834171e-124
299.28 2.9774927629e-124
299.29 9.37487655035e-125
299.3 2.94469032404e-125
299.31 9.22726346994e-126
299.32 2.88446600898e-126
299.33 8.99533068459e-127
299.34 2.79851756271e-127
299.35 8.68556604934e-128
299.36 2.68922658859e-128
299.37 8.30645728856e-129
299.38 2.55954894202e-129
299.39 7.86810585431e-130
299.4 2.41288206616e-130
299.41 7.38178061982e-131
299.42 2.252917569e-131
299.43 6.85943886932e-132
299.44 2.08348793858e-132
299.45 6.31324284583e-133
299.46 1.90841620485e-133
299.47 5.75509879535e-134
299.48 1.73137662658e-134
299.49 5.1962422291e-135
299.5 1.55577320839e-135
299.51 4.64688840366e-136
299.52 1.38464117944e-136
299.53 4.11596129072e-137
299.54 1.22057465987e-137
299.55 3.61090812313e-138
299.56 1.06568177838e-138
299.57 3.1376005066e-139
299.58 9.21566648512e-140
299.59 2.7003175574e-140
299.6 7.89336000946e-141
299.61 2.3018019497e-141
299.62 6.6962700471e-142
299.63 1.94337638353e-142
299.64 5.62651950772e-143
299.65 1.62510593337e-143
299.66 4.68255032453e-144
299.67 1.34599099245e-144
299.68 3.85976414771e-145
299.69 1.10417596134e-145
299.7 3.15119084563e-146
299.71 8.97160230825e-147
299.72 2.54814538658e-147
299.73 7.22000114149e-148
299.74 2.04084111174e-148
299.75 5.75492912729e-149
299.76 1.61893575177e-149
299.77 4.54336982334e-150
299.78 1.2719949797e-150
299.79 3.55264268943e-151
299.8 9.8986616475e-152
299.81 2.75144121039e-152
299.82 7.6296180389e-153
299.83 2.11059131962e-153
299.84 5.824575557e-154
299.85 1.6035525454e-154
299.86 4.40413756755e-155
299.87 1.20669445535e-155
299.88 3.29831789264e-156
299.89 8.99386674656e-157
299.9 2.44657832192e-157
299.91 6.6394258722e-158
299.92 1.79746585934e-158
299.93 4.85455568103e-159
299.94 1.30796772635e-159
299.95 3.51563084576e-160
299.96 9.42688466172e-161
299.97 2.52169061362e-161
299.98 6.72936497732e-162
299.99 1.79149264984e-162
