270.0 4.52299354786e-05
270.01 4.52866298032e-05
270.02 4.53434348929e-05
270.03 4.54003510467e-05
270.04 4.54573785651e-05
270.05 4.55145177494e-05
270.06 4.55717689018e-05
270.07 4.56291323258e-05
270.08 4.56866083259e-05
270.09 4.57441972077e-05
270.1 4.58018992778e-05
270.11 4.58597148438e-05
270.12 4.59176442146e-05
270.13 4.59756877e-05
270.14 4.6033845611e-05
270.15 4.60921182595e-05
270.16 4.61505059589e-05
270.17 4.62090090233e-05
270.18 4.6267627768e-05
270.19 4.63263625096e-05
270.2 4.63852135657e-05
270.21 4.6444181255e-05
270.22 4.65032658972e-05
270.23 4.65624678135e-05
270.24 4.66217873259e-05
270.25 4.66812247577e-05
270.26 4.67407804332e-05
270.27 4.68004546782e-05
270.28 4.68602478192e-05
270.29 4.69201601841e-05
270.3 4.69801921022e-05
270.31 4.70403439034e-05
270.32 4.71006159193e-05
270.33 4.71610084825e-05
270.34 4.72215219267e-05
270.35 4.7282156587e-05
270.36 4.73429127994e-05
270.37 4.74037909014e-05
270.38 4.74647912316e-05
270.39 4.75259141298e-05
270.4 4.7587159937e-05
270.41 4.76485289954e-05
270.42 4.77100216486e-05
270.43 4.77716382413e-05
270.44 4.78333791195e-05
270.45 4.78952446303e-05
270.46 4.79572351223e-05
270.47 4.80193509452e-05
270.48 4.808159245e-05
270.49 4.8143959989e-05
270.5 4.82064539156e-05
270.51 4.82690745848e-05
270.52 4.83318223527e-05
270.53 4.83946975767e-05
270.54 4.84577006154e-05
270.55 4.8520831829e-05
270.56 4.85840915787e-05
270.57 4.86474802272e-05
270.58 4.87109981385e-05
270.59 4.87746456779e-05
270.6 4.88384232119e-05
270.61 4.89023311087e-05
270.62 4.89663697375e-05
270.63 4.9030539469e-05
270.64 4.90948406753e-05
270.65 4.91592737297e-05
270.66 4.9223839007e-05
270.67 4.92885368835e-05
270.68 4.93533677366e-05
270.69 4.94183319452e-05
270.7 4.94834298898e-05
270.71 4.9548661952e-05
270.72 4.9614028515e-05
270.73 4.96795299633e-05
270.74 4.9745166683e-05
270.75 4.98109390615e-05
270.76 4.98768474875e-05
270.77 4.99428923515e-05
270.78 5.00090740451e-05
270.79 5.00753929615e-05
270.8 5.01418494955e-05
270.81 5.02084440431e-05
270.82 5.02751770019e-05
270.83 5.03420487711e-05
270.84 5.04090597512e-05
270.85 5.04762103443e-05
270.86 5.0543500954e-05
270.87 5.06109319854e-05
270.88 5.0678503845e-05
270.89 5.07462169411e-05
270.9 5.08140716832e-05
270.91 5.08820684826e-05
270.92 5.09502077521e-05
270.93 5.10184899059e-05
270.94 5.108691536e-05
270.95 5.11554845316e-05
270.96 5.12241978399e-05
270.97 5.12930557055e-05
270.98 5.13620585504e-05
270.99 5.14312067985e-05
271.0 5.15005008752e-05
271.01 5.15699412075e-05
271.02 5.16395282239e-05
271.03 5.17092623548e-05
271.04 5.17791440319e-05
271.05 5.18491736888e-05
271.06 5.19193517607e-05
271.07 5.19896786844e-05
271.08 5.20601548983e-05
271.09 5.21307808427e-05
271.1 5.22015569594e-05
271.11 5.22724836919e-05
271.12 5.23435614854e-05
271.13 5.2414790787e-05
271.14 5.24861720451e-05
271.15 5.25577057103e-05
271.16 5.26293922346e-05
271.17 5.27012320719e-05
271.18 5.27732256777e-05
271.19 5.28453735094e-05
271.2 5.29176760261e-05
271.21 5.29901336887e-05
271.22 5.30627469597e-05
271.23 5.31355163038e-05
271.24 5.3208442187e-05
271.25 5.32815250776e-05
271.26 5.33547654452e-05
271.27 5.34281637616e-05
271.28 5.35017205004e-05
271.29 5.35754361368e-05
271.3 5.36493111481e-05
271.31 5.37233460134e-05
271.32 5.37975412135e-05
271.33 5.38718972313e-05
271.34 5.39464145515e-05
271.35 5.40210936606e-05
271.36 5.40959350472e-05
271.37 5.41709392017e-05
271.38 5.42461066163e-05
271.39 5.43214377853e-05
271.4 5.4396933205e-05
271.41 5.44725933735e-05
271.42 5.45484187908e-05
271.43 5.46244099591e-05
271.44 5.47005673824e-05
271.45 5.47768915668e-05
271.46 5.48533830202e-05
271.47 5.49300422528e-05
271.48 5.50068697767e-05
271.49 5.50838661058e-05
271.5 5.51610317563e-05
271.51 5.52383672464e-05
271.52 5.53158730964e-05
271.53 5.53935498286e-05
271.54 5.54713979672e-05
271.55 5.55494180389e-05
271.56 5.56276105721e-05
271.57 5.57059760975e-05
271.58 5.5784515148e-05
271.59 5.58632282585e-05
271.6 5.59421159659e-05
271.61 5.60211788096e-05
271.62 5.61004173309e-05
271.63 5.61798320734e-05
271.64 5.62594235828e-05
271.65 5.63391924069e-05
271.66 5.6419139096e-05
271.67 5.64992642024e-05
271.68 5.65795682806e-05
271.69 5.66600518876e-05
271.7 5.67407155822e-05
271.71 5.68215599258e-05
271.72 5.69025854821e-05
271.73 5.69837928169e-05
271.74 5.70651824984e-05
271.75 5.7146755097e-05
271.76 5.72285111855e-05
271.77 5.7310451339e-05
271.78 5.73925761351e-05
271.79 5.74748861535e-05
271.8 5.75573819763e-05
271.81 5.76400641882e-05
271.82 5.77229333761e-05
271.83 5.78059901293e-05
271.84 5.78892350395e-05
271.85 5.7972668701e-05
271.86 5.80562917104e-05
271.87 5.81401046667e-05
271.88 5.82241081714e-05
271.89 5.83083028287e-05
271.9 5.83926892448e-05
271.91 5.84772680289e-05
271.92 5.85620397924e-05
271.93 5.86470051493e-05
271.94 5.87321647163e-05
271.95 5.88175191124e-05
271.96 5.89030689593e-05
271.97 5.89888148812e-05
271.98 5.90747575051e-05
271.99 5.91608974603e-05
272.0 5.9247235379e-05
272.01 5.93337718958e-05
272.02 5.9420507648e-05
272.03 5.95074432758e-05
272.04 5.95945794216e-05
272.05 5.9681916731e-05
272.06 5.97694558519e-05
272.07 5.98571974352e-05
272.08 5.99451421343e-05
272.09 6.00332906055e-05
272.1 6.01216435077e-05
272.11 6.02102015028e-05
272.12 6.02989652552e-05
272.13 6.03879354324e-05
272.14 6.04771127045e-05
272.15 6.05664977445e-05
272.16 6.06560912283e-05
272.17 6.07458938344e-05
272.18 6.08359062446e-05
272.19 6.09261291432e-05
272.2 6.10165632176e-05
272.21 6.11072091581e-05
272.22 6.11980676579e-05
272.23 6.12891394132e-05
272.24 6.1380425123e-05
272.25 6.14719254896e-05
272.26 6.15636412179e-05
272.27 6.16555730162e-05
272.28 6.17477215955e-05
272.29 6.18400876701e-05
272.3 6.19326719572e-05
272.31 6.20254751771e-05
272.32 6.21184980533e-05
272.33 6.22117413122e-05
272.34 6.23052056835e-05
272.35 6.23988919001e-05
272.36 6.24928006979e-05
272.37 6.25869328159e-05
272.38 6.26812889966e-05
272.39 6.27758699854e-05
272.4 6.28706765312e-05
272.41 6.2965709386e-05
272.42 6.30609693049e-05
272.43 6.31564570466e-05
272.44 6.32521733729e-05
272.45 6.3348119049e-05
272.46 6.34442948434e-05
272.47 6.35407015278e-05
272.48 6.36373398776e-05
272.49 6.37342106714e-05
272.5 6.38313146911e-05
272.51 6.39286527221e-05
272.52 6.40262255535e-05
272.53 6.41240339774e-05
272.54 6.42220787898e-05
272.55 6.43203607898e-05
272.56 6.44188807805e-05
272.57 6.45176395681e-05
272.58 6.46166379626e-05
272.59 6.47158767775e-05
272.6 6.48153568298e-05
272.61 6.49150789404e-05
272.62 6.50150439335e-05
272.63 6.51152526372e-05
272.64 6.52157058832e-05
272.65 6.53164045068e-05
272.66 6.54173493471e-05
272.67 6.55185412471e-05
272.68 6.56199810531e-05
272.69 6.57216696158e-05
272.7 6.58236077891e-05
272.71 6.59257964311e-05
272.72 6.60282364036e-05
272.73 6.61309285724e-05
272.74 6.62338738069e-05
272.75 6.63370729807e-05
272.76 6.64405269712e-05
272.77 6.65442366597e-05
272.78 6.66482029316e-05
272.79 6.67524266762e-05
272.8 6.68569087868e-05
272.81 6.69616501608e-05
272.82 6.70666516996e-05
272.83 6.71719143088e-05
272.84 6.72774388979e-05
272.85 6.73832263809e-05
272.86 6.74892776754e-05
272.87 6.75955937037e-05
272.88 6.7702175392e-05
272.89 6.78090236708e-05
272.9 6.7916139475e-05
272.91 6.80235237434e-05
272.92 6.81311774195e-05
272.93 6.82391014508e-05
272.94 6.83472967894e-05
272.95 6.84557643916e-05
272.96 6.85645052182e-05
272.97 6.86735202344e-05
272.98 6.87828104097e-05
272.99 6.88923767182e-05
273.0 6.90022201386e-05
273.01 6.91123416538e-05
273.02 6.92227422517e-05
273.03 6.93334229243e-05
273.04 6.94443846685e-05
273.05 6.95556284858e-05
273.06 6.96671553823e-05
273.07 6.97789663686e-05
273.08 6.98910624604e-05
273.09 7.00034446778e-05
273.1 7.01161140458e-05
273.11 7.02290715941e-05
273.12 7.03423183574e-05
273.13 7.0455855375e-05
273.14 7.05696836914e-05
273.15 7.06838043555e-05
273.16 7.07982184217e-05
273.17 7.09129269489e-05
273.18 7.10279310013e-05
273.19 7.11432316479e-05
273.2 7.12588299628e-05
273.21 7.13747270253e-05
273.22 7.14909239196e-05
273.23 7.16074217352e-05
273.24 7.17242215668e-05
273.25 7.1841324514e-05
273.26 7.1958731682e-05
273.27 7.2076444181e-05
273.28 7.21944631266e-05
273.29 7.23127896397e-05
273.3 7.24314248465e-05
273.31 7.25503698785e-05
273.32 7.2669625873e-05
273.33 7.27891939723e-05
273.34 7.29090753243e-05
273.35 7.30292710827e-05
273.36 7.31497824063e-05
273.37 7.32706104597e-05
273.38 7.33917564131e-05
273.39 7.35132214425e-05
273.4 7.36350067292e-05
273.41 7.37571134605e-05
273.42 7.38795428294e-05
273.43 7.40022960346e-05
273.44 7.41253742807e-05
273.45 7.42487787781e-05
273.46 7.4372510743e-05
273.47 7.44965713978e-05
273.48 7.46209619706e-05
273.49 7.47456836955e-05
273.5 7.48707378127e-05
273.51 7.49961255685e-05
273.52 7.51218482152e-05
273.53 7.52479070113e-05
273.54 7.53743032216e-05
273.55 7.55010381168e-05
273.56 7.56281129742e-05
273.57 7.5755529077e-05
273.58 7.58832877152e-05
273.59 7.60113901848e-05
273.6 7.61398377883e-05
273.61 7.62686318346e-05
273.62 7.63977736393e-05
273.63 7.65272645244e-05
273.64 7.66571058183e-05
273.65 7.67872988561e-05
273.66 7.69178449798e-05
273.67 7.70487455377e-05
273.68 7.71800018851e-05
273.69 7.73116153839e-05
273.7 7.74435874029e-05
273.71 7.75759193178e-05
273.72 7.77086125111e-05
273.73 7.78416683722e-05
273.74 7.79750882976e-05
273.75 7.81088736908e-05
273.76 7.82430259624e-05
273.77 7.837754653e-05
273.78 7.85124368184e-05
273.79 7.86476982596e-05
273.8 7.8783332293e-05
273.81 7.8919340365e-05
273.82 7.90557239297e-05
273.83 7.91924844482e-05
273.84 7.93296233894e-05
273.85 7.94671422294e-05
273.86 7.96050424519e-05
273.87 7.97433255483e-05
273.88 7.98819930175e-05
273.89 8.00210463661e-05
273.9 8.01604871083e-05
273.91 8.03003167664e-05
273.92 8.04405368702e-05
273.93 8.05811489575e-05
273.94 8.07221545739e-05
273.95 8.08635552731e-05
273.96 8.10053526169e-05
273.97 8.11475481749e-05
273.98 8.12901435251e-05
273.99 8.14331402534e-05
274.0 8.15765399542e-05
274.01 8.172034423e-05
274.02 8.18645546917e-05
274.03 8.20091729586e-05
274.04 8.21542006584e-05
274.05 8.22996394273e-05
274.06 8.24454909101e-05
274.07 8.25917567601e-05
274.08 8.27384386394e-05
274.09 8.28855382188e-05
274.1 8.30330571778e-05
274.11 8.31809972047e-05
274.12 8.33293599969e-05
274.13 8.34781472604e-05
274.14 8.36273607106e-05
274.15 8.37770020717e-05
274.16 8.39270730771e-05
274.17 8.40775754694e-05
274.18 8.42285110004e-05
274.19 8.43798814313e-05
274.2 8.45316885327e-05
274.21 8.46839340843e-05
274.22 8.48366198758e-05
274.23 8.4989747706e-05
274.24 8.51433193836e-05
274.25 8.52973367268e-05
274.26 8.54518015638e-05
274.27 8.56067157324e-05
274.28 8.57620810803e-05
274.29 8.59178994651e-05
274.3 8.60741727546e-05
274.31 8.62309028266e-05
274.32 8.63880915688e-05
274.33 8.65457408795e-05
274.34 8.67038526671e-05
274.35 8.68624288502e-05
274.36 8.70214713581e-05
274.37 8.71809821304e-05
274.38 8.73409631173e-05
274.39 8.75014162798e-05
274.4 8.76623435892e-05
274.41 8.7823747028e-05
274.42 8.79856285893e-05
274.43 8.81479902773e-05
274.44 8.8310834107e-05
274.45 8.84741621046e-05
274.46 8.86379763074e-05
274.47 8.8802278764e-05
274.48 8.89670715342e-05
274.49 8.91323566893e-05
274.5 8.92981363118e-05
274.51 8.94644124961e-05
274.52 8.96311873479e-05
274.53 8.97984629848e-05
274.54 8.99662415361e-05
274.55 9.01345251428e-05
274.56 9.03033159582e-05
274.57 9.04726161473e-05
274.58 9.06424278873e-05
274.59 9.08127533676e-05
274.6 9.09835947899e-05
274.61 9.11549543683e-05
274.62 9.13268343292e-05
274.63 9.14992369115e-05
274.64 9.1672164367e-05
274.65 9.184561896e-05
274.66 9.20196029675e-05
274.67 9.21941186796e-05
274.68 9.23691683993e-05
274.69 9.25447544426e-05
274.7 9.27208791388e-05
274.71 9.28975448303e-05
274.72 9.30747538729e-05
274.73 9.32525086358e-05
274.74 9.34308115019e-05
274.75 9.36096648675e-05
274.76 9.37890711429e-05
274.77 9.39690327519e-05
274.78 9.41495521324e-05
274.79 9.43306317364e-05
274.8 9.45122740299e-05
274.81 9.46944814932e-05
274.82 9.48772566208e-05
274.83 9.50606019218e-05
274.84 9.52445199197e-05
274.85 9.54290131526e-05
274.86 9.56140841736e-05
274.87 9.57997355503e-05
274.88 9.59859698656e-05
274.89 9.61727897171e-05
274.9 9.63601977179e-05
274.91 9.65481964962e-05
274.92 9.67367886957e-05
274.93 9.69259769754e-05
274.94 9.71157640102e-05
274.95 9.73061524905e-05
274.96 9.74971451227e-05
274.97 9.76887446291e-05
274.98 9.78809537481e-05
274.99 9.80737752342e-05
275.0 9.82672118584e-05
275.01 9.84612664079e-05
275.02 9.86559416867e-05
275.03 9.88512405153e-05
275.04 9.90471657312e-05
275.05 9.92437201885e-05
275.06 9.94409067587e-05
275.07 9.96387283302e-05
275.08 9.9837187809e-05
275.09 0.000100036288118
275.1 0.000100236032199
275.11 0.000100436423009
275.12 0.000100637463526
275.13 0.000100839156743
275.14 0.000101041505673
275.15 0.000101244513346
275.16 0.000101448182812
275.17 0.000101652517138
275.18 0.000101857519411
275.19 0.000102063192734
275.2 0.000102269540233
275.21 0.000102476565049
275.22 0.000102684270346
275.23 0.000102892659304
275.24 0.000103101735125
275.25 0.00010331150103
275.26 0.000103521960258
275.27 0.000103733116071
275.28 0.000103944971748
275.29 0.000104157530591
275.3 0.000104370795922
275.31 0.00010458477108
275.32 0.000104799459431
275.33 0.000105014864356
275.34 0.00010523098926
275.35 0.000105447837569
275.36 0.00010566541273
275.37 0.000105883718212
275.38 0.000106102757505
275.39 0.000106322534121
275.4 0.000106543051595
275.41 0.000106764313483
275.42 0.000106986323365
275.43 0.00010720908484
275.44 0.000107432601535
275.45 0.000107656877095
275.46 0.000107881915192
275.47 0.000108107719518
275.48 0.000108334293791
275.49 0.000108561641752
275.5 0.000108789767165
275.51 0.000109018673818
275.52 0.000109248365525
275.53 0.000109478846123
275.54 0.000109710119473
275.55 0.000109942189462
275.56 0.000110175060002
275.57 0.00011040873503
275.58 0.000110643218507
275.59 0.000110878514422
275.6 0.000111114626788
275.61 0.000111351559645
275.62 0.00011158931706
275.63 0.000111827903123
275.64 0.000112067321955
275.65 0.000112307577701
275.66 0.000112548674533
275.67 0.000112790616654
275.68 0.000113033408289
275.69 0.000113277053695
275.7 0.000113521557155
275.71 0.000113766922981
275.72 0.000114013155513
275.73 0.00011426025912
275.74 0.0001145082382
275.75 0.000114757097179
275.76 0.000115006840514
275.77 0.00011525747269
275.78 0.000115508998224
275.79 0.00011576142166
275.8 0.000116014747576
275.81 0.000116268980579
275.82 0.000116524125305
275.83 0.000116780186423
275.84 0.000117037168635
275.85 0.000117295076671
275.86 0.000117553915296
275.87 0.000117813689304
275.88 0.000118074403526
275.89 0.000118336062821
275.9 0.000118598672084
275.91 0.000118862236242
275.92 0.000119126760256
275.93 0.00011939224912
275.94 0.000119658707864
275.95 0.000119926141551
275.96 0.000120194555278
275.97 0.000120463954178
275.98 0.000120734343421
275.99 0.000121005728208
276.0 0.000121278113781
276.01 0.000121551505416
276.02 0.000121825908423
276.03 0.000122101328153
276.04 0.000122377769992
276.05 0.000122655239364
276.06 0.000122933741731
276.07 0.000123213282592
276.08 0.000123493867485
276.09 0.000123775501987
276.1 0.000124058191715
276.11 0.000124341942323
276.12 0.000124626759508
276.13 0.000124912649004
276.14 0.000125199616587
276.15 0.000125487668075
276.16 0.000125776809324
276.17 0.000126067046236
276.18 0.00012635838475
276.19 0.000126650830851
276.2 0.000126944390565
276.21 0.000127239069962
276.22 0.000127534875155
276.23 0.000127831812299
276.24 0.000128129887597
276.25 0.000128429107294
276.26 0.000128729477679
276.27 0.00012903100509
276.28 0.000129333695907
276.29 0.000129637556559
276.3 0.00012994259352
276.31 0.000130248813312
276.32 0.000130556222503
276.33 0.000130864827711
276.34 0.000131174635601
276.35 0.000131485652887
276.36 0.000131797886332
276.37 0.000132111342749
276.38 0.000132426029001
276.39 0.000132741952002
276.4 0.000133059118715
276.41 0.000133377536158
276.42 0.000133697211398
276.43 0.000134018151556
276.44 0.000134340363804
276.45 0.000134663855371
276.46 0.000134988633536
276.47 0.000135314705634
276.48 0.000135642079056
276.49 0.000135970761247
276.5 0.000136300759709
276.51 0.000136632081998
276.52 0.000136964735729
276.53 0.000137298728576
276.54 0.000137634068268
276.55 0.000137970762593
276.56 0.000138308819401
276.57 0.000138648246598
276.58 0.000138989052152
276.59 0.000139331244093
276.6 0.000139674830509
276.61 0.000140019819554
276.62 0.000140366219442
276.63 0.000140714038451
276.64 0.000141063284922
276.65 0.000141413967261
276.66 0.000141766093938
276.67 0.000142119673491
276.68 0.000142474714523
276.69 0.000142831225701
276.7 0.000143189215765
276.71 0.000143548693518
276.72 0.000143909667836
276.73 0.00014427214766
276.74 0.000144636142006
276.75 0.000145001659957
276.76 0.00014536871067
276.77 0.000145737303373
276.78 0.000146107447366
276.79 0.000146479152025
276.8 0.000146852426799
276.81 0.000147227281212
276.82 0.000147603724863
276.83 0.000147981767431
276.84 0.000148361418668
276.85 0.000148742688406
276.86 0.000149125586557
276.87 0.000149510123111
276.88 0.000149896308139
276.89 0.000150284151792
276.9 0.000150673664306
276.91 0.000151064855998
276.92 0.000151457737268
276.93 0.000151852318601
276.94 0.000152248610569
276.95 0.000152646623828
276.96 0.000153046369122
276.97 0.000153447857284
276.98 0.000153851099234
276.99 0.000154256105983
277.0 0.000154662888633
277.01 0.000155071458377
277.02 0.0001554818265
277.03 0.000155894004381
277.04 0.000156308003495
277.05 0.000156723835409
277.06 0.000157141511791
277.07 0.000157561044401
277.08 0.000157982445102
277.09 0.000158405725855
277.1 0.00015883089872
277.11 0.00015925797586
277.12 0.000159686969541
277.13 0.000160117892131
277.14 0.000160550756104
277.15 0.000160985574038
277.16 0.000161422358621
277.17 0.000161861122647
277.18 0.000162301879019
277.19 0.00016274464075
277.2 0.000163189420967
277.21 0.000163636232906
277.22 0.00016408508992
277.23 0.000164536005476
277.24 0.000164988993157
277.25 0.000165444066663
277.26 0.000165901239814
277.27 0.000166360526549
277.28 0.000166821940929
277.29 0.000167285497139
277.3 0.000167751209484
277.31 0.000168219092399
277.32 0.000168689160442
277.33 0.000169161428301
277.34 0.000169635910793
277.35 0.000170112622866
277.36 0.000170591579599
277.37 0.000171072796207
277.38 0.000171556288039
277.39 0.00017204207058
277.4 0.000172530159453
277.41 0.000173020570423
277.42 0.000173513319393
277.43 0.000174008422412
277.44 0.00017450589567
277.45 0.000175005755507
277.46 0.000175508018406
277.47 0.000176012701003
277.48 0.000176519820083
277.49 0.000177029392584
277.5 0.000177541435599
277.51 0.000178055966375
277.52 0.000178573002319
277.53 0.000179092560997
277.54 0.000179614660136
277.55 0.000180139317626
277.56 0.000180666551522
277.57 0.000181196380047
277.58 0.000181728821592
277.59 0.000182263894719
277.6 0.000182801618163
277.61 0.000183342010832
277.62 0.000183885091813
277.63 0.00018443088037
277.64 0.00018497939595
277.65 0.000185530658181
277.66 0.000186084686876
277.67 0.000186641502036
277.68 0.000187201123851
277.69 0.000187763572703
277.7 0.000188328869168
277.71 0.000188897034016
277.72 0.000189468088218
277.73 0.000190042052944
277.74 0.000190618949569
277.75 0.000191198799671
277.76 0.000191781625037
277.77 0.000192367447665
277.78 0.000192956289766
277.79 0.000193548173765
277.8 0.000194143122306
277.81 0.000194741158253
277.82 0.000195342304695
277.83 0.000195946584945
277.84 0.000196554022545
277.85 0.000197164641269
277.86 0.000197778465125
277.87 0.000198395518358
277.88 0.000199015825453
277.89 0.000199639411139
277.9 0.000200266300389
277.91 0.000200896518425
277.92 0.000201530090722
277.93 0.000202167043011
277.94 0.000202807401278
277.95 0.000203451191772
277.96 0.000204098441008
277.97 0.000204749175767
277.98 0.000205403423102
277.99 0.000206061210339
278.0 0.000206722565085
278.01 0.000207387515227
278.02 0.000208056088935
278.03 0.000208728314671
278.04 0.000209404221187
278.05 0.000210083837531
278.06 0.000210767193053
278.07 0.000211454317404
278.08 0.000212145240543
278.09 0.000212839992741
278.1 0.000213538604583
278.11 0.000214241106974
278.12 0.000214947531142
278.13 0.000215657908644
278.14 0.000216372271367
278.15 0.000217090651535
278.16 0.000217813081712
278.17 0.000218539594807
278.18 0.000219270224077
278.19 0.000220005003137
278.2 0.000220743965956
278.21 0.000221487146867
278.22 0.000222234580574
278.23 0.000222986302151
278.24 0.000223742347051
278.25 0.000224502751108
278.26 0.000225267550546
278.27 0.000226036781981
278.28 0.000226810482428
278.29 0.000227588689305
278.3 0.000228371440438
278.31 0.000229158774069
278.32 0.000229950728861
278.33 0.000230747343899
278.34 0.000231548658702
278.35 0.000232354713228
278.36 0.000233165547875
278.37 0.000233981203491
278.38 0.000234801721382
278.39 0.000235627143312
278.4 0.000236457511515
278.41 0.000237292868701
278.42 0.000238133258058
278.43 0.000238978723264
278.44 0.000239829308489
278.45 0.000240685058407
278.46 0.000241546018199
278.47 0.000242412233561
278.48 0.000243283750713
278.49 0.000244160616403
278.5 0.000245042877918
278.51 0.000245930583089
278.52 0.000246823780301
278.53 0.000247722518498
278.54 0.000248626847193
278.55 0.000249536816477
278.56 0.000250452477024
278.57 0.000251373880102
278.58 0.00025230107758
278.59 0.000253234121939
278.6 0.000254173066278
278.61 0.000255117964325
278.62 0.000256068870444
278.63 0.000257025839648
278.64 0.000257988927602
278.65 0.000258958190641
278.66 0.000259933685773
278.67 0.000260915470692
278.68 0.000261903603786
278.69 0.000262898144151
278.7 0.000263899151598
278.71 0.000264906686665
278.72 0.000265920810626
278.73 0.000266941585506
278.74 0.00026796907409
278.75 0.000269003339931
278.76 0.000270044447368
278.77 0.000271092461534
278.78 0.000272147448369
278.79 0.000273209474629
278.8 0.000274278607906
278.81 0.000275354916633
278.82 0.000276438470101
278.83 0.000277529338472
278.84 0.000278627592789
278.85 0.000279733304996
278.86 0.000280846547944
278.87 0.000281967395412
278.88 0.000283095922118
278.89 0.000284232203734
278.9 0.000285376316901
278.91 0.000286528339245
278.92 0.000287688349391
278.93 0.000288856426981
278.94 0.000290032652687
278.95 0.00029121710823
278.96 0.000292409876397
278.97 0.000293611041055
278.98 0.000294820687169
278.99 0.000296038900824
279.0 0.000297265769237
279.01 0.000298501380778
279.02 0.000299745824991
279.03 0.000300999192608
279.04 0.000302261575572
279.05 0.000303533067055
279.06 0.00030481376148
279.07 0.00030610375454
279.08 0.000307403143219
279.09 0.000308712025813
279.1 0.000310030501953
279.11 0.000311358672628
279.12 0.000312696640203
279.13 0.000314044508446
279.14 0.000315402382553
279.15 0.000316770369167
279.16 0.000318148576405
279.17 0.000319537113884
279.18 0.000320936092745
279.19 0.000322345625679
279.2 0.000323765826954
279.21 0.00032519681244
279.22 0.000326638699641
279.23 0.000328091607717
279.24 0.000329555657519
279.25 0.000331030971613
279.26 0.000332517674312
279.27 0.000334015891706
279.28 0.000335525751696
279.29 0.000337047384019
279.3 0.000338580920287
279.31 0.000340126494017
279.32 0.000341684240665
279.33 0.00034325429766
279.34 0.000344836804441
279.35 0.000346431902491
279.36 0.000348039735371
279.37 0.000349660448767
279.38 0.000351294190515
279.39 0.000352941110651
279.4 0.000354601361445
279.41 0.000356275097444
279.42 0.000357962475511
279.43 0.000359663654872
279.44 0.000361378797153
279.45 0.000363108066432
279.46 0.000364851629277
279.47 0.000366609654796
279.48 0.000368382314685
279.49 0.000370169783273
279.5 0.000371972237575
279.51 0.000373789857339
279.52 0.000375622825101
279.53 0.000377471326236
279.54 0.000379335549011
279.55 0.00038121568464
279.56 0.000383111927344
279.57 0.000385024474404
279.58 0.000386953526222
279.59 0.000388899286382
279.6 0.00039086196171
279.61 0.000392841762337
279.62 0.000394838901766
279.63 0.000396853596934
279.64 0.000398886068283
279.65 0.000400936539827
279.66 0.000403005239223
279.67 0.000405092397843
279.68 0.000407198250848
279.69 0.000409323037267
279.7 0.000411467000067
279.71 0.00041363038624
279.72 0.000415813446879
279.73 0.000418016437265
279.74 0.000420239616948
279.75 0.000422483249837
279.76 0.000424747604289
279.77 0.000427032953199
279.78 0.000429339574095
279.79 0.000431667749231
279.8 0.000434017765691
279.81 0.000436389915482
279.82 0.000438784495644
279.83 0.000441201808352
279.84 0.000443642161022
279.85 0.000446105866428
279.86 0.00044859324281
279.87 0.000451104613995
279.88 0.000453640309511
279.89 0.000456200664714
279.9 0.000458786020913
279.91 0.000461396725496
279.92 0.000464033132065
279.93 0.000466695600568
279.94 0.000469384497443
279.95 0.000472100195753
279.96 0.000474843075339
279.97 0.000477613522967
279.98 0.00048041193248
279.99 0.000483238704958
280.0 0.000486094248881
280.01 0.000488978980292
280.02 0.000491893322969
280.03 0.000494837708602
280.04 0.000497812576968
280.05 0.000500818376121
280.06 0.000503855562577
280.07 0.000506924601514
280.08 0.000510025966965
280.09 0.000513160142027
280.1 0.000516327619075
280.11 0.000519528899973
280.12 0.000522764496299
280.13 0.000526034929575
280.14 0.000529340731501
280.15 0.000532682444197
280.16 0.000536060620451
280.17 0.000539475823974
280.18 0.000542928629665
280.19 0.000546419623879
280.2 0.000549949404704
280.21 0.000553518582251
280.22 0.000557127778942
280.23 0.000560777629815
280.24 0.000564468782838
280.25 0.000568201899224
280.26 0.000571977653763
280.27 0.000575796735161
280.28 0.000579659846389
280.29 0.000583567705043
280.3 0.000587521043712
280.31 0.000591520610359
280.32 0.000595567168718
280.33 0.000599661498691
280.34 0.000603804396771
280.35 0.000607996676467
280.36 0.000612239168746
280.37 0.000616532722491
280.38 0.000620878204971
280.39 0.00062527650232
280.4 0.000629728520042
280.41 0.000634235183522
280.42 0.000638797438557
280.43 0.000643416251905
280.44 0.00064809261185
280.45 0.00065282752878
280.46 0.000657622035794
280.47 0.000662477189318
280.48 0.000667394069748
280.49 0.00067237378211
280.5 0.00067741745674
280.51 0.000682526249993
280.52 0.000687701344967
280.53 0.000692943952257
280.54 0.000698255310732
280.55 0.000703636688332
280.56 0.000709089382906
280.57 0.000714614723061
280.58 0.000720214069052
280.59 0.000725888813696
280.6 0.000731640383321
280.61 0.000737470238743
280.62 0.000743379876283
280.63 0.00074937082881
280.64 0.000755444666829
280.65 0.000761602999604
280.66 0.000767847476317
280.67 0.000774179787274
280.68 0.000780601665147
280.69 0.000787114886268
280.7 0.000793721271963
280.71 0.000800422689933
280.72 0.000807221055694
280.73 0.000814118334061
280.74 0.000821116540689
280.75 0.000828217743667
280.76 0.000835424065182
280.77 0.000842737683231
280.78 0.000850160833406
280.79 0.000857695810741
280.8 0.000865344971636
280.81 0.000873110735843
280.82 0.000880995588538
280.83 0.000889002082468
280.84 0.000897132840182
280.85 0.000905390556346
280.86 0.000913778000152
280.87 0.00092229801782
280.88 0.0009309535352
280.89 0.000939747560475
280.9 0.000948683186971
280.91 0.000957763596089
280.92 0.00096699206034
280.93 0.000976371946521
280.94 0.000985906719004
280.95 0.00099559994317
280.96 0.00100545528899
280.97 0.00101547653473
280.98 0.00102566757087
280.99 0.00103603240408
281.0 0.0010465751615
281.01 0.00105730009509
281.02 0.00106821158623
281.03 0.0010793141505
281.04 0.00109061244266
281.05 0.00110211126185
281.06 0.00111381555702
281.07 0.00112573043264
281.08 0.00113786115456
281.09 0.00115021315628
281.1 0.00116279204535
281.11 0.00117560361017
281.12 0.00118865382705
281.13 0.00120194886764
281.14 0.00121549510661
281.15 0.00122929912982
281.16 0.00124336774272
281.17 0.00125770797932
281.18 0.00127232711141
281.19 0.00128723265838
281.2 0.00130243239736
281.21 0.001317934374
281.22 0.00133374691366
281.23 0.00134987863322
281.24 0.00136633845341
281.25 0.00138313561185
281.26 0.00140027967664
281.27 0.00141778056072
281.28 0.00143564853688
281.29 0.00145389425361
281.3 0.00147252875176
281.31 0.00149156348198
281.32 0.00151101032323
281.33 0.00153088160208
281.34 0.0015511901132
281.35 0.00157194914083
281.36 0.00159317248147
281.37 0.00161487446778
281.38 0.0016370699938
281.39 0.00165977454151
281.4 0.00168300420895
281.41 0.00170677573981
281.42 0.00173110655481
281.43 0.00175601478473
281.44 0.00178151930541
281.45 0.00180763977475
281.46 0.00183439667187
281.47 0.00186181133854
281.48 0.00188990602304
281.49 0.00191870392669
281.5 0.00194822925309
281.51 0.00197850726039
281.52 0.00200956431673
281.53 0.00204142795905
281.54 0.00207412695557
281.55 0.00210769137215
281.56 0.00214215264283
281.57 0.00217754364481
281.58 0.00221389877825
281.59 0.00225125405118
281.6 0.00228964716994
281.61 0.00232911763549
281.62 0.00236970684613
281.63 0.00241145820701
281.64 0.00245441724698
281.65 0.00249863174333
281.66 0.00254415185501
281.67 0.00259103026506
281.68 0.00263932233279
281.69 0.00268908625663
281.7 0.00274038324848
281.71 0.00279327772027
281.72 0.00284783748402
281.73 0.00290413396616
281.74 0.00296224243745
281.75 0.00302224225973
281.76 0.00308421715082
281.77 0.00314825546909
281.78 0.00321445051929
281.79 0.00328290088144
281.8 0.00335371076467
281.81 0.00342699038806
281.82 0.00350285639082
281.83 0.00358143227416
281.84 0.00366284887764
281.85 0.00374724489287
281.86 0.00383476741765
281.87 0.00392557255406
281.88 0.00401982605426
281.89 0.00411770401787
281.9 0.00421939364545
281.91 0.00432509405277
281.92 0.00443501715085
281.93 0.00454938859743
281.94 0.00466844882551
281.95 0.00479245415555
281.96 0.00492167799767
281.97 0.00505641215132
281.98 0.00519696820961
281.99 0.00534367907631
282.0 0.00549690060356
282.01 0.00565701335857
282.02 0.00582442452771
282.03 0.00599956996617
282.04 0.00618291640106
282.05 0.00637496379494
282.06 0.00657624787585
282.07 0.00678734283797
282.08 0.00700886421444
282.09 0.00724147192067
282.1 0.00748587346128
282.11 0.00774282728786
282.12 0.00801314628584
282.13 0.00829770135821
282.14 0.00859742505909
282.15 0.008913315212
282.16 0.00924643842431
282.17 0.00959793337917
282.18 0.00996901374923
282.19 0.0103609705288
282.2 0.0107751735232
282.21 0.0112130716611
282.22 0.0116761917077
282.23 0.0121661348484
282.24 0.0126845704837
282.25 0.0132332264227
282.26 0.0138138744847
282.27 0.0144283103141
282.28 0.0150783259884
282.29 0.0157656737599
282.3 0.0164920190285
282.31 0.0172588804311
282.32 0.0180675547717
282.33 0.0189190244822
282.34 0.0198138454594
282.35 0.0207520135763
282.36 0.0217328090571
282.37 0.0227546193771
282.38 0.0238147435768
282.39 0.0249091840121
282.4 0.0260324356749
282.41 0.0271772882635
282.42 0.0283346618632
282.43 0.0294935027947
282.44 0.0306407708422
282.45 0.0317615512141
282.46 0.0328393224191
282.47 0.0338564030005
282.48 0.0347945845913
282.49 0.0356359361578
282.5 0.036363736696
282.51 0.0369634653636
282.52 0.037423755216
282.53 0.0377372059104
282.54 0.0379009569386
282.55 0.0379169474741
282.56 0.0377918283894
282.57 0.0375365387126
282.58 0.0371656028935
282.59 0.0366962376567
282.6 0.0361473723088
282.61 0.0355386832562
282.62 0.0348897256342
282.63 0.0342192184077
282.64 0.0335445106452
282.65 0.0328812311941
282.66 0.032243104872
282.67 0.0316419065503
282.68 0.0310875194883
282.69 0.0305880644236
282.7 0.0301500694017
282.71 0.0297786554814
282.72 0.0294777190209
282.73 0.0292500964235
282.74 0.0290977015782
282.75 0.0290216296444
282.76 0.0290222233625
282.77 0.0290990999222
282.78 0.0292511378183
282.79 0.029476424358
282.8 0.0297721658258
282.81 0.0301345640341
282.82 0.0305586653423
282.83 0.0310381913949
282.84 0.0315653648858
282.85 0.0321307485116
282.86 0.0327231205328
282.87 0.0333294152859
282.88 0.0339347604113
282.89 0.0345226429215
282.9 0.0350752318006
282.91 0.0355738740775
282.92 0.0359997635745
282.93 0.0363347576341
282.94 0.0365622899716
282.95 0.036668302303
282.96 0.0366420997709
282.97 0.0364770312655
282.98 0.0361709090065
282.99 0.0357261116364
283.0 0.0351493565032
283.01 0.0344511712833
283.02 0.0336451332185
283.03 0.0327469685181
283.04 0.0317736114041
283.05 0.0307423128887
283.06 0.0296698682152
283.07 0.0285720051867
283.08 0.0274629492145
283.09 0.0263551591098
283.1 0.0252592125147
283.11 0.0241838116569
283.12 0.0231358777538
283.13 0.0221207042212
283.14 0.0211421431701
283.15 0.0202028050497
283.16 0.0193042567153
283.17 0.018447208032
283.18 0.0176316810918
283.19 0.0168571591434
283.2 0.016122714504
283.21 0.0154271161548
283.22 0.0147689185968
283.23 0.0141465339972
283.24 0.0135582898151
283.25 0.0130024740725
283.26 0.0124773702912
283.27 0.0119812839117
283.28 0.0115125617856
283.29 0.0110696061026
283.3 0.0106508838973
283.31 0.0102549330886
283.32 0.00988036583173
283.33 0.00952586981647
283.34 0.00919020802235
283.35 0.00887221733651
283.36 0.00857080635626
283.37 0.008284952628
283.38 0.00801369951816
283.39 0.00775615286671
283.4 0.00751147753731
283.41 0.00727889394988
283.42 0.00705767465842
283.43 0.00684714101952
283.44 0.00664665998297
283.45 0.00645564102536
283.46 0.00627353323942
283.47 0.00609982258565
283.48 0.00593402930824
283.49 0.00577570551374
283.5 0.00562443290867
283.51 0.00547982069055
283.52 0.00534150358539
283.53 0.00520914002453
283.54 0.00508241045268
283.55 0.00496101575944
283.56 0.00484467582633
283.57 0.00473312818145
283.58 0.00462612675457
283.59 0.00452344072518
283.6 0.00442485345699
283.61 0.00433016151231
283.62 0.00423917374034
283.63 0.00415171043374
283.64 0.00406760254831
283.65 0.0039866909808
283.66 0.00390882590043
283.67 0.00383386612991
283.68 0.0037616785721
283.69 0.00369213767871
283.7 0.0036251249579
283.71 0.00356052851753
283.72 0.00349824264149
283.73 0.00343816739643
283.74 0.00338020826654
283.75 0.0033242758143
283.76 0.00327028536505
283.77 0.00321815671372
283.78 0.00316781385193
283.79 0.00311918471395
283.8 0.00307220094006
283.81 0.00302679765606
283.82 0.00298291326768
283.83 0.00294048926881
283.84 0.00289947006248
283.85 0.00285980279376
283.86 0.00282143719355
283.87 0.00278432543264
283.88 0.00274842198518
283.89 0.00271368350094
283.9 0.00268006868573
283.91 0.00264753818936
283.92 0.00261605450072
283.93 0.00258558184936
283.94 0.00255608611315
283.95 0.00252753473169
283.96 0.00249989662497
283.97 0.00247314211696
283.98 0.00244724286387
283.99 0.00242217178659
284.0 0.00239790300724
284.01 0.00237441178947
284.02 0.00235167448216
284.03 0.00232966846651
284.04 0.00230837210614
284.05 0.00228776470008
284.06 0.00226782643838
284.07 0.00224853836036
284.08 0.00222988231513
284.09 0.00221184092432
284.1 0.00219439754693
284.11 0.00217753624614
284.12 0.00216124175788
284.13 0.00214549946123
284.14 0.00213029535032
284.15 0.00211561600786
284.16 0.00210144858002
284.17 0.00208778075277
284.18 0.00207460072934
284.19 0.00206189720904
284.2 0.00204965936709
284.21 0.00203787683562
284.22 0.00202653968558
284.23 0.00201563840968
284.24 0.00200516390623
284.25 0.00199510746376
284.26 0.00198546074657
284.27 0.0019762157809
284.28 0.00196736494199
284.29 0.00195890094165
284.3 0.00195081681666
284.31 0.00194310591768
284.32 0.00193576189873
284.33 0.00192877870736
284.34 0.00192215057523
284.35 0.00191587200923
284.36 0.00190993778315
284.37 0.00190434292972
284.38 0.00189908273315
284.39 0.00189415272208
284.4 0.00188954866295
284.41 0.00188526655372
284.42 0.001881302618
284.43 0.00187765329954
284.44 0.00187431525701
284.45 0.00187128535918
284.46 0.00186856068039
284.47 0.00186613849631
284.48 0.00186401628005
284.49 0.00186219169849
284.5 0.00186066260892
284.51 0.001859427056
284.52 0.00185848326892
284.53 0.00185782965882
284.54 0.0018574648165
284.55 0.00185738751037
284.56 0.00185759668461
284.57 0.00185809145759
284.58 0.00185887112052
284.59 0.00185993513635
284.6 0.00186128313885
284.61 0.00186291493196
284.62 0.00186483048935
284.63 0.00186702995421
284.64 0.00186951363922
284.65 0.00187228202682
284.66 0.00187533576963
284.67 0.00187867569113
284.68 0.00188230278656
284.69 0.00188621822406
284.7 0.00189042334599
284.71 0.00189491967054
284.72 0.00189970889358
284.73 0.00190479289065
284.74 0.00191017371937
284.75 0.0019158536219
284.76 0.00192183502782
284.77 0.00192812055718
284.78 0.00193471302387
284.79 0.00194161543922
284.8 0.00194883101591
284.81 0.00195636317222
284.82 0.00196421553647
284.83 0.00197239195193
284.84 0.00198089648189
284.85 0.00198973341523
284.86 0.0019989072722
284.87 0.00200842281071
284.88 0.00201828503285
284.89 0.00202849919196
284.9 0.0020390708
284.91 0.00205000563541
284.92 0.00206130975143
284.93 0.0020729894849
284.94 0.00208505146551
284.95 0.00209750262566
284.96 0.00211035021076
284.97 0.00212360179026
284.98 0.00213726526915
284.99 0.00215134890014
285.0 0.0021658612966
285.01 0.0021808114461
285.02 0.00219620872472
285.03 0.00221206291225
285.04 0.00222838420809
285.05 0.00224518324812
285.06 0.00226247112249
285.07 0.00228025939438
285.08 0.00229856011981
285.09 0.00231738586855
285.1 0.00233674974626
285.11 0.00235666541778
285.12 0.00237714713178
285.13 0.00239820974685
285.14 0.00241986875903
285.15 0.0024421403309
285.16 0.00246504132237
285.17 0.0024885893233
285.18 0.00251280268793
285.19 0.00253770057138
285.2 0.00256330296828
285.21 0.00258963075371
285.22 0.00261670572658
285.23 0.00264455065557
285.24 0.00267318932793
285.25 0.00270264660115
285.26 0.00273294845787
285.27 0.00276412206418
285.28 0.00279619583145
285.29 0.00282919948216
285.3 0.00286316411979
285.31 0.00289812230317
285.32 0.00293410812558
285.33 0.00297115729898
285.34 0.00300930724368
285.35 0.00304859718387
285.36 0.00308906824947
285.37 0.00313076358475
285.38 0.00317372846421
285.39 0.00321801041625
285.4 0.00326365935534
285.41 0.00331072772312
285.42 0.00335927063938
285.43 0.00340934606343
285.44 0.00346101496687
285.45 0.00351434151853
285.46 0.00356939328264
285.47 0.00362624143115
285.48 0.00368496097147
285.49 0.00374563099079
285.5 0.00380833491838
285.51 0.00387316080725
285.52 0.00394020163685
285.53 0.00400955563851
285.54 0.00408132664547
285.55 0.00415562446959
285.56 0.00423256530701
285.57 0.00431227217506
285.58 0.00439487538319
285.59 0.00448051304074
285.6 0.00456933160471
285.61 0.00466148647081
285.62 0.00475714261165
285.63 0.004856475266
285.64 0.00495967068337
285.65 0.00506692692883
285.66 0.00517845475294
285.67 0.00529447853245
285.68 0.00541523728765
285.69 0.00554098578269
285.7 0.00567199571586
285.71 0.0058085570069
285.72 0.0059509791894
285.73 0.00609959291624
285.74 0.00625475158687
285.75 0.00641683310539
285.76 0.00658624177864
285.77 0.00676341036384
285.78 0.00694880227505
285.79 0.00714291395777
285.8 0.00734627743993
285.81 0.00755946306718
285.82 0.00778308242797
285.83 0.00801779147242
285.84 0.00826429382482
285.85 0.00852334428584
285.86 0.00879575251366
285.87 0.00908238686558
285.88 0.00938417837055
285.89 0.00970212478916
285.9 0.0100372946996
285.91 0.0103908315243
285.92 0.010763957384
285.93 0.0111579766252
285.94 0.0115742788244
285.95 0.0120143410091
285.96 0.0124797287664
285.97 0.0129720958157
285.98 0.0134931815171
285.99 0.014044805648
286.0 0.0146288596271
286.01 0.0152472931714
286.02 0.0159020951597
286.03 0.0165952672246
286.04 0.0173287883303
286.05 0.018104568308
286.06 0.0189243880463
286.07 0.0197898237986
286.08 0.020702152924
286.09 0.0216622383932
286.1 0.0226703896705
286.11 0.0237261982543
286.12 0.0248283473913
286.13 0.0259743974556
286.14 0.0271605513979
286.15 0.0283814086798
286.16 0.0296297212614
286.17 0.0308961713797
286.18 0.0321691975741
286.19 0.0334349018256
286.2 0.0346770753651
286.21 0.0358773818339
286.22 0.0370157318898
286.23 0.0380708711568
286.24 0.0390211826159
286.25 0.0398456759675
286.26 0.0405251034197
286.27 0.0410431096182
286.28 0.0413873005462
286.29 0.0415501095092
286.3 0.0415293524583
286.31 0.041328399751
286.32 0.040955941289
286.33 0.0404253767025
286.34 0.0397539102842
286.35 0.0389614621541
286.36 0.0380695177989
286.37 0.0371000284221
286.38 0.0360744497085
286.39 0.0350129741741
286.4 0.0339339795934
286.41 0.0328536885124
286.42 0.0317860144437
286.43 0.0307425594519
286.44 0.0297327243144
286.45 0.0287638942723
286.46 0.027841668473
286.47 0.026970107738
286.48 0.0261519819745
286.49 0.0253890045703
286.5 0.0246820460893
286.51 0.0240313234089
286.52 0.0234365631908
286.53 0.0228971404228
286.54 0.0224121938935
286.55 0.0219807210577
286.56 0.0216016549773
286.57 0.0212739259967
286.58 0.0209965106401
286.59 0.020768469963
286.6 0.020588979296
286.61 0.0204573510194
286.62 0.0203730517172
286.63 0.0203357147845
286.64 0.0203451493129
286.65 0.020401345842
286.66 0.0205044793539
286.67 0.0206549096747
286.68 0.0208531792509
286.69 0.0211000080611
286.7 0.0213962852124
286.71 0.0217430565455
286.72 0.0221415073219
286.73 0.0225929388004
286.74 0.0230987372097
286.75 0.0236603333069
286.76 0.0242791503772
286.77 0.0249565382004
286.78 0.0256936902112
286.79 0.0264915408698
286.8 0.0273506401976
286.81 0.0282710026301
286.82 0.029251927934
286.83 0.0302917930884
286.84 0.0313878159656
286.85 0.0325357945626
286.86 0.0337298296443
286.87 0.0349620440597
286.88 0.0362223186214
286.89 0.0374980719093
286.9 0.0387741188654
286.91 0.0400326491934
286.92 0.0412533694427
286.93 0.0424138498642
286.94 0.0434901063764
286.95 0.044457427697
286.96 0.0452914280501
286.97 0.0459692695626
286.98 0.0464709612224
286.99 0.046780611123
287.0 0.0468874943131
287.01 0.0467868064859
287.02 0.0464800058084
287.03 0.045974696992
287.04 0.0452840731839
287.05 0.0444259894143
287.06 0.0434217842235
287.07 0.0422949862253
287.08 0.04107003854
287.09 0.0397711507343
287.1 0.0384213531104
287.11 0.037041790532
287.12 0.0356512594796
287.13 0.0342659668948
287.14 0.0328994739728
287.15 0.0315627815508
287.16 0.0302645140848
287.17 0.0290111639867
287.18 0.0278073651307
287.19 0.02665617196
287.2 0.0255593277455
287.21 0.0245175115917
287.22 0.0235305585308
287.23 0.0225976505413
287.24 0.0217174787277
287.25 0.0208883784157
287.26 0.0201084397702
287.27 0.0193755969255
287.28 0.0186876986725
287.29 0.0180425636115
287.3 0.0174380224224
287.31 0.0168719496006
287.32 0.0163422866846
287.33 0.0158470586961
287.34 0.0153843852281
287.35 0.014952487366
287.36 0.0145496914091
287.37 0.0141744301748
287.38 0.0138252425119
287.39 0.0135007715224
287.4 0.0131997618837
287.41 0.0129210565814
287.42 0.0126635932898
287.43 0.0124264005853
287.44 0.0122085941326
287.45 0.0120093729499
287.46 0.0118280158303
287.47 0.0116638779786
287.48 0.0115163879031
287.49 0.0113850445902
287.5 0.0112694149821
287.51 0.0111691317663
287.52 0.0110838914834
287.53 0.0110134529535
287.54 0.0109576360163
287.55 0.0109163205809
287.56 0.010889445972
287.57 0.0108770105611
287.58 0.0108790716642
287.59 0.0108957456822
287.6 0.0109272084565
287.61 0.0109736958006
287.62 0.0110355041606
287.63 0.0111129913425
287.64 0.0112065772281
287.65 0.0113167443777
287.66 0.0114440383914
287.67 0.0115890678658
287.68 0.0117525037405
287.69 0.0119350777731
287.7 0.0121375798208
287.71 0.0123608535242
287.72 0.0126057898995
287.73 0.012873318233
287.74 0.0131643935471
287.75 0.0134799797668
287.76 0.0138210275607
287.77 0.0141884456775
287.78 0.0145830644475
287.79 0.0150055900049
287.8 0.0154565477296
287.81 0.0159362134579
287.82 0.016444531233
287.83 0.0169810168328
287.84 0.0175446471224
287.85 0.0181337365435
287.86 0.0187458038638
287.87 0.0193774347538
287.88 0.0200241488187
287.89 0.0206802832813
287.9 0.021338909246
287.91 0.0219917998035
287.92 0.0226294712964
287.93 0.0232413187418
287.94 0.0238158625337
287.95 0.0243411151809
287.96 0.0248050637262
287.97 0.0251962465179
287.98 0.0255043844951
287.99 0.025721010726
288.0 0.0258400318891
288.01 0.0258581554267
288.02 0.0257751280129
288.03 0.0255937536436
288.04 0.0253196889281
288.05 0.0249610429622
288.06 0.0245278332139
288.07 0.0240313626314
288.08 0.0234835850412
288.09 0.0228965172236
288.1 0.0222817403269
288.11 0.0216500148032
288.12 0.0210110156145
288.13 0.0203731806291
288.14 0.0197436560131
288.15 0.0191283179099
288.16 0.0185318489343
288.17 0.0179578498162
288.18 0.0174089697556
288.19 0.0168870428005
288.2 0.0163932211808
288.21 0.0159280996792
288.22 0.0154918276402
288.23 0.0150842070981
288.24 0.0147047768221
288.25 0.0143528829282
288.26 0.0140277372078
288.27 0.0137284645678
288.28 0.0134541410492
288.29 0.0132038238504
288.3 0.0129765746782
288.31 0.0127714776102
288.32 0.012587652502
288.33 0.0124242648253
288.34 0.0122805326817
288.35 0.0121557316143
288.36 0.0120491977289
288.37 0.0119603295398
288.38 0.0118885888797
288.39 0.0118335011445
288.4 0.0117946550876
288.41 0.0117717023375
288.42 0.0117643567735
288.43 0.0117723938653
288.44 0.0117956500598
288.45 0.0118340222808
288.46 0.0118874675906
288.47 0.0119560030523
288.48 0.0120397058219
288.49 0.0121387134928
288.5 0.0122532247071
288.51 0.0123835000459
288.52 0.0125298632012
288.53 0.0126927024335
288.54 0.0128724723065
288.55 0.0130696956904
288.56 0.0132849660141
288.57 0.0135189497378
288.58 0.0137723890065
288.59 0.0140461044292
288.6 0.0143409979085
288.61 0.0146580554209
288.62 0.0149983496189
288.63 0.015363042083
288.64 0.0157533850054
288.65 0.0161707220259
288.66 0.0166164878631
288.67 0.0170922062951
288.68 0.0175994859285
288.69 0.0181400130653
288.7 0.0187155408163
288.71 0.0193278734292
288.72 0.0199788445945
288.73 0.0206702882639
288.74 0.0214040002835
288.75 0.0221816889122
288.76 0.023004912104
288.77 0.0238749993108
288.78 0.0247929555853
288.79 0.0257593460044
288.8 0.0267741590072
288.81 0.0278366482949
288.82 0.0289451546097
288.83 0.0300969111817
288.84 0.0312878400153
288.85 0.0325123505281
288.86 0.0337631572434
288.87 0.035031138864
288.88 0.0363052663976
288.89 0.0375726318641
288.9 0.0388186099405
288.91 0.0400271808887
288.92 0.0411814326893
288.93 0.0422642426843
288.94 0.0432591149471
288.95 0.0441511218665
288.96 0.0449278719861
288.97 0.0455804072939
288.98 0.0461039280138
288.99 0.0464982553077
289.0 0.046767971911
289.01 0.0469222226692
289.02 0.0469742026868
289.03 0.0469404006485
289.04 0.0468396909135
289.05 0.0466923762943
289.06 0.0465192747479
289.07 0.0463409220193
289.08 0.0461769348965
289.09 0.0460455522724
289.1 0.0459633481723
289.11 0.0459450945988
289.12 0.0460037428311
289.13 0.0461504886443
289.14 0.046394888132
289.15 0.0467449946397
289.16 0.0472074922826
289.17 0.0477878065611
289.18 0.0484901770919
289.19 0.0493176811835
289.2 0.050272199935
289.21 0.0513543209379
289.22 0.0525631738588
289.23 0.0538961976067
289.24 0.0553488409156
289.25 0.0569142025093
289.26 0.0585826230131
289.27 0.0603412487982
289.28 0.0621735980699
289.29 0.0640591714222
289.3 0.0659731617542
289.31 0.0678863300327
289.32 0.0697651209954
289.33 0.0715720928125
289.34 0.0732667228607
289.35 0.0748066247221
289.36 0.0761491680417
289.37 0.0772534354676
289.38 0.0780823869617
289.39 0.0786050433772
289.4 0.078798463041
289.41 0.07864928048
289.42 0.0781546125799
289.43 0.07732221177
289.44 0.0761698451488
289.45 0.0747239822862
289.46 0.0730179608572
289.47 0.0710898516195
289.48 0.0689802556043
289.49 0.0667302403297
289.5 0.0643795698111
289.51 0.061965319822
289.52 0.0595209087453
289.53 0.0570755248446
289.54 0.0546538972608
289.55 0.0522763405712
289.56 0.0499589986065
289.57 0.0477142184298
289.58 0.045550995996
289.59 0.0434754477587
289.6 0.0414912751095
289.61 0.0396001996688
289.62 0.0378023564893
289.63 0.0360966390865
289.64 0.0344809950675
289.65 0.0329526743263
289.66 0.0315084336887
289.67 0.0301447028517
289.68 0.028857716784
289.69 0.0276436196439
289.7 0.0264985449143
289.71 0.0254186759665
289.72 0.0244002907238
289.73 0.0234397935655
289.74 0.0225337371078
289.75 0.0216788360489
289.76 0.0208719748703
289.77 0.0201102108485
289.78 0.0193907735454
289.79 0.0187110617086
289.8 0.0180686383178
289.81 0.0174612243539
289.82 0.0168866917366
289.83 0.0163430557775
289.84 0.0158284674061
289.85 0.0153412053672
289.86 0.0148796685321
289.87 0.0144423684268
289.88 0.0140279220494
289.89 0.0136350450228
289.9 0.0132625451124
289.91 0.0129093161212
289.92 0.0125743321663
289.93 0.0122566423314
289.94 0.0119553656821
289.95 0.0116696866306
289.96 0.0113988506261
289.97 0.0111421601504
289.98 0.0108989709909
289.99 0.010668688764
290.0 0.0104507656557
290.01 0.0102446973469
290.02 0.0100500200852
290.03 0.0098663078603
290.04 0.00969316963773
290.05 0.00953024659734
290.06 0.00937720931852
290.07 0.00923375484605
290.08 0.00909960356429
290.09 0.00897449580053
290.1 0.00885818807407
290.11 0.00875044890674
290.12 0.00865105411503
290.13 0.00855978151905
290.14 0.00847640503076
290.15 0.00840068813072
290.16 0.00833237681291
290.17 0.00827119217671
290.18 0.00821682297669
290.19 0.00816891860332
290.2 0.00812708315304
290.21 0.00809087143462
290.22 0.00805978791818
290.23 0.00803328971705
290.24 0.00801079464177
290.25 0.00799169512261
290.26 0.00797537831936
290.27 0.0079612520226
290.28 0.00794877506004
290.29 0.00793748998779
290.3 0.00792705506565
290.31 0.00791727210424
290.32 0.00790810690276
290.33 0.00789969973067
290.34 0.00789236455228
290.35 0.00788657721179
290.36 0.00788295426886
290.37 0.00788222529403
290.38 0.00788520199978
290.39 0.00789274754659
290.4 0.00790574882434
290.41 0.00792509365823
290.42 0.00795165394215
290.43 0.00798627484198
290.44 0.00802976954856
290.45 0.00808291863612
290.46 0.00814647287994
290.47 0.00822115835784
290.48 0.00830768274216
290.49 0.0084067418265
290.5 0.00851902548
290.51 0.00864522235117
290.52 0.00878602273745
290.53 0.00894211908737
290.54 0.00911420361047
290.55 0.00930296243965
290.56 0.0095090657281
290.57 0.00973315297849
290.58 0.00997581280707
290.59 0.0102375562563
290.6 0.0105187827076
290.61 0.0108197374404
290.62 0.0111404599738
290.63 0.0114807225635
290.64 0.011839958671
290.65 0.0122171819445
290.66 0.0126108973329
290.67 0.0130190074402
290.68 0.0134387191635
290.69 0.0138664579786
290.7 0.0142977997901
290.71 0.0147274327293
290.72 0.0151491631321
290.73 0.0155559804806
290.74 0.015940194519
290.75 0.0162936533257
290.76 0.0166080434208
290.77 0.0168752622778
290.78 0.0170878410558
290.79 0.0172393831443
290.8 0.0173249750544
290.81 0.0173415231248
290.82 0.0172879743197
290.83 0.0171653921746
290.84 0.0169768776565
290.85 0.0167273455815
290.86 0.0164231858589
290.87 0.0160718514613
290.88 0.0156814196648
290.89 0.0152601698964
290.9 0.0148162123724
290.91 0.0143571894567
290.92 0.0138900591361
290.93 0.0134209593475
290.94 0.0129551442601
290.95 0.0124969792501
290.96 0.0120499797821
290.97 0.0116168799996
290.98 0.0111997186992
290.99 0.0107999328337
291.0 0.0104184512465
291.01 0.0100557836596
291.02 0.00971210186232
291.03 0.00938731154117
291.04 0.0090811142619
291.05 0.00879305984475
291.06 0.008522589818
291.07 0.00826907287712
291.08 0.00803183337164
291.09 0.00781017384105
291.1 0.00760339256156
291.11 0.00741079697361
291.12 0.00723171375463
291.13 0.00706549619393
291.14 0.00691152942472
291.15 0.00676923397503
291.16 0.00663806801769
291.17 0.00651752862847
291.18 0.00640715230156
291.19 0.00630651492166
291.2 0.00621523134978
291.21 0.00613295474605
291.22 0.00605937572447
291.23 0.00599422141172
291.24 0.00593725446301
291.25 0.00588827207253
291.26 0.00584710500264
291.27 0.00581361664462
291.28 0.00578770211343
291.29 0.00576928736934
291.3 0.0057583283497
291.31 0.00575481008424
291.32 0.00575874575664
291.33 0.00577017566304
291.34 0.00578916600499
291.35 0.00581580743855
291.36 0.00585021328422
291.37 0.0058925172825
291.38 0.00594287075891
291.39 0.00600143903955
291.4 0.00606839693696
291.41 0.00614392310635
291.42 0.00622819306022
291.43 0.00632137062871
291.44 0.00642359767185
291.45 0.00653498189883
291.46 0.00665558273901
291.47 0.00678539535576
291.48 0.00692433311004
291.49 0.00707220907741
291.5 0.00722871760391
291.51 0.00739341734017
291.52 0.0075657176842
291.53 0.00774487102246
291.54 0.00792997347876
291.55 0.00811997691851
291.56 0.00831371454945
291.57 0.00850994146689
291.58 0.00870738984211
291.59 0.00890483621885
291.6 0.00910117582403
291.61 0.00929549637143
291.62 0.0094871421228
291.63 0.00967575853465
291.64 0.0098613090214
291.65 0.0100440582032
291.66 0.0102245200587
291.67 0.0104033739252
291.68 0.0105813554343
291.69 0.0107591325477
291.7 0.0109371785095
291.71 0.0111156537956
291.72 0.0112943083266
291.73 0.011472413705
291.74 0.0116487333576
291.75 0.0118215362502
291.76 0.0119886571925
291.77 0.0121476033861
291.78 0.0122957026577
291.79 0.012430283875
291.8 0.012548874923
291.81 0.0126493992882
291.82 0.012730349953
291.83 0.0127909199855
291.84 0.0128310734235
291.85 0.0128515474324
291.86 0.0128537860126
291.87 0.0128398149326
291.88 0.0128120751804
291.89 0.012773236701
291.9 0.0127260149799
291.91 0.0126730104622
291.92 0.0126165857988
291.93 0.0125587896278
291.94 0.0125013290863
291.95 0.0124455872874
291.96 0.0123926770967
291.97 0.0123435190264
291.98 0.0122989291535
291.99 0.0122597028187
292.0 0.0122266814755
292.01 0.0122007932266
292.02 0.0121830618088
292.03 0.0121745833384
292.04 0.0121764742356
292.05 0.0121897967558
292.06 0.0122154701515
292.07 0.0122541757395
292.08 0.0123062634094
292.09 0.0123716659411
292.1 0.012449826386
292.11 0.0125396430847
292.12 0.0126394367366
292.13 0.0127469441679
292.14 0.0128593437133
292.15 0.0129733169384
292.16 0.0130851502729
292.17 0.0131908776013
292.18 0.0132864608257
292.19 0.0133680001656
292.2 0.0134319602371
292.21 0.013475392937
292.22 0.0134961351937
292.23 0.0134929598634
292.24 0.0134656619763
292.25 0.0134150697896
292.26 0.0133429794138
292.27 0.0132520212954
292.28 0.0131454746813
292.29 0.0130270509478
292.3 0.0129006678059
292.31 0.0127702342172
292.32 0.0126394613578
292.33 0.0125117094157
292.34 0.0123898745693
292.35 0.0122763159943
292.36 0.0121728195695
292.37 0.0120805931027
292.38 0.012000287099
292.39 0.0119320349846
292.4 0.0118755069114
292.41 0.0118299715686
292.42 0.0117943607237
292.43 0.0117673315623
292.44 0.0117473224624
292.45 0.0117325988285
292.46 0.0117212871756
292.47 0.0117113978195
292.48 0.0117008391044
292.49 0.0116874286813
292.5 0.0116689093411
292.51 0.011642977655
292.52 0.0116073326605
292.53 0.0115597488399
292.54 0.0114981729396
292.55 0.0114208385619
292.56 0.0113263871137
292.57 0.0112139799628
292.58 0.0110833856481
292.59 0.0109350282344
292.6 0.0107699880902
292.61 0.0105899534024
292.62 0.0103971280223
292.63 0.0101941071677
292.64 0.00998373593288
292.65 0.00976896609062
292.66 0.00955272465137
292.67 0.00933780393649
292.68 0.00912677857311
292.69 0.00892195073373
292.7 0.0087253217313
292.71 0.00853858598945
292.72 0.00836314240423
292.73 0.00820011798315
292.74 0.00805039911033
292.75 0.00791466657281
292.76 0.00779343137773
292.77 0.00768706924852
292.78 0.00759585242648
292.79 0.00751997798907
292.8 0.00745959232544
292.81 0.00741481169973
292.82 0.00738573900762
292.83 0.00737247691703
292.84 0.00737513760287
292.85 0.0073938492573
292.86 0.00742875949572
292.87 0.00748003569709
292.88 0.00754786222186
292.89 0.00763243435072
292.9 0.00773394868731
292.91 0.00785258967629
292.92 0.0079885118127
292.93 0.0081418170711
292.94 0.00831252707896
292.95 0.008500549617
292.96 0.00870563917268
292.97 0.00892735152855
292.98 0.00916499276136
292.99 0.00941756358474
293.0 0.00968370070442
293.01 0.00996161776991
293.02 0.0102490495783
293.03 0.0105432043551
293.04 0.0108407301063
293.05 0.0111377020376
293.06 0.0114296386628
293.07 0.0117115541575
293.08 0.0119780534335
293.09 0.0122234739546
293.1 0.0124420742704
293.11 0.0126282636523
293.12 0.0127768605696
293.13 0.0128833610769
293.14 0.0129441929576
293.15 0.0129569292869
293.16 0.0129204371185
293.17 0.0128349435109
293.18 0.0127020111493
293.19 0.0125244273773
293.2 0.0123060210628
293.21 0.0120514292532
293.22 0.0117658388364
293.23 0.0114547274522
293.24 0.0111236236979
293.25 0.010777900746
293.26 0.0104226112782
293.27 0.0100623661864
293.28 0.00970125532778
293.29 0.00934280584533
293.3 0.00898997202289
293.31 0.00864515007809
293.32 0.00831021142649
293.33 0.00798654854955
293.34 0.00767512846697
293.35 0.00737654979361
293.36 0.00709110032561
293.37 0.00681881295527
293.38 0.00655951840169
293.39 0.00631289374118
293.4 0.00607850604439
293.41 0.00585585061996
293.42 0.00564438349227
293.43 0.0054435478678
293.44 0.00525279451999
293.45 0.00507159626179
293.46 0.00489945695964
293.47 0.00473591582374
293.48 0.00458054793109
293.49 0.0044329620524
293.5 0.00429279684361
293.51 0.0041597163377
293.52 0.00403340546889
293.53 0.00391356612452
293.54 0.00379991399236
293.55 0.00369217628365
293.56 0.0035900902775
293.57 0.00349340255347
293.58 0.00340186874505
293.59 0.00331525364688
293.6 0.00323333152904
293.61 0.00315588654115
293.62 0.00308271312187
293.63 0.00301361635775
293.64 0.00294841226018
293.65 0.00288692794701
293.66 0.00282900172863
293.67 0.00277448310633
293.68 0.00272323269555
293.69 0.00267512208866
293.7 0.00263003367213
293.71 0.00258786041214
293.72 0.00254850562084
293.73 0.00251188271384
293.74 0.00247791496721
293.75 0.00244653528021
293.76 0.00241768594792
293.77 0.00239131844608
293.78 0.00236739322797
293.79 0.00234587953175
293.8 0.00232675519402
293.81 0.00231000646317
293.82 0.00229562780361
293.83 0.00228362167868
293.84 0.00227399829672
293.85 0.00226677530051
293.86 0.00226197737574
293.87 0.00225963574803
293.88 0.00225978753235
293.89 0.0022624748908
293.9 0.00226774394744
293.91 0.00227564340052
293.92 0.0022862227649
293.93 0.0022995301713
293.94 0.00231560964515
293.95 0.00233449779009
293.96 0.00235621981023
293.97 0.00238078482731
293.98 0.00240818048647
293.99 0.00243836690426
294.0 0.00247127009804
294.01 0.00250677515201
294.02 0.00254471951949
294.03 0.00258488702908
294.04 0.00262700333597
294.05 0.00267073371106
294.06 0.00271568414678
294.07 0.00276140672597
294.08 0.00280740999235
294.09 0.00285317463478
294.1 0.00289817414437
294.11 0.00294189927134
294.12 0.00298388421737
294.13 0.00302373173143
294.14 0.00306113384652
294.15 0.00309588508408
294.16 0.00312788564998
294.17 0.00315713339379
294.18 0.00318370489814
294.19 0.00320772770559
294.2 0.00322934706315
294.21 0.00324869142899
294.22 0.00326584122681
294.23 0.00328080496329
294.24 0.00329350594544
294.25 0.00330378158464
294.26 0.00331139579256
294.27 0.00331606339184
294.28 0.00331748392293
294.29 0.00331538090221
294.3 0.00330954168123
294.31 0.00329985277668
294.32 0.00328632602107
294.33 0.00326911211845
294.34 0.00324849999595
294.35 0.00322490238031
294.36 0.00319882989096
294.37 0.00317085726675
294.38 0.0031415859211
294.39 0.00311160683695
294.4 0.00308146703022
294.41 0.00305164169941
294.42 0.0030225130262
294.43 0.00299435563636
294.44 0.00296732811009
294.45 0.0029414696871
294.46 0.00291670138742
294.47 0.0028928310528
294.48 0.00286956216009
294.49 0.00284650653348
294.5 0.00282320118337
294.51 0.00279912937714
294.52 0.00277374570661
294.53 0.00274650441522
294.54 0.00271688967333
294.55 0.00268444595044
294.56 0.0026488062372
294.57 0.00260971571616
294.58 0.00256704864267
294.59 0.00252081670543
294.6 0.00247116795751
294.61 0.00241837643557
294.62 0.0023628236462
294.63 0.00230497399696
294.64 0.00224534681611
294.65 0.00218448774735
294.66 0.00212294203498
294.67 0.0020612316299
294.68 0.0019998373014
294.69 0.00193918618899
294.7 0.00187964459408
294.71 0.00182151536094
294.72 0.00176503894407
294.73 0.0017103971811
294.74 0.00165771884072
294.75 0.0016070861457
294.76 0.00155854163625
294.77 0.00151209490922
294.78 0.00146772892138
294.79 0.00142540567198
294.8 0.00138507117691
294.81 0.0013466597169
294.82 0.00131009738848
294.83 0.00127530501478
294.84 0.00124220048742
294.85 0.0012107006158
294.86 0.00118072255861
294.87 0.00115218490713
294.88 0.00112500848286
294.89 0.001099116904
294.9 0.00107443696733
294.91 0.00105089888462
294.92 0.00102843640611
294.93 0.00100698685736
294.94 0.000986491111246
294.95 0.000966893511931
294.96 0.000948141764831
294.97 0.000930186803036
294.98 0.000912982638685
294.99 0.00089648620566
295.0 0.00088065719852
295.01 0.000865457911311
295.02 0.000850853078955
295.03 0.000836809723149
295.04 0.000823297004089
295.05 0.000810286078919
295.06 0.000797749967411
295.07 0.000785663425148
295.08 0.000774002824254
295.09 0.000762746041605
295.1 0.000751872354305
295.11 0.00074136234219
295.12 0.000731197797021
295.13 0.000721361638048
295.14 0.00071183783356
295.15 0.000702611328087
295.16 0.000693667974871
295.17 0.000684994473264
295.18 0.000676578310718
295.19 0.000668407709033
295.2 0.000660471574555
295.21 0.000652759452052
295.22 0.000645261481964
295.23 0.000637968360808
295.24 0.000630871304467
295.25 0.000623962014165
295.26 0.000617232644918
295.27 0.000610675776261
295.28 0.000604284385092
295.29 0.000598051820454
295.3 0.000591971780121
295.31 0.000586038288843
295.32 0.000580245678114
295.33 0.000574588567372
295.34 0.000569061846485
295.35 0.000563660659466
295.36 0.000558380389296
295.37 0.000553216643772
295.38 0.000548165242329
295.39 0.000543222203734
295.4 0.000538383734598
295.41 0.000533646218659
295.42 0.000529006206753
295.43 0.00052446040745
295.44 0.000520005678289
295.45 0.000515639017574
295.46 0.000511357556692
295.47 0.000507158552922
295.48 0.000503039382681
295.49 0.000498997535201
295.5 0.000495030606592
295.51 0.000491136294262
295.52 0.000487312391685
295.53 0.000483556783477
295.54 0.000479867440765
295.55 0.000476242416837
295.56 0.000472679843036
295.57 0.000469177924907
295.58 0.000465734938554
295.59 0.000462349227212
295.6 0.000459019198016
295.61 0.000455743318946
295.62 0.000452520115947
295.63 0.000449348170208
295.64 0.000446226115591
295.65 0.000443152636204
295.66 0.000440126464095
295.67 0.000437146377082
295.68 0.000434211196694
295.69 0.000431319786221
295.7 0.000428471048863
295.71 0.000425663925984
295.72 0.000422897395449
295.73 0.000420170470049
295.74 0.000417482196008
295.75 0.00041483165156
295.76 0.000412217945605
295.77 0.000409640216428
295.78 0.000407097630479
295.79 0.000404589381217
295.8 0.000402114688008
295.81 0.000399672795078
295.82 0.000397262970518
295.83 0.000394884505326
295.84 0.00039253671251
295.85 0.000390218926222
295.86 0.000387930500935
295.87 0.000385670810659
295.88 0.000383439248194
295.89 0.000381235224416
295.9 0.000379058167592
295.91 0.000376907522733
295.92 0.000374782750969
295.93 0.000372683328956
295.94 0.000370608748309
295.95 0.000368558515055
295.96 0.000366532149115
295.97 0.000364529183809
295.98 0.000362549165376
295.99 0.000360591652521
296.0 0.000358656215976
296.01 0.000356742438087
296.02 0.000354849912404
296.03 0.000352978243307
296.04 0.000351127045631
296.05 0.000349295944313
296.06 0.000347484574057
296.07 0.000345692579006
296.08 0.000343919612429
296.09 0.000342165336422
296.1 0.00034042942162
296.11 0.000338711546921
296.12 0.000337011399219
296.13 0.00033532867315
296.14 0.000333663070842
296.15 0.000332014301686
296.16 0.000330382082102
296.17 0.000328766135321
296.18 0.00032716619118
296.19 0.000325581985912
296.2 0.000324013261956
296.21 0.000322459767767
296.22 0.000320921257635
296.23 0.00031939749151
296.24 0.000317888234837
296.25 0.000316393258388
296.26 0.000314912338112
296.27 0.000313445254978
296.28 0.000311991794836
296.29 0.000310551748271
296.3 0.000309124910473
296.31 0.000307711081099
296.32 0.000306310064155
296.33 0.000304921667866
296.34 0.000303545704567
296.35 0.000302181990581
296.36 0.000300830346114
296.37 0.000299490595145
296.38 0.000298162565329
296.39 0.000296846087892
296.4 0.000295540997538
296.41 0.000294247132355
296.42 0.000292964333725
296.43 0.000291692446237
296.44 0.000290431317604
296.45 0.000289180798581
296.46 0.000287940742884
296.47 0.000286711007117
296.48 0.000285491450696
296.49 0.000284281935777
296.5 0.000283082327187
296.51 0.000281892492358
296.52 0.000280712301261
296.53 0.000279541626339
296.54 0.000278380342453
296.55 0.000277228326816
296.56 0.00027608545894
296.57 0.000274951620576
296.58 0.000273826695662
296.59 0.000272710570271
296.6 0.000271603132559
296.61 0.000270504272713
296.62 0.000269413882907
296.63 0.000268331857254
296.64 0.000267258091758
296.65 0.000266192484272
296.66 0.000265134934455
296.67 0.000264085343733
296.68 0.000263043615251
296.69 0.000262009653841
296.7 0.000260983365982
296.71 0.00025996465976
296.72 0.000258953444835
296.73 0.000257949632405
296.74 0.000256953135171
296.75 0.000255963867304
296.76 0.000254981744414
296.77 0.000254006683517
296.78 0.000253038603005
296.79 0.000252077422616
296.8 0.000251123063404
296.81 0.000250175447714
296.82 0.000249234499151
296.83 0.000248300142554
296.84 0.000247372303971
296.85 0.000246450910635
296.86 0.000245535890934
296.87 0.000244627174392
296.88 0.000243724691645
296.89 0.000242828374413
296.9 0.000241938155486
296.91 0.000241053968695
296.92 0.000240175748894
296.93 0.000239303431939
296.94 0.000238436954668
296.95 0.000237576254882
296.96 0.000236721271324
296.97 0.00023587194366
296.98 0.000235028212463
296.99 0.000234190019196
297.0 0.00023335730619
297.01 0.000232530016631
297.02 0.000231708094543
297.03 0.00023089148477
297.04 0.000230080132962
297.05 0.000229273985559
297.06 0.000228472989775
297.07 0.000227677093587
297.08 0.000226886245715
297.09 0.000226100395613
297.1 0.000225319493451
297.11 0.000224543490107
297.12 0.000223772337148
297.13 0.000223005986823
297.14 0.000222244392045
297.15 0.000221487506382
297.16 0.000220735284047
297.17 0.00021998767988
297.18 0.000219244649345
297.19 0.00021850614851
297.2 0.000217772134044
297.21 0.000217042563202
297.22 0.000216317393813
297.23 0.000215596584277
297.24 0.000214880093546
297.25 0.000214167881122
297.26 0.000213459907041
297.27 0.000212756131869
297.28 0.000212056516691
297.29 0.0002113610231
297.3 0.000210669613191
297.31 0.000209982249552
297.32 0.000209298895253
297.33 0.000208619513842
297.34 0.000207944069335
297.35 0.000207272526206
297.36 0.000206604849383
297.37 0.000205941004238
297.38 0.000205280956581
297.39 0.000204624672652
297.4 0.000203972119113
297.41 0.000203323263045
297.42 0.000202678071934
297.43 0.000202036513673
297.44 0.000201398556549
297.45 0.000200764169239
297.46 0.000200133320804
297.47 0.000199505980682
297.48 0.000198882118682
297.49 0.000198261704979
297.5 0.000197644710108
297.51 0.000197031104957
297.52 0.000196420860764
297.53 0.000195813949109
297.54 0.000195210341908
297.55 0.000194610011413
297.56 0.000194012930201
297.57 0.000193419071172
297.58 0.000192828407541
297.59 0.000192240912839
297.6 0.000191656560903
297.61 0.000191075325873
297.62 0.000190497182186
297.63 0.000189922104576
297.64 0.000189350068064
297.65 0.000188781047956
297.66 0.000188215019842
297.67 0.000187651959584
297.68 0.000187091843322
297.69 0.00018653464746
297.7 0.000185980348669
297.71 0.00018542892388
297.72 0.000184880350281
297.73 0.000184334605315
297.74 0.000183791666672
297.75 0.000183251512289
297.76 0.000182714120346
297.77 0.000182179469262
297.78 0.00018164753769
297.79 0.000181118304516
297.8 0.000180591748857
297.81 0.000180067850052
297.82 0.000179546587665
297.83 0.000179027941478
297.84 0.000178511891491
297.85 0.000177998417916
297.86 0.000177487501175
297.87 0.000176979121898
297.88 0.00017647326092
297.89 0.000175969899277
297.9 0.000175469018203
297.91 0.00017497059913
297.92 0.000174474623684
297.93 0.000173981073679
297.94 0.00017348993112
297.95 0.000173001178197
297.96 0.000172514797282
297.97 0.000172030770931
297.98 0.000171549081876
297.99 0.000171069713024
298.0 0.000170592647459
298.01 0.000170117868433
298.02 0.000169645359371
298.03 0.000169175103861
298.04 0.000168707085658
298.05 0.000168241288678
298.06 0.000167777697001
298.07 0.00016731629486
298.08 0.00016685706665
298.09 0.000166399996915
298.1 0.000165945070356
298.11 0.000165492271821
298.12 0.000165041586308
298.13 0.000164592998962
298.14 0.000164146495071
298.15 0.000163702060067
298.16 0.000163259679524
298.17 0.000162819339153
298.18 0.000162381024804
298.19 0.000161944722463
298.2 0.00016151041825
298.21 0.000161078098416
298.22 0.000160647749345
298.23 0.00016021935755
298.24 0.000159792909669
298.25 0.000159368392468
298.26 0.000158945792839
298.27 0.000158525097795
298.28 0.000158106294469
298.29 0.000157689370118
298.3 0.000157274312114
298.31 0.000156861107947
298.32 0.000156449745225
298.33 0.000156040211668
298.34 0.000155632495109
298.35 0.000155226583493
298.36 0.000154822464875
298.37 0.000154420127421
298.38 0.000154019559401
298.39 0.000153620749194
298.4 0.000153223685284
298.41 0.000152828356259
298.42 0.000152434750808
298.43 0.000152042857723
298.44 0.000151652665897
298.45 0.00015126416432
298.46 0.000150877342081
298.47 0.000150492188367
298.48 0.00015010869246
298.49 0.000149726843736
298.5 0.000149346631665
298.51 0.00014896804581
298.52 0.000148591075825
298.53 0.000148215711454
298.54 0.000147841942532
298.55 0.000147469758981
298.56 0.00014709915081
298.57 0.000146730108116
298.58 0.00014636262108
298.59 0.000145996679969
298.6 0.000145632275131
298.61 0.000145269397001
298.62 0.00014490803609
298.63 0.000144548182995
298.64 0.00014418982839
298.65 0.000143832963029
298.66 0.000143477577744
298.67 0.000143123663444
298.68 0.000142771211115
298.69 0.000142420211819
298.7 0.000142070656691
298.71 0.000141722536942
298.72 0.000141375843856
298.73 0.000141030568788
298.74 0.000140686703166
298.75 0.000140344238488
298.76 0.000140003166324
298.77 0.000139663478311
298.78 0.000139325166155
298.79 0.000138988221632
298.8 0.000138652636583
298.81 0.000138318402916
298.82 0.000137985512605
298.83 0.00013765395769
298.84 0.000137323730274
298.85 0.000136994822525
298.86 0.000136667226672
298.87 0.000136340935008
298.88 0.000136015939889
298.89 0.000135692233729
298.9 0.000135369809006
298.91 0.000135048658255
298.92 0.000134728774072
298.93 0.000134410149111
298.94 0.000134092776083
298.95 0.000133776647759
298.96 0.000133461756965
298.97 0.000133148096584
298.98 0.000132835659555
298.99 0.000132524438871
299.0 0.00013221442758
299.01 0.000131905618786
299.02 0.000131598005644
299.03 0.000131291581363
299.04 0.000130986339204
299.05 0.000130682272482
299.06 0.000130379374561
299.07 0.000130077638857
299.08 0.000129777058835
299.09 0.000129477628013
299.1 0.000129179339956
299.11 0.000128882188278
299.12 0.000128586166642
299.13 0.000128291268759
299.14 0.000127997488389
299.15 0.000127704819336
299.16 0.000127413255452
299.17 0.000127122790637
299.18 0.000126833418834
299.19 0.000126545134033
299.2 0.000126257930267
299.21 0.000125971801616
299.22 0.000125686742202
299.23 0.000125402746191
299.24 0.000125119807792
299.25 0.000124837921259
299.26 0.000124557080884
299.27 0.000124277281005
299.28 0.000123998515999
299.29 0.000123720780285
299.3 0.000123444068324
299.31 0.000123168374615
299.32 0.000122893693698
299.33 0.000122620020153
299.34 0.0001223473486
299.35 0.000122075673696
299.36 0.000121804990138
299.37 0.00012153529266
299.38 0.000121266576036
299.39 0.000120998835074
299.4 0.000120732064622
299.41 0.000120466259564
299.42 0.00012020141482
299.43 0.000119937525347
299.44 0.000119674586137
299.45 0.000119412592217
299.46 0.000119151538651
299.47 0.000118891420536
299.48 0.000118632233005
299.49 0.000118373971223
299.5 0.000118116630391
299.51 0.000117860205744
299.52 0.000117604692547
299.53 0.000117350086102
299.54 0.00011709638174
299.55 0.000116843574828
299.56 0.000116591660763
299.57 0.000116340634974
299.58 0.000116090492921
299.59 0.000115841230097
299.6 0.000115592842024
299.61 0.000115345324257
299.62 0.000115098672379
299.63 0.000114852882005
299.64 0.000114607948779
299.65 0.000114363868375
299.66 0.000114120636496
299.67 0.000113878248875
299.68 0.000113636701274
299.69 0.000113395989481
299.7 0.000113156109317
299.71 0.000112917056626
299.72 0.000112678827284
299.73 0.000112441417193
299.74 0.000112204822282
299.75 0.000111969038508
299.76 0.000111734061854
299.77 0.000111499888332
299.78 0.000111266513979
299.79 0.000111033934856
299.8 0.000110802147054
299.81 0.000110571146688
299.82 0.000110340929899
299.83 0.000110111492852
299.84 0.00010988283174
299.85 0.000109654942777
299.86 0.000109427822207
299.87 0.000109201466293
299.88 0.000108975871327
299.89 0.000108751033622
299.9 0.000108526949517
299.91 0.000108303615373
299.92 0.000108081027576
299.93 0.000107859182535
299.94 0.000107638076681
299.95 0.00010741770647
299.96 0.000107198068379
299.97 0.000106979158909
299.98 0.000106760974583
299.99 0.000106543511945
