282.5324 0.020198
282.9682 0.019177
286.2892 0.023525
287.0025 0.026585
288.0058 0.013047
288.1275 2.1e-05
288.6253 0.0
288.9789 0.01969
289.3116 0.0
289.4070 0.04504
290.2531 0.0
290.3136 0.000662
290.6458 0.0
290.8099 0.008968
291.6288 0.001784
291.8255 0.003895
291.9907 0.001548
292.2193 0.000246
292.2217 0.003343
292.2454 0.001017
292.3202 9e-06
292.4251 0.000308
292.4313 6e-05
292.4649 0.00089
292.5750 0.003195
293.0870 0.000504
293.1512 0.005746
293.2162 0.000767
293.4279 0.000139
293.5711 0.0
293.6908 0.0
294.1453 0.000633
294.3116 0.000807
294.4372 8.7e-05
294.5345 0.000216
294.5490 0.0
294.5829 0.000524
294.6941 0.0
294.8292 0.0
295.6804 0.0
