275.0 3.36220626497e-181
275.01 1.36274337242e-180
275.02 5.5101131045e-180
275.03 2.22261201713e-179
275.04 8.94382951568e-179
275.05 3.59037718788e-178
275.06 1.43784922957e-177
275.07 5.74438225247e-177
275.08 2.28944399415e-176
275.09 9.10276698697e-176
275.1 3.61055144229e-175
275.11 1.42866484411e-174
275.12 5.63954268782e-174
275.13 2.2208239291e-173
275.14 8.72451066216e-173
275.15 3.41920182582e-172
275.16 1.33679590114e-171
275.17 5.21389382887e-171
275.18 2.0286913196e-170
275.19 7.87456311216e-170
275.2 3.04925450949e-169
275.21 1.17792486909e-168
275.22 4.53939752708e-168
275.23 1.74516121294e-167
275.24 6.69313518589e-167
275.25 2.56082765491e-166
275.26 9.77434839989e-166
275.27 3.72179106157e-165
275.28 1.41375082542e-164
275.29 5.35735547574e-164
275.3 2.0252785639e-163
275.31 7.63793182517e-163
275.32 2.87358136572e-162
275.33 1.0785193204e-161
275.34 4.03821157749e-161
275.35 1.50836664203e-160
275.36 5.62058446319e-160
275.37 2.08935745644e-159
275.38 7.7481982744e-159
275.39 2.866456883e-158
275.4 1.05790534393e-157
275.41 3.8949771829e-157
275.42 1.43060498609e-156
275.43 5.24193052176e-156
275.44 1.91610584606e-155
275.45 6.98722037506e-155
275.46 2.54182762646e-154
275.47 9.2245345065e-154
275.48 3.33963907235e-153
275.49 1.20617776053e-152
275.5 4.34590080621e-152
275.51 1.56208625776e-151
275.52 5.60127536507e-151
275.53 2.0036669976e-150
275.54 7.15024422492e-150
275.55 2.54549891545e-149
275.56 9.04027551314e-149
275.57 3.20292762945e-148
275.58 1.13205960771e-147
275.59 3.99161065723e-147
275.6 1.40405383998e-146
275.61 4.92692622505e-146
275.62 1.72474568253e-145
275.63 6.02324852863e-145
275.64 2.09842382981e-144
275.65 7.29310296928e-144
275.66 2.52864691102e-143
275.67 8.74622701327e-143
275.68 3.01793589076e-142
275.69 1.03885751048e-141
275.7 3.56745634517e-141
275.71 1.22213184436e-140
275.72 4.17670846953e-140
275.73 1.42399011669e-139
275.74 4.84324564576e-139
275.75 1.64332222117e-138
275.76 5.56244421551e-138
275.77 1.87830155832e-137
275.78 6.32734738174e-137
275.79 2.12634998235e-136
275.8 7.12860460409e-136
275.81 2.38413594289e-135
275.82 7.95452430336e-135
275.83 2.6476106571e-134
275.84 8.7912521681e-134
275.85 2.91208511224e-133
275.86 9.62308008594e-133
275.87 3.17234816998e-132
275.88 1.04328821323e-131
275.89 3.42282318868e-131
275.9 1.12026647567e-130
275.91 3.65775761823e-130
275.92 1.19142090698e-129
275.93 3.87143720728e-129
275.94 1.25497747801e-128
275.95 4.05841405992e-128
275.96 1.30928286844e-127
275.97 4.21373603563e-127
275.98 1.3528756396e-126
275.99 4.3331641043e-126
276.0 1.38455147425e-125
276.01 4.41336437981e-125
276.02 1.40341842571e-124
276.03 4.45206270314e-124
276.04 1.40893864092e-123
276.05 4.44815177462e-123
276.06 1.40095383402e-122
276.07 4.40174379239e-122
276.08 1.37969282666e-121
276.09 4.31416510478e-121
276.1 1.34576065386e-120
276.11 4.1878932326e-120
276.12 1.30010995922e-119
276.13 4.02644043422e-119
276.14 1.24399656671e-118
276.15 3.83419144971e-118
276.16 1.17892212035e-117
276.17 3.61620588165e-117
276.18 1.10656744561e-116
276.19 3.37799762748e-116
276.2 1.02872075135e-115
276.21 3.12530473801e-115
276.22 9.47204929834e-115
276.23 2.86386300033e-114
276.24 8.63808030238e-114
276.25 2.59919549169e-113
276.26 7.80220509917e-113
276.27 2.33642847016e-112
276.28 6.97982166029e-112
276.29 2.08014147044e-111
276.3 6.18440792471e-111
276.31 1.83425661172e-110
276.32 5.42723676125e-110
276.33 1.6019691641e-109
276.34 4.71722124719e-109
276.35 1.38571860948e-108
276.36 4.06088379689e-108
276.37 1.18719698403e-107
276.38 3.462435697e-107
276.39 1.00738935661e-106
276.4 2.92394843308e-106
276.41 8.46639973787e-106
276.42 2.44559501104e-105
276.43 7.04736912437e-105
276.44 2.02593827105e-104
276.45 5.81007993268e-104
276.46 1.66224377613e-103
276.47 4.74421140583e-103
276.48 1.35079691656e-102
276.49 3.83683212293e-102
276.5 1.08720700976e-101
276.51 3.07332437034e-101
276.52 8.6668497021e-101
276.53 2.43820849586e-100
276.54 6.84285164945e-100
276.55 1.9158438924e-99
276.56 5.35106002208e-99
276.57 1.4909951665e-98
276.58 4.14447341563e-98
276.59 1.14926237928e-97
276.6 3.17925770291e-97
276.61 8.77382531576e-97
276.62 2.41551058141e-96
276.63 6.63415500805e-96
276.64 1.81768655374e-95
276.65 4.96831455268e-95
276.66 1.35473977849e-94
276.67 3.68518582042e-94
276.68 1.00004515353e-93
276.69 2.70730095874e-93
276.7 7.31156212003e-93
276.71 1.96988340163e-92
276.72 5.29453199376e-92
276.73 1.4196174946e-91
276.74 3.79727297094e-91
276.75 1.01327890827e-90
276.76 2.69738474538e-90
276.77 7.1633059561e-90
276.78 1.89775792784e-89
276.79 5.01562244622e-89
276.8 1.32240831028e-88
276.81 3.47826776372e-88
276.82 9.12677120058e-88
276.83 2.38906532187e-87
276.84 6.23872144401e-87
276.85 1.62524887904e-86
276.86 4.22377587079e-86
276.87 1.09506163544e-85
276.88 2.83225904781e-85
276.89 7.30775689119e-85
276.9 1.88101352814e-84
276.91 4.83010371566e-84
276.92 1.23730766475e-83
276.93 3.16195481662e-83
276.94 8.06102606971e-83
276.95 2.05013141802e-82
276.96 5.20151417379e-82
276.97 1.31654158293e-81
276.98 3.32426842821e-81
276.99 8.37364024831e-81
277.0 2.10421068616e-80
277.01 5.27498045183e-80
277.02 1.31919560824e-79
277.03 3.29119980505e-79
277.04 8.19135994187e-79
277.05 2.03382921203e-78
277.06 5.0376693767e-78
277.07 1.24480565102e-77
277.08 3.0685284251e-77
277.09 7.5459766972e-77
277.1 1.85121763283e-76
277.11 4.53060506708e-76
277.12 1.10614393899e-75
277.13 2.69416252646e-75
277.14 6.54625091894e-75
277.15 1.58678546662e-74
277.16 3.83707678319e-74
277.17 9.25634376487e-74
277.18 2.22758954065e-73
277.19 5.3479529087e-73
277.2 1.28084532761e-72
277.21 3.06028949726e-72
277.22 7.29432391375e-72
277.23 1.73445999486e-71
277.24 4.11434058187e-71
277.25 9.73627654708e-71
277.26 2.29848816631e-70
277.27 5.41312870026e-70
277.28 1.27177751684e-69
277.29 2.98078493607e-69
277.3 6.9695839249e-69
277.31 1.62569762353e-68
277.32 3.7829395304e-68
277.33 8.78164217827e-68
277.34 2.03366205084e-67
277.35 4.69827617e-67
277.36 1.08281685671e-66
277.37 2.4895920246e-66
277.38 5.71028875023e-66
277.39 1.30660604986e-65
277.4 2.98255162338e-65
277.41 6.79184840073e-65
277.42 1.54292461385e-64
277.43 3.49669812396e-64
277.44 7.90548071044e-64
277.45 1.78301557009e-63
277.46 4.01179467433e-63
277.47 9.00490154662e-63
277.48 2.01639656922e-62
277.49 4.50432418834e-62
277.5 1.00378347172e-61
277.51 2.23155271199e-61
277.52 4.94915401397e-61
277.53 1.09499339005e-60
277.54 2.41684464997e-60
277.55 5.32160558582e-60
277.56 1.16894301618e-59
277.57 2.56153743634e-59
277.58 5.59970029748e-59
277.59 1.22119655227e-58
277.6 2.65682570767e-58
277.61 5.7663004827e-58
277.62 1.24849895801e-57
277.63 2.6967197028e-57
277.64 5.81085638116e-57
277.65 1.24911143685e-56
277.66 2.67866829498e-56
277.67 5.73051164607e-56
277.68 1.22299468921e-55
277.69 2.6038289563e-55
277.7 5.5304063568e-55
277.71 1.17181308528e-54
277.72 2.47694494213e-54
277.73 5.22313285301e-54
277.74 1.09875914149e-53
277.75 2.3058478103e-53
277.76 4.82742447211e-53
277.77 1.00822403233e-52
277.78 2.10065780585e-52
277.79 4.36626699203e-52
277.8 9.05361400877e-52
277.81 1.87279555754e-51
277.82 3.86469722812e-51
277.83 7.95604609009e-51
277.84 1.63393890844e-50
277.85 3.34758064642e-50
277.86 6.84199876866e-50
277.87 1.39505601039e-49
277.88 2.83763810191e-49
277.89 5.75809835474e-49
277.9 1.16562233432e-48
277.91 2.3539289562e-48
277.92 4.74226208357e-48
277.93 9.53091204837e-48
277.94 1.91090933267e-47
277.95 3.82210321251e-47
277.96 7.62643282534e-47
277.97 1.5180888745e-46
277.98 3.01459972533e-46
277.99 5.97198657172e-46
278.0 1.18022469982e-45
278.01 2.32684409697e-45
278.02 4.57642744677e-45
278.03 8.97930217825e-45
278.04 1.75758080937e-44
278.05 3.43197982739e-44
278.06 6.68545331599e-44
278.07 1.29919309614e-43
278.08 2.51868152869e-43
278.09 4.87112775357e-43
278.1 9.39815258969e-43
278.11 1.808890066e-42
278.12 3.47327015837e-42
278.13 6.6530634569e-42
278.14 1.27133931129e-41
278.15 2.42358354931e-41
278.16 4.6090479398e-41
278.17 8.74422178349e-41
278.18 1.6549611863e-40
278.19 3.12472045763e-40
278.2 5.88560671185e-40
278.21 1.10593095817e-39
278.22 2.07310596856e-39
278.23 3.87678483672e-39
278.24 7.23233615703e-39
278.25 1.34599119548e-38
278.26 2.49897863882e-38
278.27 4.62849264673e-38
278.28 8.5521108598e-38
278.29 1.57639037784e-37
278.3 2.89875117848e-37
278.31 5.31758952974e-37
278.32 9.73140153345e-37
278.33 1.7766123802e-36
278.34 3.23568834948e-36
278.35 5.87891790714e-36
278.36 1.06557694606e-35
278.37 1.92676587339e-35
278.38 3.47559996951e-35
278.39 6.25442419973e-35
278.4 1.12279790012e-34
278.41 2.01081705243e-34
278.42 3.59252862195e-34
278.43 6.40301654112e-34
278.44 1.13848082449e-33
278.45 2.01940545979e-33
278.46 3.57337044924e-33
278.47 6.30796487872e-33
278.48 1.11085455756e-32
278.49 1.95155971786e-32
278.5 3.42029211263e-32
278.51 5.9800010749e-32
278.52 1.04302816228e-31
278.53 1.81487833784e-31
278.54 3.15032753251e-31
278.55 5.45532476588e-31
278.56 9.42415067155e-31
278.57 1.62412907567e-30
278.58 2.79225817567e-30
278.59 4.78902727697e-30
278.6 8.19399622735e-30
278.61 1.39862381272e-29
278.62 2.38156690314e-29
278.63 4.04558531183e-29
278.64 6.85577649912e-29
278.65 1.1590139085e-28
278.66 1.9546875817e-28
278.67 3.28868872675e-28
278.68 5.51981973518e-28
278.69 9.24237806671e-28
278.7 1.54382928223e-27
278.71 2.57259563216e-27
278.72 4.27661831342e-27
278.73 7.09228475729e-27
278.74 1.17335261841e-26
278.75 1.93654520336e-26
278.76 3.18847811496e-26
278.77 5.23716131851e-26
278.78 8.58153883477e-26
278.79 1.40278496459e-25
278.8 2.28756657438e-25
278.81 3.72145773751e-25
278.82 6.03961354042e-25
278.83 9.77826760187e-25
278.84 1.57932458608e-24
278.85 2.54470582351e-24
278.86 4.09035009073e-24
278.87 6.55903709495e-24
278.88 1.04924377934e-23
278.89 1.6744393773e-23
278.9 2.66574843984e-23
278.91 4.2337538864e-23
278.92 6.70793371541e-23
278.93 1.0602508423e-22
278.94 1.67180338166e-22
278.95 2.6297743321e-22
278.96 4.1267529881e-22
278.97 6.46033704357e-22
278.98 1.00892431266e-21
278.99 1.57187754003e-21
279.0 2.44306790847e-21
279.01 3.78799222507e-21
279.02 5.85921356989e-21
279.03 9.0412043954e-21
279.04 1.39177796413e-20
279.05 2.13732386082e-20
279.06 3.27436750617e-20
279.07 5.00427559429e-20
279.08 7.6297749096e-20
279.09 1.16048342542e-19
279.1 1.76085205223e-19
279.11 2.66540681113e-19
279.12 4.02495332101e-19
279.13 6.06338161341e-19
279.14 9.11225084009e-19
279.15 1.36613349607e-18
279.16 2.04323031215e-18
279.17 3.04858434733e-18
279.18 4.53770039147e-18
279.19 6.73798638618e-18
279.2 9.98116305351e-18
279.21 1.47498933806e-17
279.22 2.17446950409e-17
279.23 3.19797063111e-17
279.24 4.69193870981e-17
279.25 6.86731390085e-17
279.26 1.00271653723e-16
279.27 1.46058274436e-16
279.28 2.12241772019e-16
279.29 3.07675042974e-16
279.3 4.44949155115e-16
279.31 6.41926363901e-16
279.32 9.23882515413e-16
279.33 1.32649309384e-15
279.34 1.89998401835e-15
279.35 2.71488608845e-15
279.36 3.86999127475e-15
279.37 5.503323837e-15
279.38 7.80722798916e-15
279.39 1.10490608234e-14
279.4 1.55994963275e-14
279.41 2.19711352547e-14
279.42 3.08710306244e-14
279.43 4.32719502448e-14
279.44 6.05087970655e-14
279.45 8.4408713028e-14
279.46 1.17466153507e-13
279.47 1.63077830958e-13
279.48 2.25857134887e-13
279.49 3.12053754578e-13
279.5 4.30112158599e-13
279.51 5.9141282257e-13
279.52 8.11253274287e-13
279.53 1.11014293274e-12
279.54 1.51550733931e-12
279.55 2.06392493928e-12
279.56 2.80405458344e-12
279.57 3.80045624926e-12
279.58 5.13856341886e-12
279.59 6.93113589532e-12
279.6 9.3266099953e-12
279.61 1.25198731503e-11
279.62 1.67661269552e-11
279.63 2.23986725918e-11
279.64 2.98516624628e-11
279.65 3.96891202686e-11
279.66 5.26418486808e-11
279.67 6.96542309937e-11
279.68 9.19434044721e-11
279.69 1.21073854601e-10
279.7 1.59051169619e-10
279.71 2.08439524923e-10
279.72 2.72508461406e-10
279.73 3.55415708201e-10
279.74 4.62434209485e-10
279.75 6.00233181577e-10
279.76 7.77224988713e-10
279.77 1.00399192529e-09
279.78 1.29380967439e-09
279.79 1.66328732506e-09
279.8 2.13314742567e-09
279.81 2.72917367949e-09
279.82 3.48335860588e-09
279.83 4.4352888489e-09
279.84 5.63381186454e-09
279.85 7.13903450581e-09
279.86 9.02471158866e-09
279.87 1.13810908918e-08
279.88 1.43182902327e-08
279.89 1.79702922679e-08
279.9 2.24996534629e-08
279.91 2.81030352054e-08
279.92 3.50176772179e-08
279.93 4.35289461143e-08
279.94 5.39791049869e-08
279.95 6.67774630556e-08
279.96 8.24120773828e-08
279.97 1.01463191098e-07
279.98 1.24618604054e-07
279.99 1.52691181852e-07
280.0 1.86638717139e-07
280.01 2.2758636234e-07
280.02 2.76851854761e-07
280.03 3.35973752523e-07
280.04 4.06742892069e-07
280.05 4.91237264187e-07
280.06 5.91860484465e-07
280.07 7.1138400495e-07
280.08 8.52993175323e-07
280.09 1.02033721329e-06
280.1 1.21758308396e-06
280.11 1.44947321612e-06
280.12 1.72138689847e-06
280.13 2.03940510104e-06
280.14 2.4103783553e-06
280.15 2.84199720129e-06
280.16 3.34286457186e-06
280.17 3.92256933361e-06
280.18 4.59176004185e-06
280.19 5.36221779646e-06
280.2 6.24692690718e-06
280.21 7.26014189478e-06
280.22 8.41744917246e-06
280.23 9.73582157286e-06
280.24 1.1233663716e-05
280.25 1.29308460573e-05
280.26 1.48487253176e-05
280.27 1.70101488882e-05
280.28 1.94394407239e-05
280.29 2.21623661991e-05
280.3 2.52060734121e-05
280.31 2.85990084775e-05
280.32 3.23708024722e-05
280.33 3.65521278794e-05
280.34 4.11745226303e-05
280.35 4.62701801679e-05
280.36 5.18717043593e-05
280.37 5.80118285576e-05
280.38 6.47230986655e-05
280.39 7.20375206758e-05
280.4 7.99861738498e-05
280.41 8.85987914389e-05
280.42 9.7903311649e-05
280.43 0.000107925402372
280.44 0.00011868796406
280.45 0.000130210615959
280.46 0.000142509171765
280.47 0.000155595111553
280.48 0.000169475057571
280.49 0.000184150262154
280.5 0.000199616116552
280.51 0.000215861689928
280.52 0.000232869308024
280.53 0.00025061418114
280.54 0.000269064090997
280.55 0.000288179145793
280.56 0.000307911612297
280.57 0.000328205833141
280.58 0.000348998236597
280.59 0.000370217445005
280.6 0.000391784486751
280.61 0.00041361311519
280.62 0.000435610236296
280.63 0.000457676445033
280.64 0.000479706668582
280.65 0.000501590912598
280.66 0.000523215104717
280.67 0.000544462027583
280.68 0.000565212331739
280.69 0.00058534561696
280.7 0.000604741568941
280.71 0.000623281136802
280.72 0.000640847735627
280.73 0.0006573284573
280.74 0.000672615272214
280.75 0.000686606204082
280.76 0.000699206460056
280.77 0.000710329498671
280.78 0.000719898018824
280.79 0.000727844853984
280.8 0.000734113757169
280.81 0.000738660063871
280.82 0.000741451221981
280.83 0.000742467179946
280.84 0.000741700626652
280.85 0.000739157079046
280.86 0.000734854816009
280.87 0.000728824659605
280.88 0.000721109607348
280.89 0.000711764321645
280.9 0.000700854484884
280.91 0.000688456030806
280.92 0.000674654264758
280.93 0.000659542887052
280.94 0.000643222935088
280.95 0.000625801660898
280.96 0.000607391361525
280.97 0.000588108180003
280.98 0.000568070894743
280.99 0.0005473997148
281.0 0.000526215097894
281.01 0.0005046366071
281.02 0.000482781820938
281.03 0.000460765310176
281.04 0.000438697693001
281.05 0.000416684778466
281.06 0.000394826806224
281.07 0.000373217788606
281.08 0.00035194495913
281.09 0.000331088329591
281.1 0.000310720355978
281.11 0.000290905711703
281.12 0.000271701164928
281.13 0.000253155555327
281.14 0.00023530986426
281.15 0.000218197371224
281.16 0.000201843888533
281.17 0.000186268065456
281.18 0.000171481752572
281.19 0.000157490416774
281.2 0.000144293597302
281.21 0.00013188539325
281.22 0.000120254973269
281.23 0.000109387098584
281.24 9.92626509982e-05
281.25 8.98591581908e-05
281.26 8.11513093437e-05
281.27 7.31114549336e-05
281.28 6.5710085342e-05
281.29 5.89162837955e-05
281.3 5.26981499905e-05
281.31 4.7023191592e-05
281.32 4.18586815899e-05
281.33 3.71719802518e-05
281.34 3.29308211061e-05
281.35 2.91035610181e-05
281.36 2.56593949869e-05
281.37 2.25685367746e-05
281.38 1.98023668898e-05
281.39 1.73335497886e-05
281.4 1.51361224122e-05
281.41 1.31855563794e-05
281.42 1.14587962764e-05
281.43 9.93427655682e-06
281.44 8.59191957753e-06
281.45 7.41311726471e-06
281.46 6.38069883133e-06
281.47 5.47888686053e-06
281.48 4.69324393648e-06
281.49 4.0106118501e-06
281.5 3.41904523888e-06
281.51 2.90774134162e-06
281.52 2.46696736744e-06
281.53 2.08798679559e-06
281.54 1.76298574406e-06
281.55 1.48500037277e-06
281.56 1.24784612403e-06
281.57 1.04604945039e-06
281.58 8.7478254029e-07
281.59 7.29801424489e-07
281.6 6.0738773308e-07
281.61 5.042942728e-07
281.62 4.17694507856e-07
281.63 3.45135953804e-07
281.64 2.84497432482e-07
281.65 2.33950085843e-07
281.66 1.91922006731e-07
281.67 1.57066314231e-07
281.68 1.2823247916e-07
281.69 1.04440690482e-07
281.7 8.48590449357e-08
281.71 6.87833390121e-08
281.72 5.56192436389e-08
281.73 4.48666467581e-08
281.74 3.61059566028e-08
281.75 2.89861682487e-08
281.76 2.32145073228e-08
281.77 1.85474770818e-08
281.78 1.47831479933e-08
281.79 1.17545420968e-08
281.8 9.32397748715e-09
281.81 7.37825101683e-09
281.82 5.82454957416e-09
281.83 4.58699192072e-09
281.84 3.6037139748e-09
281.85 2.82442054664e-09
281.86 2.20833583548e-09
281.87 1.72249348241e-09
281.88 1.34031464874e-09
281.89 1.04042948328e-09
281.9 8.05703493077e-10
281.91 6.2243578339e-10
281.92 4.7970093724e-10
281.93 3.68810512449e-10
281.94 2.82873800658e-10
281.95 2.16440669804e-10
281.96 1.6521205088e-10
281.97 1.25805979986e-10
281.98 9.55691134593e-11
281.99 7.24253394024e-11
282.0 5.47545520581e-11
282.01 4.12958710641e-11
282.02 3.10706072734e-11
282.03 2.33211284775e-11
282.04 1.74624868049e-11
282.05 1.30442564949e-11
282.06 9.72051508244e-12
282.07 7.2262991541e-12
282.08 5.35919184722e-12
282.09 3.96496521196e-12
282.1 2.9264167094e-12
282.11 2.15471415207e-12
282.12 1.58270461906e-12
282.13 1.15975641949e-12
282.14 8.4779413911e-13
282.15 6.18259423044e-13
282.16 4.49787920837e-13
282.17 3.26438626314e-13
282.18 2.36348039764e-13
282.19 1.70710084521e-13
282.2 1.23005083411e-13
282.21 8.84186037102e-14
282.22 6.34046275045e-14
282.23 4.53581121501e-14
282.24 3.23702236631e-14
282.25 2.30458722699e-14
282.26 1.63680647502e-14
282.27 1.15973370686e-14
282.28 8.19739848895e-15
282.29 5.78030517931e-15
282.3 4.06614373305e-15
282.31 2.85346491197e-15
282.32 1.99765979897e-15
282.33 1.39518753702e-15
282.34 9.72102252531e-16
282.35 6.75729871263e-16
282.36 4.68646435456e-16
282.37 3.24333473787e-16
282.38 2.2405215732e-16
282.39 1.54600943155e-16
282.4 1.06712153419e-16
282.41 7.39097387201e-17
282.42 5.16995511553e-17
282.43 3.69994637577e-17
282.44 2.77431107198e-17
282.45 2.26104993294e-17
282.46 2.0853224265e-17
282.47 2.21929862266e-17
282.48 2.67807280333e-17
282.49 3.52108664648e-17
282.5 4.85915834564e-17
282.51 6.86786367452e-17
282.52 9.80873388921e-17
282.53 1.40605969562e-16
282.54 2.01644784055e-16
282.55 2.88869011409e-16
282.56 4.13083131854e-16
282.57 5.89459012837e-16
282.58 8.39234421913e-16
282.59 1.19205398347e-15
282.6 1.68918568953e-15
282.61 2.38792770501e-15
282.62 3.3676290858e-15
282.63 4.73789284095e-15
282.64 6.64972181574e-15
282.65 9.31062179181e-15
282.66 1.30050109081e-14
282.67 1.81217243506e-14
282.68 2.51909794717e-14
282.69 3.49339190108e-14
282.7 4.83288297399e-14
282.71 6.66994051913e-14
282.72 9.18320657153e-14
282.73 1.26131469747e-13
282.74 1.72826075776e-13
282.75 2.3623910631e-13
282.76 3.2214472384e-13
282.77 4.38234903298e-13
282.78 5.94729683277e-13
282.79 8.0517257749e-13
282.8 1.08746439182e-12
282.81 1.46520308596e-12
282.82 1.96941532787e-12
282.83 2.6407878442e-12
282.84 3.5325345674e-12
282.85 4.71407011689e-12
282.86 6.27570275163e-12
282.87 8.33461228334e-12
282.88 1.10424425378e-11
282.89 1.45949161329e-11
282.9 1.92439743352e-11
282.91 2.53130597272e-11
282.92 3.3216298009e-11
282.93 4.34825016542e-11
282.94 5.67851170864e-11
282.95 7.39794739095e-11
282.96 9.61489755164e-11
282.97 1.24662201799e-10
282.98 1.61243284021e-10
282.99 2.08058367213e-10
283.0 2.67821505267e-10
283.01 3.43923947468e-10
283.02 4.4059148199e-10
283.03 5.63075311735e-10
283.04 7.17882860751e-10
283.05 9.13055954777e-10
283.06 1.1585049964e-09
283.07 1.4664090717e-09
283.08 1.85169338758e-09
283.09 2.33259705139e-09
283.1 2.93134596797e-09
283.11 3.6749475423e-09
283.12 4.59612592951e-09
283.13 5.73441875787e-09
283.14 7.1374585422e-09
283.15 8.86246437921e-09
283.16 1.09779719352e-08
283.17 1.35658321524e-08
283.18 1.67235114565e-08
283.19 2.05667284684e-08
283.2 2.52324642299e-08
283.21 3.08823846392e-08
283.22 3.77067150459e-08
283.23 4.59286076496e-08
283.24 5.58090423312e-08
283.25 6.76523006649e-08
283.26 8.18120509482e-08
283.27 9.86980789453e-08
283.28 1.18783694508e-07
283.29 1.4261383809e-07
283.3 1.70813903252e-07
283.31 2.0409928134e-07
283.32 2.43285622497e-07
283.33 2.89299792813e-07
283.34 3.43191490704e-07
283.35 4.06145466375e-07
283.36 4.7949426651e-07
283.37 5.64731402115e-07
283.38 6.63524810895e-07
283.39 7.77730456763e-07
283.4 9.09405878458e-07
283.41 1.06082346704e-06
283.42 1.23448321879e-06
283.43 1.43312467645e-06
283.44 1.65973773821e-06
283.45 1.91757198152e-06
283.46 2.21014411873e-06
283.47 2.5412431738e-06
283.48 2.91493294683e-06
283.49 3.33555131476e-06
283.5 3.80770590603e-06
283.51 4.33626568307e-06
283.52 4.92634797274e-06
283.53 5.58330050037e-06
283.54 6.31267801086e-06
283.55 7.12021309955e-06
283.56 8.0117809286e-06
283.57 8.99335757096e-06
283.58 1.00709718044e-05
283.59 1.1250650272e-05
283.6 1.25383560338e-05
283.61 1.39399206541e-05
283.62 1.5460970101e-05
283.63 1.71068448763e-05
283.64 1.88825149444e-05
283.65 2.0792490181e-05
283.66 2.28407272232e-05
283.67 2.50305337534e-05
283.68 2.73644714073e-05
283.69 2.98442586321e-05
283.7 3.24706749563e-05
283.71 3.5243468244e-05
283.72 3.8161266598e-05
283.73 4.12214966463e-05
283.74 4.44203099823e-05
283.75 4.77525195382e-05
283.76 5.12115476436e-05
283.77 5.47893874527e-05
283.78 5.84765793265e-05
283.79 6.22622036058e-05
283.8 6.61338910384e-05
283.81 7.00778518971e-05
283.82 7.40789245761e-05
283.83 7.8120644167e-05
283.84 8.21853311989e-05
283.85 8.62542003962e-05
283.86 9.03074889521e-05
283.87 9.43246034559e-05
283.88 9.82842842506e-05
283.89 0.000102164785638
283.9 0.000105944070009
283.91 0.00010960001365
283.92 0.000113110621699
283.93 0.000116454249459
283.94 0.000119609827077
283.95 0.000122557084438
283.96 0.00012527677303
283.97 0.00012775088148
283.98 0.000129962841502
283.99 0.000131897721066
284.0 0.000133542401762
284.01 0.000134885737518
284.02 0.000135918692131
284.03 0.000136634453355
284.04 0.000137028521672
284.05 0.000137098772284
284.06 0.000136845489268
284.07 0.000136271371335
284.08 0.000135381509054
284.09 0.000134183333895
284.1 0.000132686539921
284.11 0.00013090297934
284.12 0.000128846533619
284.13 0.000126532962166
284.14 0.000123979730971
284.15 0.000121205823846
284.16 0.00011823153915
284.17 0.000115078275044
284.18 0.000111768306435
284.19 0.0001083245568
284.2 0.0001047703681
284.21 0.000101129271864
284.22 9.74247644703e-05
284.23 9.36800894011e-05
284.24 8.99180290885e-05
284.25 8.61607086692e-05
284.26 8.24294137045e-05
284.27 7.87444235998e-05
284.28 7.5124862142e-05
284.29 7.15885662396e-05
284.3 6.81519736239e-05
284.31 6.48300299473e-05
284.32 6.16361154112e-05
284.33 5.8581990766e-05
284.34 5.56777622665e-05
284.35 5.29318649298e-05
284.36 5.03510632423e-05
284.37 4.79404682892e-05
284.38 4.57035701441e-05
284.39 4.36422842515e-05
284.4 4.1757010462e-05
284.41 4.00467033376e-05
284.42 3.85089523291e-05
284.43 3.71400704348e-05
284.44 3.59351899838e-05
284.45 3.48883642293e-05
284.46 3.39926735026e-05
284.47 3.3240334747e-05
284.48 3.26228133303e-05
284.49 3.21309361135e-05
284.5 3.17550048377e-05
284.51 3.14849089683e-05
284.52 3.13102372126e-05
284.53 3.1220386998e-05
284.54 3.12046712609e-05
284.55 3.12524219536e-05
284.56 3.1353089729e-05
284.57 3.14963393042e-05
284.58 3.1672140043e-05
284.59 3.18708513314e-05
284.6 3.2083302347e-05
284.61 3.23008658528e-05
284.62 3.25155256678e-05
284.63 3.2719937496e-05
284.64 3.29074828186e-05
284.65 3.30723155842e-05
284.66 3.32094014649e-05
284.67 3.3314549479e-05
284.68 3.33844358223e-05
284.69 3.34166197924e-05
284.7 3.34095517384e-05
284.71 3.33625730182e-05
284.72 3.3275908001e-05
284.73 3.3150648206e-05
284.74 3.29887287291e-05
284.75 3.27928971623e-05
284.76 3.2566675272e-05
284.77 3.23143137553e-05
284.78 3.20407404448e-05
284.79 3.17515023858e-05
284.8 3.14527022517e-05
284.81 3.11509296056e-05
284.82 3.08531875536e-05
284.83 3.05668153648e-05
284.84 3.02994076613e-05
284.85 3.00587308025e-05
284.86 2.98526371066e-05
284.87 2.9688977566e-05
284.88 2.95755137249e-05
284.89 2.95198293945e-05
284.9 2.95292428889e-05
284.91 2.96107204692e-05
284.92 2.97707916853e-05
284.93 3.001546731e-05
284.94 3.03501605586e-05
284.95 3.07796122887e-05
284.96 3.1307820874e-05
284.97 3.19379774406e-05
284.98 3.26724071482e-05
284.99 3.35125171887e-05
285.0 3.44587521564e-05
285.01 3.55105574232e-05
285.02 3.66663511198e-05
285.03 3.79235052859e-05
285.04 3.92783367004e-05
285.05 4.07261078427e-05
285.06 4.22610383597e-05
285.07 4.38763273307e-05
285.08 4.55641865167e-05
285.09 4.73158846751e-05
285.1 4.91218028899e-05
285.11 5.09715007371e-05
285.12 5.28537929577e-05
285.13 5.47568361605e-05
285.14 5.66682249193e-05
285.15 5.85750964735e-05
285.16 6.04642430829e-05
285.17 6.23222309365e-05
285.18 6.41355243757e-05
285.19 6.58906140587e-05
285.2 6.75741475836e-05
285.21 6.91730609914e-05
285.22 7.06747095005e-05
285.23 7.2066995781e-05
285.24 7.33384940579e-05
285.25 7.44785683483e-05
285.26 7.54774831789e-05
285.27 7.63265052085e-05
285.28 7.70179942835e-05
285.29 7.75454825908e-05
285.3 7.79037407363e-05
285.31 7.80888297625e-05
285.32 7.80981383305e-05
285.33 7.79304045148e-05
285.34 7.75857219016e-05
285.35 7.70655299247e-05
285.36 7.63725886264e-05
285.37 7.55109382753e-05
285.38 7.44858445139e-05
285.39 7.33037299347e-05
285.4 7.1972093195e-05
285.41 7.0499416964e-05
285.42 6.88950661623e-05
285.43 6.71691780822e-05
285.44 6.53325460829e-05
285.45 6.33964986197e-05
285.46 6.13727754038e-05
285.47 5.9273402489e-05
285.48 5.71105680484e-05
285.49 5.48965005431e-05
285.5 5.26433508872e-05
285.51 5.03630800989e-05
285.52 4.80673537768e-05
285.53 4.5767444587e-05
285.54 4.3474143758e-05
285.55 4.11976824017e-05
285.56 3.89476632739e-05
285.57 3.67330033957e-05
285.58 3.45618877586e-05
285.59 3.24417341461e-05
285.6 3.03791689243e-05
285.61 2.83800134858e-05
285.62 2.64492808791e-05
285.63 2.45911820218e-05
285.64 2.28091407791e-05
285.65 2.11058170963e-05
285.66 1.94831373008e-05
285.67 1.79423306349e-05
285.68 1.64839710527e-05
285.69 1.51080233015e-05
285.7 1.38138923151e-05
285.71 1.26004749727e-05
285.72 1.14662133167e-05
285.73 1.04091483743e-05
285.74 9.42697379457e-06
285.75 8.51708858299e-06
285.76 7.67664829727e-06
285.77 6.90261414985e-06
285.78 6.19179954982e-06
285.79 5.54091370244e-06
285.8 4.94660196921e-06
285.81 4.40548277284e-06
285.82 3.91418090831e-06
285.83 3.469357193e-06
285.84 3.06773445351e-06
285.85 2.706119905e-06
285.86 2.3814240293e-06
285.87 2.09067610113e-06
285.88 1.83103654669e-06
285.89 1.59980634723e-06
285.9 1.39443372035e-06
285.91 1.2125183264e-06
285.92 1.05181325454e-06
285.93 9.10225046154e-07
285.94 7.85812009871e-07
285.95 6.76781076549e-07
285.96 5.81483431634e-07
285.97 4.98409149565e-07
285.98 4.26181039444e-07
285.99 3.63547894303e-07
286.0 3.09377318335e-07
286.01 2.62648288031e-07
286.02 2.22443584544e-07
286.03 1.87942216395e-07
286.04 1.58411933928e-07
286.05 1.33201920179e-07
286.06 1.11735727103e-07
286.07 9.35045115907e-08
286.08 7.80606125634e-08
286.09 6.50114985906e-08
286.1 5.40141050615e-08
286.11 4.47695708728e-08
286.12 3.7018376842e-08
286.13 3.05358815659e-08
286.14 2.51282451128e-08
286.15 2.06287266909e-08
286.16 1.68943391559e-08
286.17 1.38028408179e-08
286.18 1.12500433605e-08
286.19 9.14741370684e-09
286.2 7.41994724149e-09
286.21 6.00428984351e-09
286.22 4.84708661308e-09
286.23 3.90353590011e-09
286.24 3.13612820314e-09
286.25 2.51355063475e-09
286.26 2.00973889194e-09
286.27 1.60305998188e-09
286.28 1.27561029421e-09
286.29 1.01261495083e-09
286.3 8.01915676583e-10
286.31 6.33535699037e-10
286.32 4.9931138973e-10
286.33 3.92581490203e-10
286.34 3.07925818739e-10
286.35 2.40946323453e-10
286.36 1.88084233345e-10
286.37 1.46467862001e-10
286.38 1.1378634117e-10
286.39 8.81852071677e-11
286.4 6.8180336344e-11
286.41 5.2587231767e-11
286.42 4.04631071397e-11
286.43 3.10596012062e-11
286.44 2.37842919789e-11
286.45 1.81694702712e-11
286.46 1.38468812949e-11
286.47 1.05273562134e-11
286.48 7.98443691935e-12
286.49 6.04125096536e-12
286.5 4.56002317887e-12
286.51 3.43371933608e-12
286.52 2.57940829144e-12
286.53 1.93300476791e-12
286.54 1.44511789296e-12
286.55 1.07778251645e-12
286.56 8.01893100582e-13
286.57 5.95195021934e-13
286.58 4.40716752142e-13
286.59 3.25549676075e-13
286.6 2.39901189577e-13
286.61 1.76361971907e-13
286.62 1.29340604684e-13
286.63 9.46285554443e-14
286.64 6.90664132071e-14
286.65 5.02885310836e-14
286.66 3.65282057221e-14
286.67 2.64694586582e-14
286.68 1.91345871224e-14
286.69 1.37990896605e-14
286.7 9.92748112313e-15
286.71 7.1250018939e-15
286.72 5.10138578313e-15
286.73 3.64375030784e-15
286.74 2.59636829313e-15
286.75 1.8456154663e-15
286.76 1.30880025302e-15
286.77 9.25897122822e-16
286.78 6.53445397706e-16
286.79 4.60058508588e-16
286.8 3.23127570889e-16
286.81 2.26408193631e-16
286.82 1.58258640135e-16
286.83 1.10356997563e-16
286.84 7.67696341007e-17
286.85 5.32765635258e-17
286.86 3.68841744571e-17
286.87 2.54742292504e-17
286.88 1.75516985646e-17
286.89 1.2064084094e-17
286.9 8.27230726485e-18
286.91 5.65869190108e-18
286.92 3.86155763867e-18
286.93 2.6288515909e-18
286.94 1.78536363148e-18
286.95 1.20960718637e-18
286.96 8.17558966095e-19
286.97 5.51252864419e-19
286.98 3.70799954142e-19
286.99 2.48820132458e-19
287.0 1.66566779229e-19
287.01 1.11236746822e-19
287.02 7.41080155027e-20
287.03 4.92537266244e-20
287.04 3.26565279716e-20
287.05 2.16002072262e-20
287.06 1.42528861571e-20
287.07 9.38220027053e-21
287.08 6.16117522674e-21
287.09 4.03626242744e-21
287.1 2.63786276646e-21
287.11 1.71981591379e-21
287.12 1.11858421469e-21
287.13 7.25792309525e-22
287.14 4.69799971096e-22
287.15 3.03368547607e-22
287.16 1.95427221451e-22
287.17 1.25590415166e-22
287.18 8.05164955441e-23
287.19 5.14956040615e-23
287.2 3.28558245188e-23
287.21 2.09127670571e-23
287.22 1.32790663767e-23
287.23 8.41163639943e-24
287.24 5.31557616791e-24
287.25 3.35102061668e-24
287.26 2.10746684179e-24
287.27 1.32221260606e-24
287.28 8.27558541465e-25
287.29 5.16717348431e-25
287.3 3.21857950997e-25
287.31 2.00001070286e-25
287.32 1.23981610172e-25
287.33 7.66724068446e-26
287.34 4.73018132502e-26
287.35 2.9112087437e-26
287.36 1.78741651731e-26
287.37 1.09480064808e-26
287.38 6.68961587464e-27
287.39 4.07778354339e-27
287.4 2.47972777862e-27
287.41 1.5043216048e-27
287.42 9.10404138161e-28
287.43 5.49647928194e-28
287.44 3.31048639011e-28
287.45 1.98909650772e-28
287.46 1.19227582222e-28
287.47 7.12942411795e-29
287.48 4.25293743603e-29
287.49 2.53093134051e-29
287.5 1.50254870275e-29
287.51 8.89884360344e-30
287.52 5.25769525749e-30
287.53 3.09894639531e-30
287.54 1.82217268956e-30
287.55 1.06886243902e-30
287.56 6.25476373648e-31
287.57 3.65137815171e-31
287.58 2.1264712864e-31
287.59 1.23543254662e-31
287.6 7.16036823357e-32
287.61 4.14007756219e-32
287.62 2.38802240639e-32
287.63 1.37412143768e-32
287.64 7.88803136564e-33
287.65 4.51719602076e-33
287.66 2.58063175811e-33
287.67 1.47075363057e-33
287.68 8.36200860257e-34
287.69 4.74283568231e-34
287.7 2.68362811616e-34
287.71 1.51482816954e-34
287.72 8.53023891384e-35
287.73 4.79198885164e-35
287.74 2.68551253098e-35
287.75 1.5013963168e-35
287.76 8.37375569999e-36
287.77 4.65909968617e-36
287.78 2.58607129487e-36
287.79 1.43197606192e-36
287.8 7.91020601362e-37
287.81 4.35909768731e-37
287.82 2.39641582308e-37
287.83 1.31426978535e-37
287.84 7.19057525969e-38
287.85 3.92463718751e-38
287.86 2.13693916177e-38
287.87 1.16075767862e-38
287.88 6.28995785071e-39
287.89 3.40024857145e-39
287.9 1.83370875715e-39
287.91 9.86522082025e-40
287.92 5.29468370438e-40
287.93 2.83484938036e-40
287.94 1.51417723945e-40
287.95 8.06826574245e-41
287.96 4.28884577089e-41
287.97 2.27435062232e-41
287.98 1.20318153931e-41
287.99 6.34982349969e-42
288.0 3.34309639282e-42
288.01 1.7558721663e-42
288.02 9.20012312893e-43
288.03 4.80895965631e-43
288.04 2.5076410789e-43
288.05 1.3044768155e-43
288.06 6.76961702817e-44
288.07 3.50468170711e-44
288.08 1.8100468171e-44
288.09 9.32583610423e-45
288.1 4.79338699163e-45
288.11 2.45784193676e-45
288.12 1.25725146233e-45
288.13 6.4157449439e-46
288.14 3.26609469506e-46
288.15 1.65869751654e-46
288.16 8.40354163847e-47
288.17 4.24731290535e-47
288.18 2.14152375736e-47
288.19 1.07717998205e-47
288.2 5.40518283247e-48
288.21 2.70575980064e-48
288.22 1.35121615168e-48
288.23 6.73158216813e-49
288.24 3.34553987009e-49
288.25 1.65871588258e-49
288.26 8.20416772686e-50
288.27 4.0481238555e-50
288.28 1.99264432126e-50
288.29 9.78503791505e-51
288.3 4.79349161463e-51
288.31 2.34260012948e-51
288.32 1.14209198899e-51
288.33 5.55470166359e-52
288.34 2.69511388896e-52
288.35 1.30451848032e-52
288.36 6.2991228627e-53
288.37 3.03435683579e-53
288.38 1.45817602461e-53
288.39 6.99052805764e-54
288.4 3.34323374048e-54
288.41 1.59507176249e-54
288.42 7.59189931554e-55
288.43 3.60476850367e-55
288.44 1.70750131337e-55
288.45 8.06866044408e-56
288.46 3.80363257531e-56
288.47 1.78876135072e-56
288.48 8.39195163799e-57
288.49 3.92762727381e-57
288.5 1.83380978849e-57
288.51 8.54151740854e-58
288.52 3.96892139949e-58
288.53 1.83978337407e-58
288.54 8.50780652296e-59
288.55 3.92486969978e-59
288.56 1.80629884669e-59
288.57 8.29298134781e-60
288.58 3.79829327826e-60
288.59 1.73549362797e-60
288.6 7.91068832277e-61
288.61 3.59718062785e-61
288.62 1.63180003972e-61
288.63 7.38462343163e-62
288.64 3.33385333025e-62
288.65 1.50148620273e-62
288.66 6.74610229753e-63
288.67 3.02371754227e-63
288.68 1.35202971465e-63
288.69 6.0309811826e-64
288.7 2.68377702011e-64
288.71 1.1914110009e-64
288.72 5.27634884319e-65
288.73 2.33110649901e-65
288.74 1.02741865778e-65
288.75 4.51740990592e-66
288.76 1.98147350685e-66
288.77 8.67049233102e-67
288.78 3.78491355547e-67
288.79 1.6482568507e-67
288.8 7.1606184267e-68
288.81 3.10336524174e-68
288.82 1.34175112772e-68
288.83 5.78719030138e-69
288.84 2.49011999369e-69
288.85 1.06888136126e-69
288.86 4.5771532093e-70
288.87 1.95532121298e-70
288.88 8.33292533929e-71
288.89 3.54269354389e-71
288.9 1.50254122784e-71
288.91 6.35734711642e-72
288.92 2.683379938e-72
288.93 1.12991331891e-72
288.94 4.74640511256e-73
288.95 1.98902936068e-73
288.96 8.31523064859e-74
288.97 3.46788048576e-74
288.98 1.44281503344e-74
288.99 5.98844287206e-75
289.0 2.47955575348e-75
289.01 1.0242136511e-75
289.02 4.2205005072e-76
289.03 1.73497838406e-76
289.04 7.11509813471e-77
289.05 2.91088089081e-77
289.06 1.18802256637e-77
289.07 4.83706205961e-78
289.08 1.96469591863e-78
289.09 7.96096547743e-79
289.1 3.21805047925e-79
289.11 1.29770709143e-79
289.12 5.22056151271e-80
289.13 2.09514686067e-80
289.14 8.38819344432e-81
289.15 3.35026467239e-81
289.16 1.33489317253e-81
289.17 5.30604121669e-82
289.18 2.10402763627e-82
289.19 8.32317400189e-83
289.2 3.28460554093e-83
289.21 1.2931061628e-83
289.22 5.07857481806e-84
289.23 1.98978540623e-84
289.24 7.77727293931e-85
289.25 3.03253032658e-85
289.26 1.17961334636e-85
289.27 4.57752700633e-86
289.28 1.7720618074e-86
289.29 6.84358283505e-87
289.3 2.63660398249e-87
289.31 1.01335821274e-87
289.32 3.88541839393e-88
289.33 1.48617278588e-88
289.34 5.67097234401e-89
289.35 2.15875057611e-89
289.36 8.19792830354e-90
289.37 3.10572127607e-90
289.38 1.17375525804e-90
289.39 4.42536744163e-91
289.4 1.66447713598e-91
289.41 6.24544004148e-92
289.42 2.33778713671e-92
289.43 8.72978600412e-93
289.44 3.25206294393e-93
289.45 1.20856774545e-93
289.46 4.48063707281e-94
289.47 1.6571630758e-94
289.48 6.11430979783e-95
289.49 2.25053796134e-95
289.5 8.26384109648e-96
289.51 3.0271523869e-96
289.52 1.10622462448e-96
289.53 4.03282215886e-97
289.54 1.46666703629e-97
289.55 5.32121373063e-98
289.56 1.92595699815e-98
289.57 6.9540719627e-99
289.58 2.50488900351e-99
289.59 9.00107754137e-100
289.6 3.22668990991e-100
289.61 1.15392257576e-100
289.62 4.11673413355e-101
289.63 1.46516211883e-101
289.64 5.20205876574e-102
289.65 1.84255956903e-102
289.66 6.51065273511e-103
289.67 2.29500817485e-103
289.68 8.07050392406e-104
289.69 2.83122105963e-104
289.7 9.90840199322e-105
289.71 3.45931545213e-105
289.72 1.20485123279e-105
289.73 4.18632939088e-106
289.74 1.45107572828e-106
289.75 5.01768587812e-107
289.76 1.73090635445e-107
289.77 5.95662672354e-108
289.78 2.04495572448e-108
289.79 7.00364531568e-109
289.8 2.39288093362e-109
289.81 8.15595357553e-110
289.82 2.77322503084e-110
289.83 9.40702262105e-111
289.84 3.1832883206e-111
289.85 1.07462384712e-111
289.86 3.61904249216e-112
289.87 1.21587128314e-112
289.88 4.0750996266e-113
289.89 1.36252842271e-113
289.9 4.54474604965e-114
289.91 1.51227363771e-114
289.92 5.02004780158e-115
289.93 1.66242489556e-115
289.94 5.49203031516e-116
289.95 1.81000813979e-116
289.96 5.95092998142e-117
289.97 1.9518474119e-117
289.98 6.38650999499e-118
289.99 2.08467346999e-118
290.0 6.78842764011e-119
290.01 2.20524607062e-119
290.02 7.14663547743e-120
290.03 2.31048373314e-120
290.04 7.45179518575e-121
290.05 2.39759384133e-121
290.06 7.69568050572e-122
290.07 2.46419546633e-122
290.08 7.87154512333e-123
290.09 2.50842739225e-123
290.1 7.97443256967e-124
290.11 2.52903451034e-124
290.12 8.00140827933e-125
290.13 2.52542698648e-125
290.14 7.95169864632e-126
290.15 2.4977083095e-126
290.16 7.82672788187e-127
290.17 2.44667035902e-127
290.18 7.63005022348e-128
290.19 2.37375582073e-128
290.2 7.36718199822e-129
290.21 2.28099043874e-129
290.22 7.045344614e-130
290.23 2.17088954454e-130
290.24 6.67313518695e-131
290.25 2.04634487934e-131
290.26 6.26014575567e-132
290.27 1.91049880772e-132
290.28 5.81655456936e-133
290.29 1.76661353185e-133
290.3 5.35271362012e-134
290.31 1.61794283889e-134
290.32 4.87875545333e-135
290.33 1.46761328786e-135
290.34 4.40423953043e-136
290.35 1.3185206501e-136
290.36 3.93785437088e-137
290.37 1.17324598355e-137
290.38 3.4871867918e-138
290.39 1.03399408852e-138
290.4 3.05856426773e-139
290.41 9.0255541256e-140
290.42 2.65697121461e-140
290.43 7.80290884623e-141
290.44 2.2860352748e-141
290.45 6.68137782507e-142
290.46 1.94807577157e-142
290.47 5.66633658621e-143
290.48 1.64420362654e-143
290.49 4.75954617884e-144
290.5 1.37446029232e-144
290.51 3.95963870177e-145
290.52 1.13798262945e-145
290.53 3.26266448188e-146
290.54 9.3318104168e-147
290.55 2.66266242091e-147
290.56 7.57919394704e-148
290.57 2.15221989603e-148
290.58 6.09687053431e-149
290.59 1.72299498675e-149
290.6 4.8575554227e-150
290.61 1.36618094849e-150
290.62 3.83314629586e-151
290.63 1.0729000726e-151
290.64 2.99584861671e-152
290.65 8.34520795794e-153
290.66 2.31905566113e-153
290.67 6.4289772846e-154
290.68 1.77799002337e-154
290.69 4.90538905687e-155
290.7 1.35012601564e-155
290.71 3.70707918932e-156
290.72 1.01542097622e-156
290.73 2.77470685855e-157
290.74 7.56388285895e-158
290.75 2.05697583988e-158
290.76 5.58046382014e-159
290.77 1.51031700617e-159
290.78 4.07776916971e-160
290.79 1.09833259727e-160
290.8 2.95122158056e-161
290.81 7.91091052375e-162
290.82 2.1154747042e-162
290.83 5.64346596804e-163
290.84 1.5018988818e-163
290.85 3.98742187532e-164
290.86 1.05608868585e-164
290.87 2.79039254155e-165
290.88 7.35507193407e-166
290.89 1.93403912899e-166
290.9 5.07341393954e-167
290.91 1.32767582945e-167
290.92 3.46609538177e-168
290.93 9.02704650993e-169
290.94 2.34534944825e-169
290.95 6.07891610588e-170
290.96 1.57181507291e-170
290.97 4.05446408826e-171
290.98 1.04333115643e-171
290.99 2.67835170222e-172
291.0 6.85914119322e-173
291.01 1.75238121995e-173
291.02 4.46626149907e-174
291.03 1.13557654602e-174
291.04 2.88035084285e-175
291.05 7.28838115393e-176
291.06 1.83981210549e-176
291.07 4.63310963615e-177
291.08 1.16393410045e-177
291.09 2.91703014101e-178
291.1 7.29306611544e-179
291.11 1.81901422098e-179
291.12 4.52604375023e-180
291.13 1.12346128385e-180
291.14 2.78198115063e-181
291.15 6.87237683417e-182
291.16 1.69362188476e-182
291.17 4.16373094583e-183
291.18 1.02118768597e-183
291.19 2.49853357457e-184
291.2 6.09847882032e-185
291.21 1.48495933078e-185
291.22 3.60715088463e-186
291.23 8.74119417891e-187
291.24 2.11316756646e-187
291.25 5.09628626029e-188
291.26 1.22611273205e-188
291.27 2.94282000382e-189
291.28 7.04617956222e-190
291.29 1.68306319446e-190
291.3 4.01054920412e-191
291.31 9.53375494323e-192
291.32 2.26089727192e-192
291.33 5.34877568062e-193
291.34 1.26236414004e-193
291.35 2.97215615375e-194
291.36 6.98096252435e-195
291.37 1.63574537023e-195
291.38 3.82360307755e-196
291.39 8.91633987802e-197
291.4 2.0742310767e-197
291.41 4.81375927219e-198
291.42 1.11446981227e-198
291.43 2.57400247305e-199
291.44 5.93070496937e-200
291.45 1.36320254995e-200
291.46 3.12587184766e-201
291.47 7.15053699741e-202
291.48 1.6317846992e-202
291.49 3.71487123316e-203
291.5 8.43687048444e-204
291.51 1.91150619317e-204
291.52 4.32042774345e-205
291.53 9.74169419953e-206
291.54 2.19128541677e-206
291.55 4.9172253732e-207
291.56 1.10077355872e-207
291.57 2.45828693823e-208
291.58 5.47676199087e-209
291.59 1.21722782509e-209
291.6 2.69883656053e-210
291.61 5.96950070302e-211
291.62 1.31721339992e-211
291.63 2.89955253678e-212
291.64 6.36740587288e-213
291.65 1.39492479753e-213
291.66 3.04856714931e-214
291.67 6.64656789881e-215
291.68 1.44562561708e-215
291.69 3.13668520058e-216
291.7 6.78957740329e-217
291.71 1.46612588772e-217
291.72 3.15832261661e-218
291.73 6.7873216041e-219
291.74 1.45511418712e-219
291.75 3.11209203278e-220
291.76 6.6399452442e-221
291.77 1.41329646873e-221
291.78 3.00094999771e-222
291.79 6.35683522312e-223
291.8 1.3433211687e-223
291.81 2.83188408418e-224
291.82 5.95563119801e-225
291.83 1.24950163691e-225
291.84 2.61518593657e-226
291.85 5.46040712121e-227
291.86 1.13737633078e-227
291.87 2.36341538085e-228
291.88 4.89928426217e-229
291.89 1.01316908338e-229
291.9 2.09020041169e-230
291.91 4.30180419272e-231
291.92 8.83222364758e-232
291.93 1.80903173812e-232
291.94 3.69640053579e-233
291.95 7.53474523104e-234
291.96 1.53219778303e-234
291.97 3.1082632703e-235
291.98 6.29038856109e-236
291.99 1.26997116081e-236
292.0 2.55780218715e-237
292.01 5.1392146758e-238
292.02 1.03010921935e-238
292.03 2.05980685072e-239
292.04 4.10890813805e-240
292.05 8.17679435021e-241
292.06 1.62329117644e-241
292.07 3.21489275799e-242
292.08 6.35174804018e-243
292.09 1.25192047899e-243
292.1 2.46159689083e-244
292.11 4.82851778323e-245
292.12 9.44859959746e-246
292.13 1.84449620047e-246
292.14 3.59207002306e-247
292.15 6.97860364334e-248
292.16 1.35253646001e-248
292.17 2.61508698288e-249
292.18 5.04405723968e-250
292.19 9.70578313326e-251
292.2 1.86310730917e-251
292.21 3.56781120924e-252
292.22 6.81588997345e-253
292.23 1.29897258771e-253
292.24 2.46964261687e-254
292.25 4.68408691547e-255
292.26 8.86283142129e-256
292.27 1.67292604284e-256
292.28 3.15019693615e-257
292.29 5.91773314472e-258
292.3 1.1089954364e-258
292.31 2.07329380693e-259
292.32 3.86677276807e-260
292.33 7.19437650154e-261
292.34 1.33534775913e-261
292.35 2.47259115619e-262
292.36 4.56737794767e-263
292.37 8.41663123289e-264
292.38 1.54727089961e-264
292.39 2.83759967262e-265
292.4 5.19149694356e-266
292.41 9.47525244499e-267
292.42 1.72522477388e-267
292.43 3.13369909249e-268
292.44 5.6783951008e-269
292.45 1.02648033172e-269
292.46 1.85111059639e-270
292.47 3.33020379179e-271
292.48 5.97676203328e-272
292.49 1.07008389476e-272
292.5 1.9112891768e-273
292.51 3.40558467415e-274
292.52 6.05359935318e-275
292.53 1.07347609061e-275
292.54 1.89901233971e-276
292.55 3.35135093542e-277
292.56 5.9002272247e-278
292.57 1.03627322396e-278
292.58 1.81566836047e-279
292.59 3.1736240915e-280
292.6 5.53389803025e-281
292.61 9.62639171821e-282
292.62 1.67052360705e-282
292.63 2.89200083491e-283
292.64 4.99460238576e-284
292.65 8.6051835057e-285
292.66 1.47902686118e-285
292.67 2.5359967717e-286
292.68 4.33788506371e-287
292.69 7.40225589928e-288
292.7 1.26010535825e-288
292.71 2.13996332959e-289
292.72 3.62545495832e-290
292.73 6.12738834376e-291
292.74 1.0331062948e-291
292.75 1.73768606723e-292
292.76 2.91577722718e-293
292.77 4.88083436745e-294
292.78 8.15061744738e-295
292.79 1.35782455802e-295
292.8 2.25659446256e-296
292.81 3.74127891649e-297
292.82 6.18790110972e-298
292.83 1.02099438117e-298
292.84 1.68058332117e-299
292.85 2.7596465096e-300
292.86 4.52067797647e-301
292.87 7.38771949838e-302
292.88 1.20440883524e-302
292.89 1.95881841174e-303
292.9 3.17812615012e-304
292.91 5.1440454319e-305
292.92 8.30606200795e-306
292.93 1.33795729515e-306
292.94 2.1500375473e-307
292.95 3.44672430213e-308
292.96 5.51218465563e-309
292.97 8.79422714695e-310
292.98 1.39967855755e-310
292.99 2.22236633477e-311
293.0 3.52013807941e-312
293.01 5.56237748495e-313
293.02 8.76835101537e-314
293.03 1.37889788498e-314
293.04 2.16323147517e-315
293.05 3.38556062891e-316
293.06 5.28585073791e-317
293.07 8.23295676195e-318
293.08 1.27924465153e-318
293.09 1.98293246958e-319
293.1 3.06617139809e-320
293.11 4.7282082307e-321
293.12 7.26276499387e-322
293.13 1.13635098543e-322
293.14 1.48219693752e-323
293.15 4.94065645841e-324
293.16 0.0
293.17 0.0
293.18 0.0
293.19 0.0
293.2 0.0
293.21 0.0
293.22 0.0
293.23 0.0
293.24 0.0
293.25 0.0
293.26 0.0
293.27 0.0
293.28 0.0
293.29 0.0
293.3 0.0
293.31 0.0
293.32 0.0
293.33 0.0
293.34 0.0
293.35 0.0
293.36 0.0
293.37 0.0
293.38 0.0
293.39 0.0
293.4 0.0
293.41 0.0
293.42 0.0
293.43 0.0
293.44 0.0
293.45 0.0
293.46 0.0
293.47 0.0
293.48 0.0
293.49 0.0
293.5 0.0
293.51 0.0
293.52 0.0
293.53 0.0
293.54 0.0
293.55 0.0
293.56 0.0
293.57 0.0
293.58 0.0
293.59 0.0
293.6 0.0
293.61 0.0
293.62 0.0
293.63 0.0
293.64 0.0
293.65 0.0
293.66 0.0
293.67 0.0
293.68 0.0
293.69 0.0
293.7 0.0
293.71 0.0
293.72 0.0
293.73 0.0
293.74 0.0
293.75 0.0
293.76 0.0
293.77 0.0
293.78 0.0
293.79 0.0
293.8 0.0
293.81 0.0
293.82 0.0
293.83 0.0
293.84 0.0
293.85 0.0
293.86 0.0
293.87 0.0
293.88 0.0
293.89 0.0
293.9 0.0
293.91 0.0
293.92 0.0
293.93 0.0
293.94 0.0
293.95 0.0
293.96 0.0
293.97 0.0
293.98 0.0
293.99 0.0
294.0 0.0
294.01 0.0
294.02 0.0
294.03 0.0
294.04 0.0
294.05 0.0
294.06 0.0
294.07 0.0
294.08 0.0
294.09 0.0
294.1 0.0
294.11 0.0
294.12 0.0
294.13 0.0
294.14 0.0
294.15 0.0
294.16 0.0
294.17 0.0
294.18 0.0
294.19 0.0
294.2 0.0
294.21 0.0
294.22 0.0
294.23 0.0
294.24 0.0
294.25 0.0
294.26 0.0
294.27 0.0
294.28 0.0
294.29 0.0
294.3 0.0
294.31 0.0
294.32 0.0
294.33 0.0
294.34 0.0
294.35 0.0
294.36 0.0
294.37 0.0
294.38 0.0
294.39 0.0
294.4 0.0
294.41 0.0
294.42 0.0
294.43 0.0
294.44 0.0
294.45 0.0
294.46 0.0
294.47 0.0
294.48 0.0
294.49 0.0
294.5 0.0
294.51 0.0
294.52 0.0
294.53 0.0
294.54 0.0
294.55 0.0
294.56 0.0
294.57 0.0
294.58 0.0
294.59 0.0
294.6 0.0
294.61 0.0
294.62 0.0
294.63 0.0
294.64 0.0
294.65 0.0
294.66 0.0
294.67 0.0
294.68 0.0
294.69 0.0
294.7 0.0
294.71 0.0
294.72 0.0
294.73 0.0
294.74 0.0
294.75 0.0
294.76 0.0
294.77 0.0
294.78 0.0
294.79 0.0
294.8 0.0
294.81 0.0
294.82 0.0
294.83 0.0
294.84 0.0
294.85 0.0
294.86 0.0
294.87 0.0
294.88 0.0
294.89 0.0
294.9 0.0
294.91 0.0
294.92 0.0
294.93 0.0
294.94 0.0
294.95 0.0
294.96 0.0
294.97 0.0
294.98 0.0
294.99 0.0
295.0 0.0
295.01 0.0
295.02 0.0
295.03 0.0
295.04 0.0
295.05 0.0
295.06 0.0
295.07 0.0
295.08 0.0
295.09 0.0
295.1 0.0
295.11 0.0
295.12 0.0
295.13 0.0
295.14 0.0
295.15 0.0
295.16 0.0
295.17 0.0
295.18 0.0
295.19 0.0
295.2 0.0
295.21 0.0
295.22 0.0
295.23 0.0
295.24 0.0
295.25 0.0
295.26 0.0
295.27 0.0
295.28 0.0
295.29 0.0
295.3 0.0
295.31 0.0
295.32 0.0
295.33 0.0
295.34 0.0
295.35 0.0
295.36 0.0
295.37 0.0
295.38 0.0
295.39 0.0
295.4 0.0
295.41 0.0
295.42 0.0
295.43 0.0
295.44 0.0
295.45 0.0
295.46 0.0
295.47 0.0
295.48 0.0
295.49 0.0
295.5 0.0
295.51 0.0
295.52 0.0
295.53 0.0
295.54 0.0
295.55 0.0
295.56 0.0
295.57 0.0
295.58 0.0
295.59 0.0
295.6 0.0
295.61 0.0
295.62 0.0
295.63 0.0
295.64 0.0
295.65 0.0
295.66 0.0
295.67 0.0
295.68 0.0
295.69 0.0
295.7 0.0
295.71 0.0
295.72 0.0
295.73 0.0
295.74 0.0
295.75 0.0
295.76 0.0
295.77 0.0
295.78 0.0
295.79 0.0
295.8 0.0
295.81 0.0
295.82 0.0
295.83 0.0
295.84 0.0
295.85 0.0
295.86 0.0
295.87 0.0
295.88 0.0
295.89 0.0
295.9 0.0
295.91 0.0
295.92 0.0
295.93 0.0
295.94 0.0
295.95 0.0
295.96 0.0
295.97 0.0
295.98 0.0
295.99 0.0
296.0 0.0
296.01 0.0
296.02 0.0
296.03 0.0
296.04 0.0
296.05 0.0
296.06 0.0
296.07 0.0
296.08 0.0
296.09 0.0
296.1 0.0
296.11 0.0
296.12 0.0
296.13 0.0
296.14 0.0
296.15 0.0
296.16 0.0
296.17 0.0
296.18 0.0
296.19 0.0
296.2 0.0
296.21 0.0
296.22 0.0
296.23 0.0
296.24 0.0
296.25 0.0
296.26 0.0
296.27 0.0
296.28 0.0
296.29 0.0
296.3 0.0
296.31 0.0
296.32 0.0
296.33 0.0
296.34 0.0
296.35 0.0
296.36 0.0
296.37 0.0
296.38 0.0
296.39 0.0
296.4 0.0
296.41 0.0
296.42 0.0
296.43 0.0
296.44 0.0
296.45 0.0
296.46 0.0
296.47 0.0
296.48 0.0
296.49 0.0
296.5 0.0
296.51 0.0
296.52 0.0
296.53 0.0
296.54 0.0
296.55 0.0
296.56 0.0
296.57 0.0
296.58 0.0
296.59 0.0
296.6 0.0
296.61 0.0
296.62 0.0
296.63 0.0
296.64 0.0
296.65 0.0
296.66 0.0
296.67 0.0
296.68 0.0
296.69 0.0
296.7 0.0
296.71 0.0
296.72 0.0
296.73 0.0
296.74 0.0
296.75 0.0
296.76 0.0
296.77 0.0
296.78 0.0
296.79 0.0
296.8 0.0
296.81 0.0
296.82 0.0
296.83 0.0
296.84 0.0
296.85 0.0
296.86 0.0
296.87 0.0
296.88 0.0
296.89 0.0
296.9 0.0
296.91 0.0
296.92 0.0
296.93 0.0
296.94 0.0
296.95 0.0
296.96 0.0
296.97 0.0
296.98 0.0
296.99 0.0
297.0 0.0
297.01 0.0
297.02 0.0
297.03 0.0
297.04 0.0
297.05 0.0
297.06 0.0
297.07 0.0
297.08 0.0
297.09 0.0
297.1 0.0
297.11 0.0
297.12 0.0
297.13 0.0
297.14 0.0
297.15 0.0
297.16 0.0
297.17 0.0
297.18 0.0
297.19 0.0
297.2 0.0
297.21 0.0
297.22 0.0
297.23 0.0
297.24 0.0
297.25 0.0
297.26 0.0
297.27 0.0
297.28 0.0
297.29 0.0
297.3 0.0
297.31 0.0
297.32 0.0
297.33 0.0
297.34 0.0
297.35 0.0
297.36 0.0
297.37 0.0
297.38 0.0
297.39 0.0
297.4 0.0
297.41 0.0
297.42 0.0
297.43 0.0
297.44 0.0
297.45 0.0
297.46 0.0
297.47 0.0
297.48 0.0
297.49 0.0
297.5 0.0
297.51 0.0
297.52 0.0
297.53 0.0
297.54 0.0
297.55 0.0
297.56 0.0
297.57 0.0
297.58 0.0
297.59 0.0
297.6 0.0
297.61 0.0
297.62 0.0
297.63 0.0
297.64 0.0
297.65 0.0
297.66 0.0
297.67 0.0
297.68 0.0
297.69 0.0
297.7 0.0
297.71 0.0
297.72 0.0
297.73 0.0
297.74 0.0
297.75 0.0
297.76 0.0
297.77 0.0
297.78 0.0
297.79 0.0
297.8 0.0
297.81 0.0
297.82 0.0
297.83 0.0
297.84 0.0
297.85 0.0
297.86 0.0
297.87 0.0
297.88 0.0
297.89 0.0
297.9 0.0
297.91 0.0
297.92 0.0
297.93 0.0
297.94 0.0
297.95 0.0
297.96 0.0
297.97 0.0
297.98 0.0
297.99 0.0
298.0 0.0
298.01 0.0
298.02 0.0
298.03 0.0
298.04 0.0
298.05 0.0
298.06 0.0
298.07 0.0
298.08 0.0
298.09 0.0
298.1 0.0
298.11 0.0
298.12 0.0
298.13 0.0
298.14 0.0
298.15 0.0
298.16 0.0
298.17 0.0
298.18 0.0
298.19 0.0
298.2 0.0
298.21 0.0
298.22 0.0
298.23 0.0
298.24 0.0
298.25 0.0
298.26 0.0
298.27 0.0
298.28 0.0
298.29 0.0
298.3 0.0
298.31 0.0
298.32 0.0
298.33 0.0
298.34 0.0
298.35 0.0
298.36 0.0
298.37 0.0
298.38 0.0
298.39 0.0
298.4 0.0
298.41 0.0
298.42 0.0
298.43 0.0
298.44 0.0
298.45 0.0
298.46 0.0
298.47 0.0
298.48 0.0
298.49 0.0
298.5 0.0
298.51 0.0
298.52 0.0
298.53 0.0
298.54 0.0
298.55 0.0
298.56 0.0
298.57 0.0
298.58 0.0
298.59 0.0
298.6 0.0
298.61 0.0
298.62 0.0
298.63 0.0
298.64 0.0
298.65 0.0
298.66 0.0
298.67 0.0
298.68 0.0
298.69 0.0
298.7 0.0
298.71 0.0
298.72 0.0
298.73 0.0
298.74 0.0
298.75 0.0
298.76 0.0
298.77 0.0
298.78 0.0
298.79 0.0
298.8 0.0
298.81 0.0
298.82 0.0
298.83 0.0
298.84 0.0
298.85 0.0
298.86 0.0
298.87 0.0
298.88 0.0
298.89 0.0
298.9 0.0
298.91 0.0
298.92 0.0
298.93 0.0
298.94 0.0
298.95 0.0
298.96 0.0
298.97 0.0
298.98 0.0
298.99 0.0
299.0 0.0
299.01 0.0
299.02 0.0
299.03 0.0
299.04 0.0
299.05 0.0
299.06 0.0
299.07 0.0
299.08 0.0
299.09 0.0
299.1 0.0
299.11 0.0
299.12 0.0
299.13 0.0
299.14 0.0
299.15 0.0
299.16 0.0
299.17 0.0
299.18 0.0
299.19 0.0
299.2 0.0
299.21 0.0
299.22 0.0
299.23 0.0
299.24 0.0
299.25 0.0
299.26 0.0
299.27 0.0
299.28 0.0
299.29 0.0
299.3 0.0
299.31 0.0
299.32 0.0
299.33 0.0
299.34 0.0
299.35 0.0
299.36 0.0
299.37 0.0
299.38 0.0
299.39 0.0
299.4 0.0
299.41 0.0
299.42 0.0
299.43 0.0
299.44 0.0
299.45 0.0
299.46 0.0
299.47 0.0
299.48 0.0
299.49 0.0
299.5 0.0
299.51 0.0
299.52 0.0
299.53 0.0
299.54 0.0
299.55 0.0
299.56 0.0
299.57 0.0
299.58 0.0
299.59 0.0
299.6 0.0
299.61 0.0
299.62 0.0
299.63 0.0
299.64 0.0
299.65 0.0
299.66 0.0
299.67 0.0
299.68 0.0
299.69 0.0
299.7 0.0
299.71 0.0
299.72 0.0
299.73 0.0
299.74 0.0
299.75 0.0
299.76 0.0
299.77 0.0
299.78 0.0
299.79 0.0
299.8 0.0
299.81 0.0
299.82 0.0
299.83 0.0
299.84 0.0
299.85 0.0
299.86 0.0
299.87 0.0
299.88 0.0
299.89 0.0
299.9 0.0
299.91 0.0
299.92 0.0
299.93 0.0
299.94 0.0
299.95 0.0
299.96 0.0
299.97 0.0
299.98 0.0
299.99 0.0
