275.0 0.0
275.01 0.0
275.02 0.0
275.03 0.0
275.04 0.0
275.05 0.0
275.06 0.0
275.07 0.0
275.08 0.0
275.09 0.0
275.1 0.0
275.11 0.0
275.12 0.0
275.13 0.0
275.14 0.0
275.15 0.0
275.16 0.0
275.17 0.0
275.18 0.0
275.19 0.0
275.2 0.0
275.21 0.0
275.22 0.0
275.23 0.0
275.24 0.0
275.25 0.0
275.26 0.0
275.27 0.0
275.28 0.0
275.29 0.0
275.3 0.0
275.31 0.0
275.32 0.0
275.33 0.0
275.34 0.0
275.35 0.0
275.36 0.0
275.37 0.0
275.38 0.0
275.39 0.0
275.4 0.0
275.41 0.0
275.42 0.0
275.43 0.0
275.44 0.0
275.45 0.0
275.46 0.0
275.47 0.0
275.48 0.0
275.49 0.0
275.5 0.0
275.51 0.0
275.52 0.0
275.53 0.0
275.54 0.0
275.55 0.0
275.56 0.0
275.57 0.0
275.58 0.0
275.59 0.0
275.6 0.0
275.61 0.0
275.62 0.0
275.63 0.0
275.64 0.0
275.65 0.0
275.66 0.0
275.67 0.0
275.68 0.0
275.69 0.0
275.7 0.0
275.71 0.0
275.72 0.0
275.73 0.0
275.74 0.0
275.75 0.0
275.76 0.0
275.77 0.0
275.78 0.0
275.79 0.0
275.8 0.0
275.81 0.0
275.82 0.0
275.83 0.0
275.84 0.0
275.85 0.0
275.86 0.0
275.87 0.0
275.88 0.0
275.89 0.0
275.9 0.0
275.91 0.0
275.92 0.0
275.93 0.0
275.94 0.0
275.95 0.0
275.96 0.0
275.97 0.0
275.98 0.0
275.99 0.0
276.0 0.0
276.01 0.0
276.02 0.0
276.03 0.0
276.04 0.0
276.05 0.0
276.06 0.0
276.07 0.0
276.08 0.0
276.09 0.0
276.1 0.0
276.11 0.0
276.12 0.0
276.13 0.0
276.14 0.0
276.15 0.0
276.16 0.0
276.17 0.0
276.18 0.0
276.19 0.0
276.2 0.0
276.21 0.0
276.22 0.0
276.23 0.0
276.24 0.0
276.25 0.0
276.26 0.0
276.27 0.0
276.28 0.0
276.29 0.0
276.3 0.0
276.31 0.0
276.32 0.0
276.33 0.0
276.34 0.0
276.35 0.0
276.36 0.0
276.37 0.0
276.38 0.0
276.39 0.0
276.4 0.0
276.41 0.0
276.42 0.0
276.43 0.0
276.44 0.0
276.45 0.0
276.46 0.0
276.47 0.0
276.48 0.0
276.49 0.0
276.5 0.0
276.51 0.0
276.52 0.0
276.53 0.0
276.54 0.0
276.55 0.0
276.56 0.0
276.57 0.0
276.58 0.0
276.59 0.0
276.6 0.0
276.61 0.0
276.62 0.0
276.63 0.0
276.64 0.0
276.65 0.0
276.66 0.0
276.67 0.0
276.68 0.0
276.69 0.0
276.7 0.0
276.71 0.0
276.72 0.0
276.73 0.0
276.74 0.0
276.75 0.0
276.76 0.0
276.77 0.0
276.78 0.0
276.79 0.0
276.8 0.0
276.81 0.0
276.82 0.0
276.83 0.0
276.84 0.0
276.85 0.0
276.86 0.0
276.87 0.0
276.88 0.0
276.89 0.0
276.9 0.0
276.91 0.0
276.92 0.0
276.93 0.0
276.94 0.0
276.95 0.0
276.96 0.0
276.97 0.0
276.98 0.0
276.99 0.0
277.0 0.0
277.01 0.0
277.02 0.0
277.03 0.0
277.04 0.0
277.05 0.0
277.06 0.0
277.07 0.0
277.08 0.0
277.09 0.0
277.1 0.0
277.11 0.0
277.12 0.0
277.13 0.0
277.14 0.0
277.15 0.0
277.16 0.0
277.17 0.0
277.18 0.0
277.19 0.0
277.2 0.0
277.21 4.94065645841e-324
277.22 4.44659081257e-323
277.23 2.91498731046e-322
277.24 1.8774494542e-321
277.25 1.2114489636e-320
277.26 7.80228467912e-320
277.27 5.013778174e-319
277.28 3.21414405902e-318
277.29 2.05553047558e-317
277.3 1.31141168472e-316
277.31 8.34662486408e-316
277.32 5.2995554717e-315
277.33 3.35679408059e-314
277.34 2.12112698162e-313
277.35 1.33710448536e-312
277.36 8.40854267122e-312
277.37 5.27512589402e-311
277.38 3.3014265128e-310
277.39 2.06123330012e-309
277.4 1.28383548399e-308
277.41 7.97716012087e-308
277.42 4.94474560916e-307
277.43 3.05771009478e-306
277.44 1.88627656933e-305
277.45 1.16083673428e-304
277.46 7.12678446918e-304
277.47 4.36488510653e-303
277.48 2.66691219835e-302
277.49 1.62555372863e-301
277.5 9.88440766692e-301
277.51 5.99593172213e-300
277.52 3.62843558984e-299
277.53 2.19047785528e-298
277.54 1.31921331322e-297
277.55 7.92588731351e-297
277.56 4.750479748e-296
277.57 2.84042782273e-295
277.58 1.69428612627e-294
277.59 1.00819946059e-293
277.6 5.98498238337e-293
277.61 3.5443451054e-292
277.62 2.09394772957e-291
277.63 1.23410576369e-290
277.64 7.25597260598e-290
277.65 4.25594099079e-289
277.66 2.49030345239e-288
277.67 1.45366941512e-287
277.68 8.46517118645e-287
277.69 4.9177058323e-286
277.7 2.85000785869e-285
277.71 1.64773086957e-284
277.72 9.50349188496e-284
277.73 5.46810503059e-283
277.74 3.13868113452e-282
277.75 1.79727385112e-281
277.76 1.02668690776e-280
277.77 5.85084377093e-280
277.78 3.32625613869e-279
277.79 1.8864686221e-278
277.8 1.06733362687e-277
277.81 6.02431272517e-277
277.82 3.39212254771e-276
277.83 1.90542679724e-275
277.84 1.06775032729e-274
277.85 5.96903145212e-274
277.86 3.32885386981e-273
277.87 1.85200563621e-272
277.88 1.02788987158e-271
277.89 5.69124889416e-271
277.9 3.14358552742e-270
277.91 1.73220661183e-269
277.92 9.52205778742e-269
277.93 5.22178087336e-268
277.94 2.85669045076e-267
277.95 1.55906575551e-266
277.96 8.48833266202e-266
277.97 4.61038358132e-265
277.98 2.49809205415e-264
277.99 1.35031945711e-263
278.0 7.28150786055e-263
278.01 3.91708349891e-262
278.02 2.10213714113e-261
278.03 1.12542347877e-260
278.04 6.01073534856e-260
278.05 3.20255023869e-259
278.06 1.70224083906e-258
278.07 9.02615463405e-258
278.08 4.77464671538e-257
278.09 2.5196279995e-256
278.1 1.32644216348e-255
278.11 6.96621574178e-255
278.12 3.64974255938e-254
278.13 1.90758655566e-253
278.14 9.94633273395e-253
278.15 5.17366642274e-252
278.16 2.68466792067e-251
278.17 1.38975879984e-250
278.18 7.17703396311e-250
278.19 3.69749231233e-249
278.2 1.9003179365e-248
278.21 9.74320779488e-248
278.22 4.98349895837e-247
278.23 2.54286607767e-246
278.24 1.29440241413e-245
278.25 6.57312437197e-245
278.26 3.32989925924e-244
278.27 1.68285636391e-243
278.28 8.48437222461e-243
278.29 4.26725982704e-242
278.3 2.1410912192e-241
278.31 1.07171167818e-240
278.32 5.35152385163e-240
278.33 2.6658375269e-239
278.34 1.32478864963e-238
278.35 6.567744198e-238
278.36 3.24819856279e-237
278.37 1.60260177644e-236
278.38 7.88797234475e-236
278.39 3.87312798608e-235
278.4 1.89720834774e-234
278.41 9.2709644335e-234
278.42 4.51951167496e-233
278.43 2.19793487343e-232
278.44 1.06633787846e-231
278.45 5.16097271123e-231
278.46 2.49186780203e-230
278.47 1.2002594772e-229
278.48 5.76742557162e-229
278.49 2.76468440688e-228
278.5 1.32210466306e-227
278.51 6.30729030161e-227
278.52 3.00176378308e-226
278.53 1.4251708012e-225
278.54 6.750159393e-225
278.55 3.18946506551e-224
278.56 1.50341327528e-223
278.57 7.06961268865e-223
278.58 3.31642035235e-222
278.59 1.55203042784e-221
278.6 7.2458209941e-221
278.61 3.37467286569e-220
278.62 1.56795093306e-219
278.63 7.26758242135e-219
278.64 3.36050211614e-218
278.65 1.55015487413e-217
278.66 7.13350083946e-217
278.67 3.27481712458e-216
278.68 1.49978186634e-215
278.69 6.85213409454e-215
278.7 3.12305992891e-214
278.71 1.4200102925e-213
278.72 6.44109012543e-213
278.73 2.91463361383e-212
278.74 1.31572544002e-211
278.75 5.92520368607e-211
278.76 2.66193843047e-210
278.77 1.19302470645e-209
278.78 5.33405609444e-209
278.79 2.3791533134e-208
278.8 1.05862949282e-207
278.81 4.69918192354e-207
278.82 2.08092888043e-206
278.83 9.19282359363e-206
278.84 4.05132724304e-205
278.85 1.78115794369e-204
278.86 7.81203624057e-204
278.87 3.41808435203e-203
278.88 1.49196286066e-202
278.89 6.4966572999e-202
278.9 2.82214038527e-201
278.91 1.22299302036e-200
278.92 5.28720382394e-200
278.93 2.28026245701e-199
278.94 9.81070756253e-199
278.95 4.21087678358e-198
278.96 1.80302374451e-197
278.97 7.70170834271e-197
278.98 3.28193065067e-196
278.99 1.39517421456e-195
279.0 5.91676324738e-195
279.01 2.50320635147e-194
279.02 1.05649104901e-193
279.03 4.44827574775e-193
279.04 1.86841906508e-192
279.05 7.82913151605e-192
279.06 3.27272562145e-191
279.07 1.36477894542e-190
279.08 5.67769084313e-190
279.09 2.35633957617e-189
279.1 9.75575137157e-189
279.11 4.02939904605e-188
279.12 1.66026168096e-187
279.13 6.8244792741e-187
279.14 2.79846064262e-186
279.15 1.1447893939e-185
279.16 4.67184795756e-185
279.17 1.9019912442e-184
279.18 7.72476071996e-184
279.19 3.12981211745e-183
279.2 1.26505150928e-182
279.21 5.10099455671e-182
279.22 2.05190958709e-181
279.23 8.23414083282e-181
279.24 3.29636330006e-180
279.25 1.31646270273e-179
279.26 5.24491866862e-179
279.27 2.08461407782e-178
279.28 8.265502928e-178
279.29 3.26941169159e-177
279.3 1.29010972251e-176
279.31 5.07855774066e-176
279.32 1.99439350159e-175
279.33 7.81336325619e-175
279.34 3.05366851163e-174
279.35 1.19059067113e-173
279.36 4.63083992955e-173
279.37 1.79685806363e-172
279.38 6.95543803714e-172
279.39 2.68591279869e-171
279.4 1.03470379239e-170
279.41 3.97646242111e-170
279.42 1.52452459026e-169
279.43 5.83080737776e-169
279.44 2.22474205736e-168
279.45 8.4681266515e-168
279.46 3.21552384305e-167
279.47 1.2180716439e-166
279.48 4.60310245687e-166
279.49 1.73534232611e-165
279.5 6.52644056265e-165
279.51 2.44863653015e-164
279.52 9.16492617237e-164
279.53 3.4220813312e-163
279.54 1.27470119431e-162
279.55 4.73677949365e-162
279.56 1.7559601377e-161
279.57 6.49385888585e-161
279.58 2.3957845e-160
279.59 8.81757909826e-160
279.6 3.23748442004e-159
279.61 1.18583078174e-158
279.62 4.33305759317e-158
279.63 1.57951193939e-157
279.64 5.74391592082e-157
279.65 2.08377078437e-156
279.66 7.54134006057e-156
279.67 2.72272522205e-155
279.68 9.80654021549e-155
279.69 3.52358313298e-154
279.7 1.26301916527e-153
279.71 4.51639656549e-153
279.72 1.61113119201e-152
279.73 5.73358760623e-152
279.74 2.03553563203e-151
279.75 7.20920997681e-151
279.76 2.547143135e-150
279.77 8.97792009024e-150
279.78 3.15685642245e-149
279.79 1.10736459553e-148
279.8 3.87510208386e-148
279.81 1.35279618863e-147
279.82 4.71127335867e-147
279.83 1.63682008663e-146
279.84 5.67309815507e-146
279.85 1.96153634284e-145
279.86 6.76595538781e-145
279.87 2.32819102254e-144
279.88 7.99217160239e-144
279.89 2.73695526901e-143
279.9 9.35033796599e-143
279.91 3.18671795385e-142
279.92 1.0834694125e-141
279.93 3.6749073373e-141
279.94 1.24346292232e-140
279.95 4.19735784651e-140
279.96 1.41343507024e-139
279.97 4.74823755456e-139
279.98 1.5912767738e-138
279.99 5.32005005771e-138
280.0 1.77436279697e-137
280.01 5.90372115877e-137
280.02 1.95959336531e-136
280.03 6.48877616831e-136
280.04 2.1434647009e-135
280.05 7.06360796941e-135
280.06 2.32216753672e-134
280.07 7.61582963803e-134
280.08 2.49171060839e-133
280.09 8.13269885937e-133
280.1 2.64806408482e-132
280.11 8.60159519997e-132
280.12 2.7873160729e-131
280.13 9.01052606837e-131
280.14 2.90583389535e-130
280.15 9.34863346795e-130
280.16 3.00042095316e-129
280.17 9.60667185094e-129
280.18 3.06845975891e-128
280.19 9.77742780056e-128
280.2 3.10803222292e-127
280.21 9.85605497818e-127
280.22 3.1180094817e-126
280.23 9.84030263501e-126
280.24 3.09810539798e-125
280.25 9.73062265205e-125
280.26 3.04889019392e-124
280.27 9.53014800402e-124
280.28 2.97176331123e-123
280.29 9.24454407985e-123
280.3 2.86888730048e-122
280.31 8.88174270623e-122
280.32 2.74308709841e-121
280.33 8.45157629976e-121
280.34 2.59772123893e-120
280.35 7.96533568844e-120
280.36 2.43653318611e-119
280.37 7.43527931826e-119
280.38 2.26349195303e-118
280.39 6.87412351204e-118
280.4 2.08263142369e-117
280.41 6.29454310992e-117
280.42 1.89789734017e-116
280.43 5.70870934236e-116
280.44 1.71300983145e-115
280.45 5.12788750362e-115
280.46 1.53134777557e-114
280.47 4.56211138609e-114
280.48 1.35585936971e-113
280.49 4.01994506564e-113
280.5 1.18900121788e-112
280.51 3.50833608296e-112
280.52 1.03270621432e-111
280.53 3.03255789065e-111
280.54 8.88378663671e-111
280.55 2.59623409108e-110
280.56 7.56913561884e-110
280.57 2.20143280873e-109
280.58 6.38735849735e-109
280.59 1.84881671571e-108
280.6 5.33854779957e-108
280.61 1.53783280728e-107
280.62 4.4192830373e-107
280.63 1.26692592277e-106
280.64 3.62332538835e-106
280.65 1.0337610416e-105
280.66 2.94231858534e-105
280.67 8.35441295235e-105
280.68 2.36645849112e-104
280.69 6.68711132834e-104
280.7 1.88510230896e-103
280.71 5.30136866547e-103
280.72 1.48729732816e-102
280.73 4.16259634212e-102
280.74 1.16221776167e-101
280.75 3.23718431801e-101
280.76 8.99505984234e-101
280.77 2.49343123536e-100
280.78 6.89520914637e-100
280.79 1.90219134591e-99
280.8 5.23501184599e-99
280.81 1.43726829517e-98
280.82 3.93654057204e-98
280.83 1.07559389301e-97
280.84 2.93182897839e-97
280.85 7.97233699089e-97
280.86 2.16266560121e-96
280.87 5.85261298502e-96
280.88 1.58003588326e-95
280.89 4.25540405559e-95
280.9 1.14332938556e-94
280.91 3.06449302998e-94
280.92 8.19412565735e-94
280.93 2.18576421167e-93
280.94 5.81648632776e-93
280.95 1.54409786285e-92
280.96 4.08926863731e-92
280.97 1.08037162939e-91
280.98 2.84745854431e-91
280.99 7.48683666286e-91
281.0 1.96379439611e-90
281.01 5.13866592092e-90
281.02 1.34140975703e-89
281.03 3.49324662018e-89
281.04 9.07514857035e-89
281.05 2.3519871752e-88
281.06 6.08097005102e-88
281.07 1.56843848185e-87
281.08 4.03569952315e-87
281.09 1.0359215491e-86
281.1 2.652721276e-86
281.11 6.77661922477e-86
281.12 1.72699569877e-85
281.13 4.39062289663e-85
281.14 1.11357053073e-84
281.15 2.81751366052e-84
281.16 7.11166090994e-84
281.17 1.79074093353e-83
281.18 4.49832873934e-83
281.19 1.12726579642e-82
281.2 2.81811154097e-82
281.21 7.02824248248e-82
281.22 1.74860616211e-81
281.23 4.34004249448e-81
281.24 1.07461443163e-80
281.25 2.6544103682e-80
281.26 6.54094008429e-80
281.27 1.60793684305e-79
281.28 3.94325181066e-79
281.29 9.64709923528e-79
281.3 2.35448370982e-78
281.31 5.73259609622e-78
281.32 1.39239901289e-77
281.33 3.37390445252e-77
281.34 8.15564965942e-77
281.35 1.96671329374e-76
281.36 4.73129747441e-76
281.37 1.13547131023e-75
281.38 2.71849654759e-75
281.39 6.49289105246e-75
281.4 1.54704930526e-74
281.41 3.67728173031e-74
281.42 8.71979675999e-74
281.43 2.06273069183e-73
281.44 4.86783005917e-73
281.45 1.1460009965e-72
281.46 2.69148083621e-72
281.47 6.30600481601e-72
281.48 1.47392034568e-71
281.49 3.43676976549e-71
281.5 7.99435765186e-71
281.51 1.85512602548e-70
281.52 4.29457282852e-70
281.53 9.91798016517e-70
281.54 2.28498423657e-69
281.55 5.25169977608e-69
281.56 1.20412973984e-68
281.57 2.7542501665e-68
281.58 6.2847816745e-68
281.59 1.43065104376e-67
281.6 3.24888206149e-67
281.61 7.36022152708e-67
281.62 1.66343002057e-66
281.63 3.75037671719e-66
281.64 8.43532776212e-66
281.65 1.89271724881e-65
281.66 4.23668550914e-65
281.67 9.46070333465e-65
281.68 2.10754730166e-64
281.69 4.68368788635e-64
281.7 1.03837750738e-63
281.71 2.2965679898e-63
281.72 5.06710672691e-63
281.73 1.11531490447e-62
281.74 2.44901626554e-62
281.75 5.36466420223e-62
281.76 1.17233066604e-61
281.77 2.55572674495e-61
281.78 5.55821599358e-61
281.79 1.20590509726e-60
281.8 2.61004233556e-60
281.81 5.63558081716e-60
281.82 1.21391009233e-59
281.83 2.60850138469e-59
281.84 5.59180902403e-59
281.85 1.19583235349e-58
281.86 2.55120276696e-58
281.87 5.42970662786e-58
281.88 1.15282785646e-57
281.89 2.44179538592e-57
281.9 5.15953763883e-57
281.91 1.08759952878e-56
281.92 2.28709363925e-56
281.93 4.79794859782e-56
281.94 1.00411613391e-55
281.95 2.09637517979e-55
281.96 4.36627195727e-55
281.97 9.0721300162e-55
281.98 1.88046155163e-54
281.99 3.88844857917e-54
282.0 8.02130392253e-54
282.01 1.65070814022e-53
282.02 3.38884982402e-53
282.03 6.94050487853e-53
282.04 1.41803357415e-52
282.05 2.8902717154e-52
282.06 5.87688972561e-52
282.07 1.19210118589e-51
282.08 2.41232272399e-51
282.09 4.86983677887e-51
282.1 9.80731472218e-51
282.11 1.97034614611e-50
282.12 3.94904110984e-50
282.13 7.89582456611e-50
282.14 1.57492557489e-49
282.15 3.1338578275e-49
282.16 6.2209291369e-49
282.17 1.23193538022e-48
282.18 2.43375754692e-48
282.19 4.79648846118e-48
282.2 9.4303151449e-48
282.21 1.84963365157e-47
282.22 3.61911130213e-47
282.23 7.06439330922e-47
282.24 1.37563909891e-46
282.25 2.67233476165e-46
282.26 5.17885701446e-46
282.27 1.00122962111e-45
282.28 1.93103510132e-45
282.29 3.71538100455e-45
282.3 7.13137466887e-45
282.31 1.36552564668e-44
282.32 2.608453974e-44
282.33 4.97076468623e-44
282.34 9.44974175476e-44
282.35 1.79214599282e-43
282.36 3.39065451563e-43
282.37 6.39956426795e-43
282.38 1.20496374163e-42
282.39 2.26336326207e-42
282.4 4.24122444016e-42
282.41 7.92838913963e-42
282.42 1.47854780228e-41
282.43 2.75069534015e-41
282.44 5.105124325e-41
282.45 9.45206857182e-41
282.46 1.7458386905e-40
282.47 3.21690379986e-40
282.48 5.9132840746e-40
282.49 1.08436657421e-39
282.5 1.98371926179e-39
282.51 3.62027039017e-39
282.52 6.59110933276e-39
282.53 1.19710634518e-38
282.54 2.16902051318e-38
282.55 3.92058880424e-38
282.56 7.06961300698e-38
282.57 1.27173521175e-37
282.58 2.28220399295e-37
282.59 4.08572314774e-37
282.6 7.29692897218e-37
282.61 1.300073818e-36
282.62 2.31074815541e-36
282.63 4.09726380706e-36
282.64 7.24756216788e-36
282.65 1.27892972316e-35
282.66 2.25142830505e-35
282.67 3.95390538162e-35
282.68 6.92709481866e-35
282.69 1.21068929379e-34
282.7 2.1109161427e-34
282.71 3.67168968756e-34
282.72 6.37114762144e-34
282.73 1.10287445005e-33
282.74 1.90454480028e-33
282.75 3.28105129266e-33
282.76 5.63886316716e-33
282.77 9.66778095619e-33
282.78 1.6535554286e-32
282.79 2.82141793282e-32
282.8 4.8025599725e-32
282.81 8.15520496968e-32
282.82 1.38150885985e-31
282.83 2.33468975503e-31
282.84 3.93605710119e-31
282.85 6.61988297872e-31
282.86 1.11069788297e-30
282.87 1.85908088433e-30
282.88 3.10425461982e-30
282.89 5.17098283855e-30
282.9 8.59301492867e-30
282.91 1.42454031909e-29
282.92 2.35592051855e-29
282.93 3.88689879704e-29
282.94 6.39738578614e-29
282.95 1.05040930098e-28
282.96 1.72056579837e-28
282.97 2.81151705475e-28
282.98 4.58317951838e-28
282.99 7.45331925419e-28
283.0 1.20917536165e-27
283.01 1.9569762907e-27
283.02 3.15964687645e-27
283.03 5.08918504398e-27
283.04 8.17738877134e-27
283.05 1.31080400146e-26
283.06 2.09612694591e-26
283.07 3.34390640286e-26
283.08 5.32166282185e-26
283.09 8.448844274e-26
283.1 1.33814743516e-25
283.11 2.11430353604e-25
283.12 3.33263242719e-25
283.13 5.24039718847e-25
283.14 8.22048996821e-25
283.15 1.2864351912e-24
283.16 2.0083288626e-24
283.17 3.1277962677e-24
283.18 4.85958064823e-24
283.19 7.53209589064e-24
283.2 1.16463435309e-23
283.21 1.7964703832e-23
283.22 2.7644404356e-23
283.23 4.24376299346e-23
283.24 6.49907749352e-23
283.25 9.9290802096e-23
283.26 1.51329303148e-22
283.27 2.30087886529e-22
283.28 3.48996592885e-22
283.29 5.28086820497e-22
283.3 7.97161251313e-22
283.31 1.20044907428e-21
283.32 1.80342469118e-21
283.33 2.70276938765e-21
283.34 4.04088676601e-21
283.35 6.02699844989e-21
283.36 8.9677230666e-21
283.37 1.33112857476e-20
283.38 1.97112666915e-20
283.39 2.91182835667e-20
283.4 4.29115021626e-20
283.41 6.3086781846e-20
283.42 9.25251376093e-20
283.43 1.35374795928e-19
283.44 1.97593475317e-19
283.45 2.87716053173e-19
283.46 4.1793842139e-19
283.47 6.05643710363e-19
283.48 8.75545730069e-19
283.49 1.26269123805e-18
283.5 1.81665395587e-18
283.51 2.60737778176e-18
283.52 3.73329597051e-18
283.53 5.33258261147e-18
283.54 7.59870303831e-18
283.55 1.08018480082e-17
283.56 1.5318398431e-17
283.57 2.16713202544e-17
283.58 3.05853946325e-17
283.59 4.30625274679e-17
283.6 6.04841600123e-17
283.61 8.47501548885e-17
283.62 1.18466636197e-16
283.63 1.6519934576e-16
283.64 2.29814432178e-16
283.65 3.18935589132e-16
283.66 4.41555580901e-16
283.67 6.09852042112e-16
283.68 8.4027278185e-16
283.69 1.15497562627e-15
283.7 1.5837333133e-15
283.71 2.16644662802e-15
283.72 2.95645073272e-15
283.73 4.02485285454e-15
283.74 5.46620705593e-15
283.75 7.40591731322e-15
283.76 1.00098679619e-14
283.77 1.34969161037e-14
283.78 1.81550503367e-14
283.79 2.43622320739e-14
283.8 3.26131992711e-14
283.81 4.35538390333e-14
283.82 5.80251389224e-14
283.83 7.71192230646e-14
283.84 1.02250587472e-13
283.85 1.35246391853e-13
283.86 1.78460568864e-13
283.87 2.34917606812e-13
283.88 3.08493183523e-13
283.89 4.04140417918e-13
283.9 5.28172408012e-13
283.91 6.88613991677e-13
283.92 8.95638358393e-13
283.93 1.16210732155e-12
283.94 1.50423780383e-12
283.95 1.9424214716e-12
283.96 2.50222956297e-12
283.97 3.21564087928e-12
283.98 4.12253774676e-12
283.99 5.27252260193e-12
284.0 6.72711681157e-12
284.01 8.5624135036e-12
284.02 1.08722676517e-11
284.03 1.37721195093e-11
284.04 1.74035617965e-11
284.05 2.19397768579e-11
284.06 2.75919873502e-11
284.07 3.4617082879e-11
284.08 4.33266053184e-11
284.09 5.4097297217e-11
284.1 6.73834405288e-11
284.11 8.37312366699e-11
284.12 1.03795503236e-10
284.13 1.2835898719e-10
284.14 1.5835461838e-10
284.15 1.94891050204e-10
284.16 2.39281855252e-10
284.17 2.93078761931e-10
284.18 3.58109332225e-10
284.19 4.36519489641e-10
284.2 5.30821308651e-10
284.21 6.43946470918e-10
284.22 7.79305777702e-10
284.23 9.40855080184e-10
284.24 1.13316794821e-09
284.25 1.36151534112e-09
284.26 1.63195247013e-09
284.27 1.951412948e-09
284.28 2.32781020693e-09
284.29 2.77014602844e-09
284.3 3.28862586701e-09
284.31 3.89478046376e-09
284.32 4.60159303392e-09
284.33 5.4236310758e-09
284.34 6.37718158758e-09
284.35 7.48038819409e-09
284.36 8.75338838228e-09
284.37 1.02184487229e-08
284.38 1.19000956226e-08
284.39 1.38252388129e-08
284.4 1.60232844396e-08
284.41 1.85262342905e-08
284.42 2.13687673805e-08
284.43 2.45882998301e-08
284.44 2.82250187243e-08
284.45 3.23218854424e-08
284.46 3.69246038117e-08
284.47 4.20815483822e-08
284.48 4.7843648144e-08
284.49 5.42642211389e-08
284.5 6.13987556559e-08
284.51 6.93046340638e-08
284.52 7.80407958211e-08
284.53 8.76673368345e-08
284.54 9.82450431014e-08
284.55 1.09834857484e-07
284.56 1.224972795e-07
284.57 1.3629169921e-07
284.58 1.51275667546e-07
284.59 1.67504106863e-07
284.6 1.85028466966e-07
284.61 2.03895833401e-07
284.62 2.24147996397e-07
284.63 2.45820490431e-07
284.64 2.68941615898e-07
284.65 2.93531455888e-07
284.66 3.19600902387e-07
284.67 3.47150707449e-07
284.68 3.76170575854e-07
284.69 4.06638316564e-07
284.7 4.38519070752e-07
284.71 4.71764634346e-07
284.72 5.06312892862e-07
284.73 5.42087385768e-07
284.74 5.78997016673e-07
284.75 6.16935924326e-07
284.76 6.55783527698e-07
284.77 6.95404756308e-07
284.78 7.35650474502e-07
284.79 7.76358105594e-07
284.8 8.17352458684e-07
284.81 8.58446757648e-07
284.82 8.9944386827e-07
284.83 9.40137715862e-07
284.84 9.80314882063e-07
284.85 1.01975636584e-06
284.86 1.05823949026e-06
284.87 1.09553993321e-06
284.88 1.13143385735e-06
284.89 1.16570011177e-06
284.9 1.19812247568e-06
284.91 1.22849191278e-06
284.92 1.25660880368e-06
284.93 1.28228512325e-06
284.94 1.30534652982e-06
284.95 1.3256343338e-06
284.96 1.34300731468e-06
284.97 1.35734335738e-06
284.98 1.3685408814e-06
284.99 1.37652003932e-06
285.0 1.38122366504e-06
285.01 1.38261795576e-06
285.02 1.3806928766e-06
285.03 1.37546228083e-06
285.04 1.36696374386e-06
285.05 1.35525811373e-06
285.06 1.34042878558e-06
285.07 1.32258071223e-06
285.08 1.30183916734e-06
285.09 1.27834828148e-06
285.1 1.25226937496e-06
285.11 1.22377911461e-06
285.12 1.19306752373e-06
285.13 1.16033587654e-06
285.14 1.12579450986e-06
285.15 1.08966058488e-06
285.16 1.05215583242e-06
285.17 1.0135043138e-06
285.18 9.73930228769e-07
285.19 9.33655799649e-07
285.2 8.92899258835e-07
285.21 8.51872963975e-07
285.22 8.10781662092e-07
285.23 7.69820920537e-07
285.24 7.29175739186e-07
285.25 6.89019354589e-07
285.26 6.49512243152e-07
285.27 6.10801326799e-07
285.28 5.73019381085e-07
285.29 5.36284642422e-07
285.3 5.00700608044e-07
285.31 4.66356019588e-07
285.32 4.33325018769e-07
285.33 4.01667461561e-07
285.34 3.71429375693e-07
285.35 3.42643544951e-07
285.36 3.15330202959e-07
285.37 2.89497818613e-07
285.38 2.65143955217e-07
285.39 2.42256185604e-07
285.4 2.2081304605e-07
285.41 2.00785012598e-07
285.42 1.82135484426e-07
285.43 1.64821760144e-07
285.44 1.48795994269e-07
285.45 1.34006122616e-07
285.46 1.20396746884e-07
285.47 1.07909970328e-07
285.48 9.64861779556e-08
285.49 8.60647562412e-08
285.5 7.65847488216e-08
285.51 6.79854460254e-08
285.52 6.02069073648e-08
285.53 5.31904172756e-08
285.54 4.68788754138e-08
285.55 4.12171237061e-08
285.56 3.61522130927e-08
285.57 3.16336135089e-08
285.58 2.76133711191e-08
285.59 2.40462171601e-08
285.6 2.08896329701e-08
285.61 1.81038758901e-08
285.62 1.56519707411e-08
285.63 1.34996715029e-08
285.64 1.16153976783e-08
285.65 9.9701496197e-09
285.66 8.53740683729e-09
285.67 7.29301302091e-09
285.68 6.21505118761e-09
285.69 5.28371203517e-09
285.7 4.48115824211e-09
285.71 3.79138711545e-09
285.72 3.20009365655e-09
285.73 2.69453579661e-09
285.74 2.26340325267e-09
285.75 1.89669117429e-09
285.76 1.58557949408e-09
285.77 1.32231866225e-09
285.78 1.10012223783e-09
285.79 9.13066626984e-10
285.8 7.55998101288e-10
285.81 6.24447095133e-10
285.82 5.14549670086e-10
285.83 4.22975943697e-10
285.84 3.46865208825e-10
285.85 2.83767415402e-10
285.86 2.31590647601e-10
285.87 1.88554203739e-10
285.88 1.53146872026e-10
285.89 1.24089990723e-10
285.9 1.00304884648e-10
285.91 8.08842798398e-11
285.92 6.50673130371e-11
285.93 5.22177713445e-11
285.94 4.18052188255e-11
285.95 3.33886899643e-11
285.96 2.66026540874e-11
285.97 2.11449793257e-11
285.98 1.67666489666e-11
285.99 1.32630066815e-11
286.0 1.0466329776e-11
286.01 8.23955107373e-12
286.02 6.47097013201e-12
286.03 5.06981310817e-12
286.04 3.96251769098e-12
286.05 3.08963508321e-12
286.06 2.40325509237e-12
286.07 1.86487301232e-12
286.08 1.44362823127e-12
286.09 1.11485446705e-12
286.1 8.58890303526e-13
286.11 6.60106380743e-13
286.12 5.06112275788e-13
286.13 3.87111899458e-13
286.14 2.95381220687e-13
286.15 2.24846405975e-13
286.16 1.70744109033e-13
286.17 1.29348744269e-13
286.18 9.77541974653e-14
286.19 7.36996324362e-14
286.2 5.54309011054e-14
286.21 4.15906075995e-14
286.22 3.11311598126e-14
286.23 2.3246204088e-14
286.24 1.73167146783e-14
286.25 1.28687293116e-14
286.26 9.54031116475e-15
286.27 7.05579774716e-15
286.28 5.20578726253e-15
286.29 3.8316287131e-15
286.3 2.81343658927e-15
286.31 2.06085555368e-15
286.32 1.5059643259e-15
286.33 1.09783867192e-15
286.34 7.98397328816e-16
286.35 5.79237052757e-16
286.36 4.19228022469e-16
286.37 3.02692028229e-16
286.38 2.18026042558e-16
286.39 1.56665175618e-16
286.4 1.12303496355e-16
286.41 8.03102160909e-17
286.42 5.72934561238e-17
286.43 4.07751866019e-17
286.44 2.89496690234e-17
286.45 2.05044421429e-17
286.46 1.44880195331e-17
286.47 1.02123760189e-17
286.48 7.18127041969e-18
286.49 5.03770200701e-18
286.5 3.52549722509e-18
286.51 2.4613024818e-18
286.52 1.71421902826e-18
286.53 1.19103450398e-18
286.54 8.25541830678e-19
286.55 5.70834922743e-19
286.56 3.93766435955e-19
286.57 2.70971468176e-19
286.58 1.86022357343e-19
286.59 1.27398241186e-19
286.6 8.70399094572e-20
286.61 5.9323960679e-20
286.62 4.03365319443e-20
286.63 2.73604781337e-20
286.64 1.85142242169e-20
286.65 1.24981020047e-20
286.66 8.4166510197e-21
286.67 5.65446194227e-21
286.68 3.78965748817e-21
286.69 2.53375923136e-21
286.7 1.69000285234e-21
286.71 1.12451755785e-21
286.72 7.46451772167e-22
286.73 4.94303830184e-22
286.74 3.26544901592e-22
286.75 2.15203112722e-22
286.76 1.41485163028e-22
286.77 9.27961503599e-23
286.78 6.071636035e-23
286.79 3.96312900369e-23
286.8 2.5806398436e-23
286.81 1.676383188e-23
286.82 1.08636534907e-23
286.83 7.02320301404e-24
286.84 4.5295102786e-24
286.85 2.91423108393e-24
286.86 1.87048156549e-24
286.87 1.19767666518e-24
286.88 7.65037024011e-25
286.89 4.87508315781e-25
286.9 3.09911942751e-25
286.91 1.96540160506e-25
286.92 1.24342905088e-25
286.93 7.84779089556e-26
286.94 4.94117852476e-26
286.95 3.10363311654e-26
286.96 1.94476405476e-26
286.97 1.21568251376e-26
286.98 7.58106343308e-27
286.99 4.71624980981e-27
287.0 2.92698286757e-27
287.01 1.81217556276e-27
287.02 1.11927568269e-27
287.03 6.8965291581e-28
287.04 4.23916962408e-28
287.05 2.5994874314e-28
287.06 1.59019857105e-28
287.07 9.70446739701e-29
287.08 5.908112567e-29
287.09 3.58824862281e-29
287.1 2.17406739016e-29
287.11 1.31407510133e-29
287.12 7.92362804805e-30
287.13 4.76633632806e-30
287.14 2.86023684946e-30
287.15 1.71228487417e-30
287.16 1.02260227022e-30
287.17 6.0924811528e-31
287.18 3.62108188424e-31
287.19 2.14703540754e-31
287.2 1.26997969416e-31
287.21 7.4939545875e-32
287.22 4.41145696064e-32
287.23 2.59065597888e-32
287.24 1.51772872604e-32
287.25 8.87023799037e-33
287.26 5.17169732613e-33
287.27 3.00806791264e-33
287.28 1.74541572257e-33
287.29 1.01033835447e-33
287.3 5.83433692975e-34
287.31 3.36103380896e-34
287.32 1.93157228778e-34
287.33 1.10740316487e-34
287.34 6.33369672476e-35
287.35 3.61381135168e-35
287.36 2.05698157101e-35
287.37 1.16802471745e-35
287.38 6.61653136218e-36
287.39 3.73908576613e-36
287.4 2.10793487014e-36
287.41 1.1855111933e-36
287.42 6.65136589201e-37
287.43 3.72282591835e-37
287.44 2.07869766451e-37
287.45 1.15788822364e-37
287.46 6.43426072767e-38
287.47 3.56687083859e-38
287.48 1.97257180234e-38
287.49 1.08826576602e-38
287.5 5.98954488939e-39
287.51 3.28858741284e-39
287.52 1.80128181992e-39
287.53 9.84261847091e-40
287.54 5.36532884743e-40
287.55 2.91768733179e-40
287.56 1.58284308578e-40
287.57 8.56630802793e-41
287.58 4.62494124158e-41
287.59 2.49100994772e-41
287.6 1.33844772466e-41
287.61 7.17437503187e-42
287.62 3.83639614663e-42
287.63 2.04653665027e-42
287.64 1.08911143178e-42
287.65 5.78204964411e-43
287.66 3.06230205115e-43
287.67 1.61797178493e-43
287.68 8.52806637853e-44
287.69 4.48421998355e-44
287.7 2.35223093364e-44
287.71 1.23091967572e-44
287.72 6.42593280754e-45
287.73 3.34656570295e-45
287.74 1.73867832982e-45
287.75 9.0114740455e-46
287.76 4.65939083034e-46
287.77 2.40336180335e-46
287.78 1.23670432092e-46
287.79 6.3484735022e-47
287.8 3.25109345539e-47
287.81 1.66091078806e-47
287.82 8.46486171351e-48
287.83 4.30378075137e-48
287.84 2.18291647994e-48
287.85 1.10453837677e-48
287.86 5.57546648672e-49
287.87 2.80761994568e-49
287.88 1.41043195196e-49
287.89 7.06842519689e-50
287.9 3.53386459029e-50
287.91 1.76251918022e-50
287.92 8.76949346585e-51
287.93 4.35283169694e-51
287.94 2.15539043628e-51
287.95 1.06472324862e-51
287.96 5.24691746029e-52
287.97 2.57945785847e-52
287.98 1.26505483636e-52
287.99 6.18937754653e-53
288.0 3.02093449591e-53
288.01 1.47093117071e-53
288.02 7.14496496606e-54
288.03 3.46229896232e-54
288.04 1.673731297e-54
288.05 8.07167408966e-55
288.06 3.88327555204e-55
288.07 1.86375794867e-55
288.08 8.92354705924e-56
288.09 4.26228256357e-56
288.1 2.03097073768e-56
288.11 9.6543225472e-57
288.12 4.57821993502e-57
288.13 2.16584917182e-57
288.14 1.02215433824e-57
288.15 4.81239705756e-58
288.16 2.26028466465e-58
288.17 1.05906236199e-58
288.18 4.95035835925e-59
288.19 2.30838611529e-59
288.2 1.07383357191e-59
288.21 4.98335941614e-60
288.22 2.30708796751e-60
288.23 1.06552294635e-60
288.24 4.90928414043e-61
288.25 2.25647351659e-61
288.26 1.03466324583e-61
288.27 4.7328693149e-62
288.28 2.15976606512e-62
288.29 9.83208496738e-63
288.3 4.46520335528e-63
288.31 2.02298923315e-63
288.32 9.14329242583e-64
288.33 4.12257303083e-64
288.34 1.85434618615e-64
288.35 8.32089386465e-65
288.36 3.72482487662e-65
288.37 1.66340669559e-65
288.38 7.41050391384e-66
288.39 3.29347026074e-66
288.4 1.460213842e-66
288.41 6.45856277752e-67
288.42 2.84978449429e-67
288.43 1.25442546747e-67
288.44 5.50851346596e-68
288.45 2.41312977252e-68
288.46 1.05459000242e-68
288.47 4.59772859726e-69
288.48 1.99967640611e-69
288.49 8.67626529592e-70
288.5 3.75545561226e-70
288.51 1.62162022715e-70
288.52 6.9854177284e-71
288.53 3.00187304265e-71
288.54 1.28691235127e-71
288.55 5.50379598273e-72
288.56 2.34818545827e-72
288.57 9.99445624762e-73
288.58 4.24368028933e-73
288.59 1.79755775699e-73
288.6 7.59590910176e-74
288.61 3.20208881828e-74
288.62 1.34661577773e-74
288.63 5.64950936261e-75
288.64 2.36447363806e-75
288.65 9.87222237736e-76
288.66 4.11199040161e-76
288.67 1.70862188395e-76
288.68 7.08266248035e-77
288.69 2.92889523576e-77
288.7 1.20828069984e-77
288.71 4.97265751524e-78
288.72 2.04157796077e-78
288.73 8.36180620902e-79
288.74 3.41657483108e-79
288.75 1.39263878393e-79
288.76 5.66295021821e-80
288.77 2.29722593908e-80
288.78 9.29654099211e-81
288.79 3.75314873252e-81
288.8 1.51156515369e-81
288.81 6.07315936122e-82
288.82 2.43421644763e-82
288.83 9.73330690217e-83
288.84 3.88256157193e-83
288.85 1.54501605111e-83
288.86 6.13344321881e-84
288.87 2.4290273904e-84
288.88 9.59659539063e-85
288.89 3.78232346128e-85
288.9 1.48715713198e-85
288.91 5.83326570954e-86
288.92 2.28256613681e-86
288.93 8.91028694432e-87
288.94 3.46989809016e-87
288.95 1.34802659107e-87
288.96 5.22440586037e-88
288.97 2.01991021868e-88
288.98 7.79083369958e-89
288.99 2.99772998194e-89
289.0 1.15068856818e-89
289.01 4.40635816172e-90
289.02 1.68328828529e-90
289.03 6.41495946586e-91
289.04 2.43885534342e-91
289.05 9.24985396561e-92
289.06 3.49977738451e-92
289.07 1.32099956352e-92
289.08 4.97418160778e-93
289.09 1.86851810422e-93
289.1 7.00212230782e-94
289.11 2.61769343771e-94
289.12 9.76257954805e-95
289.13 3.63217777398e-95
289.14 1.34811306315e-95
289.15 4.99162840019e-96
289.16 1.84380456765e-96
289.17 6.79429243584e-97
289.18 2.49764260591e-97
289.19 9.15952731889e-98
289.2 3.35098543334e-98
289.21 1.22300639287e-98
289.22 4.45288648371e-99
289.23 1.61737687815e-99
289.24 5.860538806e-100
289.25 2.11846147865e-100
289.26 7.63941857365e-101
289.27 2.74825325274e-101
289.28 9.86301979195e-102
289.29 3.53117928493e-102
289.3 1.26120690887e-102
289.31 4.4937574084e-103
289.32 1.5973114904e-103
289.33 5.66404007463e-104
289.34 2.00364016334e-104
289.35 7.07082110167e-105
289.36 2.48929679284e-105
289.37 8.74259216485e-106
289.38 3.06309501614e-106
289.39 1.07062511642e-106
289.4 3.73311265498e-107
289.41 1.29855836396e-107
289.42 4.50618026593e-108
289.43 1.55995603401e-108
289.44 5.38732114124e-109
289.45 1.85605174991e-109
289.46 6.37916751201e-110
289.47 2.18723094503e-110
289.48 7.48138468633e-111
289.49 2.55285436889e-111
289.5 8.6901406254e-112
289.51 2.95110238862e-112
289.52 9.99766223881e-113
289.53 3.37885342787e-113
289.54 1.13919207411e-113
289.55 3.83160971863e-114
289.56 1.28564861742e-114
289.57 4.30348226583e-115
289.58 1.43705853259e-115
289.59 4.78724448218e-116
289.6 1.59093877353e-116
289.61 5.2744603875e-117
289.62 1.74445316172e-117
289.63 5.75568875458e-118
289.64 1.89448860838e-118
289.65 6.22075940726e-119
289.66 2.03775290681e-119
289.67 6.65911242646e-120
289.68 2.17089032235e-120
289.69 7.06018575428e-121
289.7 2.29060962896e-121
289.71 7.41383209371e-122
289.72 2.39381795208e-122
289.73 7.7107425453e-123
289.74 2.47775291242e-123
289.75 7.94285249527e-124
289.76 2.54010523266e-124
289.77 8.10370513814e-125
289.78 2.57912422773e-125
289.79 8.18874979275e-126
289.8 2.59369945805e-126
289.81 8.19555578312e-127
289.82 2.58341323149e-127
289.83 8.123927856e-128
289.84 2.54856048999e-128
289.85 7.975915487e-129
289.86 2.49013475945e-129
289.87 7.75571545618e-130
289.88 2.40978109691e-130
289.89 7.46947415623e-131
289.9 2.309719145e-131
289.91 7.12500262888e-132
289.92 2.19264131561e-132
289.93 6.73142276278e-133
289.94 2.06159261751e-133
289.95 6.29876699616e-134
289.96 1.91983960067e-134
289.97 5.83755597051e-135
289.98 1.77073625397e-135
289.99 5.35837877759e-136
290.0 1.61759445938e-136
290.01 4.87149880999e-137
290.02 1.46356582667e-137
290.03 4.38650500885e-138
290.04 1.31154050692e-138
290.05 3.91202387452e-139
290.06 1.16406704476e-139
290.07 3.45550242162e-140
290.08 1.02329562775e-140
290.09 3.02306680777e-141
290.1 8.90945381415e-142
290.11 2.61945611133e-142
290.12 7.68294777889e-143
290.13 2.24802608272e-143
290.14 6.56192889249e-144
290.15 1.91081395129e-144
290.16 5.5508820179e-145
290.17 1.60865272629e-145
290.18 4.65071055778e-146
290.19 1.34132195513e-146
290.2 3.85925490305e-147
290.21 1.10772155179e-147
290.22 3.17186325482e-148
290.23 9.0605594787e-149
290.24 2.58197649946e-149
290.25 7.3401724622e-150
290.26 2.08169429775e-150
290.27 5.88958034315e-151
290.28 1.6622963765e-151
290.29 4.6804679457e-152
290.3 1.31470042087e-152
290.31 3.68401201686e-153
290.32 1.02984528238e-153
290.33 2.87196828121e-154
290.34 7.98994893956e-155
290.35 2.21750740244e-155
290.36 6.1396393674e-156
290.37 1.69581063885e-156
290.38 4.67270709505e-157
290.39 1.28444783469e-157
290.4 3.52225742222e-158
290.41 9.63568123851e-159
290.42 2.62966523922e-159
290.43 7.15937673665e-160
290.44 1.94449430877e-160
290.45 5.26859537224e-161
290.46 1.42409750414e-161
290.47 3.84008921339e-162
290.48 1.03299831323e-162
290.49 2.77213655795e-163
290.5 7.42140850447e-164
290.51 1.98205072343e-164
290.52 5.28080220323e-165
290.53 1.40359478816e-165
290.54 3.72169091618e-166
290.55 9.84454316375e-167
290.56 2.5978109442e-167
290.57 6.8387421019e-168
290.58 1.79598051204e-168
290.59 4.7052610478e-169
290.6 1.22976615324e-169
290.61 3.2064026449e-170
290.62 8.34008140935e-171
290.63 2.16410949874e-171
290.64 5.60202292998e-172
290.65 1.44666256197e-172
290.66 3.72688775043e-173
290.67 9.57816009876e-174
290.68 2.45569587671e-174
290.69 6.28092748781e-175
290.7 1.60261678747e-175
290.71 4.07936255673e-176
290.72 1.03588521018e-176
290.73 2.62414403571e-177
290.74 6.63163195314e-178
290.75 1.67189835788e-178
290.76 4.20490352984e-179
290.77 1.05501567289e-179
290.78 2.64069653616e-180
290.79 6.59378511339e-181
290.8 1.64250913328e-181
290.81 4.08166639804e-182
290.82 1.01186815608e-182
290.83 2.50245951849e-183
290.84 6.17400394103e-184
290.85 1.51957959611e-184
290.86 3.73109849775e-185
290.87 9.13916849706e-186
290.88 2.23322954162e-186
290.89 5.44398291331e-187
290.9 1.32390509112e-187
290.91 3.21183821141e-188
290.92 7.77333131348e-189
290.93 1.87679745542e-189
290.94 4.52047782235e-190
290.95 1.08619547549e-190
290.96 2.60368442666e-191
290.97 6.22623360339e-192
290.98 1.48531711769e-192
290.99 3.53483926752e-193
291.0 8.39222009137e-194
291.01 1.9876539162e-194
291.02 4.69636001686e-195
291.03 1.10697727339e-195
291.04 2.60299142302e-196
291.05 6.1060939046e-197
291.06 1.42892992148e-197
291.07 3.33591588434e-198
291.08 7.76919392264e-199
291.09 1.8050678945e-199
291.1 4.18377028774e-200
291.11 9.67383844734e-201
291.12 2.23144680907e-201
291.13 5.13488778483e-202
291.14 1.1787781711e-202
291.15 2.69954096451e-203
291.16 6.16743340691e-204
291.17 1.40564523647e-204
291.18 3.19597733691e-205
291.19 7.24917136694e-206
291.2 1.64032442333e-206
291.21 3.70277945821e-207
291.22 8.33839855936e-208
291.23 1.87324319348e-208
291.24 4.19819286598e-209
291.25 9.38614629343e-210
291.26 2.09348069793e-210
291.27 4.65808396464e-211
291.28 1.03395675263e-211
291.29 2.28957115284e-212
291.3 5.05781132916e-213
291.31 1.11462252342e-213
291.32 2.45047182829e-214
291.33 5.37437941318e-215
291.34 1.17588172639e-215
291.35 2.56658510349e-216
291.36 5.58861776279e-217
291.37 1.21397530919e-217
291.38 2.63070415274e-218
291.39 5.6871001526e-219
291.4 1.22649689219e-219
291.41 2.63875298296e-220
291.42 5.66353686772e-221
291.43 1.21264431812e-221
291.44 2.59021521429e-222
291.45 5.5194394493e-223
291.46 1.17330468863e-223
291.47 2.4881889012e-224
291.48 5.26396024217e-225
291.49 1.11096035667e-225
291.5 2.3390593038e-226
291.51 4.91293042026e-227
291.52 1.02942972282e-227
291.53 2.1518376558e-228
291.54 4.48723704366e-229
291.55 9.33480458695e-230
291.56 1.9372611053e-230
291.57 4.01077036094e-231
291.58 8.28369584115e-232
291.59 1.70677864746e-232
291.6 3.50822118966e-233
291.61 7.19371856595e-234
291.62 1.47155544053e-234
291.63 3.00300823855e-235
291.64 6.11354520966e-236
291.65 1.24161354631e-236
291.66 2.51557034155e-237
291.67 5.08444084491e-238
291.68 1.02519538271e-238
291.69 2.06218105969e-239
291.7 4.13812547845e-240
291.71 8.2839453795e-241
291.72 1.65435042553e-241
291.73 3.2959035775e-242
291.74 6.55055651208e-243
291.75 1.29878901596e-243
291.76 2.56895044028e-244
291.77 5.06908477615e-245
291.78 9.97838123234e-246
291.79 1.95950934976e-246
291.8 3.8387629729e-247
291.81 7.50225745485e-248
291.82 1.46268005661e-248
291.83 2.84487655092e-249
291.84 5.51993826771e-250
291.85 1.06846850621e-250
291.86 2.06322190439e-251
291.87 3.97453992323e-252
291.88 7.63808517593e-253
291.89 1.46432959559e-253
291.9 2.80059231303e-254
291.91 5.34339960997e-255
291.92 1.01704958267e-255
291.93 1.93118245425e-256
291.94 3.65814737297e-257
291.95 6.91282874001e-258
291.96 1.30318810536e-258
291.97 2.45084094104e-259
291.98 4.59811527968e-260
291.99 8.6059990453e-261
292.0 1.60686518545e-261
292.01 2.993052252e-262
292.02 5.56167831168e-263
292.03 1.03098926196e-263
292.04 1.90659797737e-264
292.05 3.51739242084e-265
292.06 6.47350113485e-266
292.07 1.18854147962e-266
292.08 2.17693853524e-267
292.09 3.97772450432e-268
292.1 7.25070012523e-269
292.11 1.3185053509e-269
292.12 2.39188645179e-270
292.13 4.32868447629e-271
292.14 7.81498253812e-272
292.15 1.40752722143e-272
292.16 2.52896199699e-273
292.17 4.5329874129e-274
292.18 8.10556760839e-275
292.19 1.44590267627e-275
292.2 2.57306880803e-276
292.21 4.56794060335e-277
292.22 8.08995686086e-278
292.23 1.42931737441e-278
292.24 2.51923017504e-279
292.25 4.42959209838e-280
292.26 7.76991614038e-281
292.27 1.35964533465e-281
292.28 2.37351320172e-282
292.29 4.1334660603e-283
292.3 7.18114688354e-284
292.31 1.24460044901e-284
292.32 2.15190357121e-285
292.33 3.71169574296e-286
292.34 6.38673123754e-287
292.35 1.09633081813e-287
292.36 1.87741945297e-288
292.37 3.20728618915e-289
292.38 5.46601506521e-290
292.39 9.29310071868e-291
292.4 1.57618493887e-291
292.41 2.66692260259e-292
292.42 4.5016358464e-293
292.43 7.58031090142e-294
292.44 1.27338692334e-294
292.45 2.13398057884e-295
292.46 3.56760898568e-296
292.47 5.95005177923e-297
292.48 9.89967530626e-298
292.49 1.64315247662e-298
292.5 2.72076787034e-299
292.51 4.49429757608e-300
292.52 7.40608800195e-301
292.53 1.21751023675e-301
292.54 1.9967012241e-302
292.55 3.26670755161e-303
292.56 5.33168076778e-304
292.57 8.68109941385e-305
292.58 1.41007440837e-305
292.59 2.28489391476e-306
292.6 3.69357363062e-307
292.61 5.9564046024e-308
292.62 9.58248900421e-309
292.63 1.5379038288e-309
292.64 2.46227602429e-310
292.65 3.93279223703e-311
292.66 6.2664558057e-312
292.67 9.96092494849e-313
292.68 1.57955249601e-313
292.69 2.49876359495e-314
292.7 3.9434195517e-315
292.71 6.20836882726e-316
292.72 9.75076644529e-317
292.73 1.52776560017e-317
292.74 2.38798230801e-318
292.75 3.72357514645e-319
292.76 5.79242563184e-320
292.77 8.98705409785e-321
292.78 1.39326512127e-321
292.79 2.12448227712e-322
292.8 3.45845952089e-323
292.81 4.94065645841e-324
292.82 0.0
292.83 0.0
292.84 0.0
292.85 0.0
292.86 0.0
292.87 0.0
292.88 0.0
292.89 0.0
292.9 0.0
292.91 0.0
292.92 0.0
292.93 0.0
292.94 0.0
292.95 0.0
292.96 0.0
292.97 0.0
292.98 0.0
292.99 0.0
293.0 0.0
293.01 0.0
293.02 0.0
293.03 0.0
293.04 0.0
293.05 0.0
293.06 0.0
293.07 0.0
293.08 0.0
293.09 0.0
293.1 0.0
293.11 0.0
293.12 0.0
293.13 0.0
293.14 0.0
293.15 0.0
293.16 0.0
293.17 0.0
293.18 0.0
293.19 0.0
293.2 0.0
293.21 0.0
293.22 0.0
293.23 0.0
293.24 0.0
293.25 0.0
293.26 0.0
293.27 0.0
293.28 0.0
293.29 0.0
293.3 0.0
293.31 0.0
293.32 0.0
293.33 0.0
293.34 0.0
293.35 0.0
293.36 0.0
293.37 0.0
293.38 0.0
293.39 0.0
293.4 0.0
293.41 0.0
293.42 0.0
293.43 0.0
293.44 0.0
293.45 0.0
293.46 0.0
293.47 0.0
293.48 0.0
293.49 0.0
293.5 0.0
293.51 0.0
293.52 0.0
293.53 0.0
293.54 0.0
293.55 0.0
293.56 0.0
293.57 0.0
293.58 0.0
293.59 0.0
293.6 0.0
293.61 0.0
293.62 0.0
293.63 0.0
293.64 0.0
293.65 0.0
293.66 0.0
293.67 0.0
293.68 0.0
293.69 0.0
293.7 0.0
293.71 0.0
293.72 0.0
293.73 0.0
293.74 0.0
293.75 0.0
293.76 0.0
293.77 0.0
293.78 0.0
293.79 0.0
293.8 0.0
293.81 0.0
293.82 0.0
293.83 0.0
293.84 0.0
293.85 0.0
293.86 0.0
293.87 0.0
293.88 0.0
293.89 0.0
293.9 0.0
293.91 0.0
293.92 0.0
293.93 0.0
293.94 0.0
293.95 0.0
293.96 0.0
293.97 0.0
293.98 0.0
293.99 0.0
294.0 0.0
294.01 0.0
294.02 0.0
294.03 0.0
294.04 0.0
294.05 0.0
294.06 0.0
294.07 0.0
294.08 0.0
294.09 0.0
294.1 0.0
294.11 0.0
294.12 0.0
294.13 0.0
294.14 0.0
294.15 0.0
294.16 0.0
294.17 0.0
294.18 0.0
294.19 0.0
294.2 0.0
294.21 0.0
294.22 0.0
294.23 0.0
294.24 0.0
294.25 0.0
294.26 0.0
294.27 0.0
294.28 0.0
294.29 0.0
294.3 0.0
294.31 0.0
294.32 0.0
294.33 0.0
294.34 0.0
294.35 0.0
294.36 0.0
294.37 0.0
294.38 0.0
294.39 0.0
294.4 0.0
294.41 0.0
294.42 0.0
294.43 0.0
294.44 0.0
294.45 0.0
294.46 0.0
294.47 0.0
294.48 0.0
294.49 0.0
294.5 0.0
294.51 0.0
294.52 0.0
294.53 0.0
294.54 0.0
294.55 0.0
294.56 0.0
294.57 0.0
294.58 0.0
294.59 0.0
294.6 0.0
294.61 0.0
294.62 0.0
294.63 0.0
294.64 0.0
294.65 0.0
294.66 0.0
294.67 0.0
294.68 0.0
294.69 0.0
294.7 0.0
294.71 0.0
294.72 0.0
294.73 0.0
294.74 0.0
294.75 0.0
294.76 0.0
294.77 0.0
294.78 0.0
294.79 0.0
294.8 0.0
294.81 0.0
294.82 0.0
294.83 0.0
294.84 0.0
294.85 0.0
294.86 0.0
294.87 0.0
294.88 0.0
294.89 0.0
294.9 0.0
294.91 0.0
294.92 0.0
294.93 0.0
294.94 0.0
294.95 0.0
294.96 0.0
294.97 0.0
294.98 0.0
294.99 0.0
295.0 0.0
295.01 0.0
295.02 0.0
295.03 0.0
295.04 0.0
295.05 0.0
295.06 0.0
295.07 0.0
295.08 0.0
295.09 0.0
295.1 0.0
295.11 0.0
295.12 0.0
295.13 0.0
295.14 0.0
295.15 0.0
295.16 0.0
295.17 0.0
295.18 0.0
295.19 0.0
295.2 0.0
295.21 0.0
295.22 0.0
295.23 0.0
295.24 0.0
295.25 0.0
295.26 0.0
295.27 0.0
295.28 0.0
295.29 0.0
295.3 0.0
295.31 0.0
295.32 0.0
295.33 0.0
295.34 0.0
295.35 0.0
295.36 0.0
295.37 0.0
295.38 0.0
295.39 0.0
295.4 0.0
295.41 0.0
295.42 0.0
295.43 0.0
295.44 0.0
295.45 0.0
295.46 0.0
295.47 0.0
295.48 0.0
295.49 0.0
295.5 0.0
295.51 0.0
295.52 0.0
295.53 0.0
295.54 0.0
295.55 0.0
295.56 0.0
295.57 0.0
295.58 0.0
295.59 0.0
295.6 0.0
295.61 0.0
295.62 0.0
295.63 0.0
295.64 0.0
295.65 0.0
295.66 0.0
295.67 0.0
295.68 0.0
295.69 0.0
295.7 0.0
295.71 0.0
295.72 0.0
295.73 0.0
295.74 0.0
295.75 0.0
295.76 0.0
295.77 0.0
295.78 0.0
295.79 0.0
295.8 0.0
295.81 0.0
295.82 0.0
295.83 0.0
295.84 0.0
295.85 0.0
295.86 0.0
295.87 0.0
295.88 0.0
295.89 0.0
295.9 0.0
295.91 0.0
295.92 0.0
295.93 0.0
295.94 0.0
295.95 0.0
295.96 0.0
295.97 0.0
295.98 0.0
295.99 0.0
296.0 0.0
296.01 0.0
296.02 0.0
296.03 0.0
296.04 0.0
296.05 0.0
296.06 0.0
296.07 0.0
296.08 0.0
296.09 0.0
296.1 0.0
296.11 0.0
296.12 0.0
296.13 0.0
296.14 0.0
296.15 0.0
296.16 0.0
296.17 0.0
296.18 0.0
296.19 0.0
296.2 0.0
296.21 0.0
296.22 0.0
296.23 0.0
296.24 0.0
296.25 0.0
296.26 0.0
296.27 0.0
296.28 0.0
296.29 0.0
296.3 0.0
296.31 0.0
296.32 0.0
296.33 0.0
296.34 0.0
296.35 0.0
296.36 0.0
296.37 0.0
296.38 0.0
296.39 0.0
296.4 0.0
296.41 0.0
296.42 0.0
296.43 0.0
296.44 0.0
296.45 0.0
296.46 0.0
296.47 0.0
296.48 0.0
296.49 0.0
296.5 0.0
296.51 0.0
296.52 0.0
296.53 0.0
296.54 0.0
296.55 0.0
296.56 0.0
296.57 0.0
296.58 0.0
296.59 0.0
296.6 0.0
296.61 0.0
296.62 0.0
296.63 0.0
296.64 0.0
296.65 0.0
296.66 0.0
296.67 0.0
296.68 0.0
296.69 0.0
296.7 0.0
296.71 0.0
296.72 0.0
296.73 0.0
296.74 0.0
296.75 0.0
296.76 0.0
296.77 0.0
296.78 0.0
296.79 0.0
296.8 0.0
296.81 0.0
296.82 0.0
296.83 0.0
296.84 0.0
296.85 0.0
296.86 0.0
296.87 0.0
296.88 0.0
296.89 0.0
296.9 0.0
296.91 0.0
296.92 0.0
296.93 0.0
296.94 0.0
296.95 0.0
296.96 0.0
296.97 0.0
296.98 0.0
296.99 0.0
297.0 0.0
297.01 0.0
297.02 0.0
297.03 0.0
297.04 0.0
297.05 0.0
297.06 0.0
297.07 0.0
297.08 0.0
297.09 0.0
297.1 0.0
297.11 0.0
297.12 0.0
297.13 0.0
297.14 0.0
297.15 0.0
297.16 0.0
297.17 0.0
297.18 0.0
297.19 0.0
297.2 0.0
297.21 0.0
297.22 0.0
297.23 0.0
297.24 0.0
297.25 0.0
297.26 0.0
297.27 0.0
297.28 0.0
297.29 0.0
297.3 0.0
297.31 0.0
297.32 0.0
297.33 0.0
297.34 0.0
297.35 0.0
297.36 0.0
297.37 0.0
297.38 0.0
297.39 0.0
297.4 0.0
297.41 0.0
297.42 0.0
297.43 0.0
297.44 0.0
297.45 0.0
297.46 0.0
297.47 0.0
297.48 0.0
297.49 0.0
297.5 0.0
297.51 0.0
297.52 0.0
297.53 0.0
297.54 0.0
297.55 0.0
297.56 0.0
297.57 0.0
297.58 0.0
297.59 0.0
297.6 0.0
297.61 0.0
297.62 0.0
297.63 0.0
297.64 0.0
297.65 0.0
297.66 0.0
297.67 0.0
297.68 0.0
297.69 0.0
297.7 0.0
297.71 0.0
297.72 0.0
297.73 0.0
297.74 0.0
297.75 0.0
297.76 0.0
297.77 0.0
297.78 0.0
297.79 0.0
297.8 0.0
297.81 0.0
297.82 0.0
297.83 0.0
297.84 0.0
297.85 0.0
297.86 0.0
297.87 0.0
297.88 0.0
297.89 0.0
297.9 0.0
297.91 0.0
297.92 0.0
297.93 0.0
297.94 0.0
297.95 0.0
297.96 0.0
297.97 0.0
297.98 0.0
297.99 0.0
298.0 0.0
298.01 0.0
298.02 0.0
298.03 0.0
298.04 0.0
298.05 0.0
298.06 0.0
298.07 0.0
298.08 0.0
298.09 0.0
298.1 0.0
298.11 0.0
298.12 0.0
298.13 0.0
298.14 0.0
298.15 0.0
298.16 0.0
298.17 0.0
298.18 0.0
298.19 0.0
298.2 0.0
298.21 0.0
298.22 0.0
298.23 0.0
298.24 0.0
298.25 0.0
298.26 0.0
298.27 0.0
298.28 0.0
298.29 0.0
298.3 0.0
298.31 0.0
298.32 0.0
298.33 0.0
298.34 0.0
298.35 0.0
298.36 0.0
298.37 0.0
298.38 0.0
298.39 0.0
298.4 0.0
298.41 0.0
298.42 0.0
298.43 0.0
298.44 0.0
298.45 0.0
298.46 0.0
298.47 0.0
298.48 0.0
298.49 0.0
298.5 0.0
298.51 0.0
298.52 0.0
298.53 0.0
298.54 0.0
298.55 0.0
298.56 0.0
298.57 0.0
298.58 0.0
298.59 0.0
298.6 0.0
298.61 0.0
298.62 0.0
298.63 0.0
298.64 0.0
298.65 0.0
298.66 0.0
298.67 0.0
298.68 0.0
298.69 0.0
298.7 0.0
298.71 0.0
298.72 0.0
298.73 0.0
298.74 0.0
298.75 0.0
298.76 0.0
298.77 0.0
298.78 0.0
298.79 0.0
298.8 0.0
298.81 0.0
298.82 0.0
298.83 0.0
298.84 0.0
298.85 0.0
298.86 0.0
298.87 0.0
298.88 0.0
298.89 0.0
298.9 0.0
298.91 0.0
298.92 0.0
298.93 0.0
298.94 0.0
298.95 0.0
298.96 0.0
298.97 0.0
298.98 0.0
298.99 0.0
299.0 0.0
299.01 0.0
299.02 0.0
299.03 0.0
299.04 0.0
299.05 0.0
299.06 0.0
299.07 0.0
299.08 0.0
299.09 0.0
299.1 0.0
299.11 0.0
299.12 0.0
299.13 0.0
299.14 0.0
299.15 0.0
299.16 0.0
299.17 0.0
299.18 0.0
299.19 0.0
299.2 0.0
299.21 0.0
299.22 0.0
299.23 0.0
299.24 0.0
299.25 0.0
299.26 0.0
299.27 0.0
299.28 0.0
299.29 0.0
299.3 0.0
299.31 0.0
299.32 0.0
299.33 0.0
299.34 0.0
299.35 0.0
299.36 0.0
299.37 0.0
299.38 0.0
299.39 0.0
299.4 0.0
299.41 0.0
299.42 0.0
299.43 0.0
299.44 0.0
299.45 0.0
299.46 0.0
299.47 0.0
299.48 0.0
299.49 0.0
299.5 0.0
299.51 0.0
299.52 0.0
299.53 0.0
299.54 0.0
299.55 0.0
299.56 0.0
299.57 0.0
299.58 0.0
299.59 0.0
299.6 0.0
299.61 0.0
299.62 0.0
299.63 0.0
299.64 0.0
299.65 0.0
299.66 0.0
299.67 0.0
299.68 0.0
299.69 0.0
299.7 0.0
299.71 0.0
299.72 0.0
299.73 0.0
299.74 0.0
299.75 0.0
299.76 0.0
299.77 0.0
299.78 0.0
299.79 0.0
299.8 0.0
299.81 0.0
299.82 0.0
299.83 0.0
299.84 0.0
299.85 0.0
299.86 0.0
299.87 0.0
299.88 0.0
299.89 0.0
299.9 0.0
299.91 0.0
299.92 0.0
299.93 0.0
299.94 0.0
299.95 0.0
299.96 0.0
299.97 0.0
299.98 0.0
299.99 0.0
