275.0 0.0
275.01 0.0
275.02 0.0
275.03 0.0
275.04 0.0
275.05 0.0
275.06 0.0
275.07 0.0
275.08 0.0
275.09 0.0
275.1 0.0
275.11 0.0
275.12 0.0
275.13 0.0
275.14 0.0
275.15 0.0
275.16 0.0
275.17 0.0
275.18 0.0
275.19 0.0
275.2 0.0
275.21 0.0
275.22 0.0
275.23 0.0
275.24 0.0
275.25 0.0
275.26 0.0
275.27 0.0
275.28 0.0
275.29 0.0
275.3 0.0
275.31 0.0
275.32 0.0
275.33 0.0
275.34 0.0
275.35 0.0
275.36 0.0
275.37 0.0
275.38 0.0
275.39 0.0
275.4 0.0
275.41 0.0
275.42 0.0
275.43 0.0
275.44 0.0
275.45 0.0
275.46 0.0
275.47 0.0
275.48 0.0
275.49 0.0
275.5 0.0
275.51 0.0
275.52 0.0
275.53 0.0
275.54 0.0
275.55 0.0
275.56 0.0
275.57 0.0
275.58 0.0
275.59 0.0
275.6 0.0
275.61 0.0
275.62 0.0
275.63 0.0
275.64 0.0
275.65 0.0
275.66 0.0
275.67 0.0
275.68 0.0
275.69 0.0
275.7 0.0
275.71 0.0
275.72 0.0
275.73 0.0
275.74 1.48219693752e-323
275.75 9.38724727098e-323
275.76 6.17582057302e-322
275.77 4.03651632652e-321
275.78 2.6308995641e-320
275.79 1.71119636437e-319
275.8 1.11043230165e-318
275.81 7.18854151189e-318
275.82 4.6424310236e-317
275.83 2.99093354994e-316
275.84 1.92231606438e-315
275.85 1.2325357827e-314
275.86 7.88371628787e-314
275.87 5.03059259026e-313
275.88 3.20231475367e-312
275.89 2.03360029036e-311
275.9 1.28832040007e-310
275.91 8.14214592831e-310
275.92 5.13346481134e-309
275.93 3.22878410456e-308
275.94 2.02592858958e-307
275.95 1.26813640252e-306
275.96 7.91889373465e-306
275.97 4.93309830925e-305
275.98 3.06571469217e-304
275.99 1.90064238317e-303
276.0 1.17550855306e-302
276.01 7.25283649207e-302
276.02 4.46423131734e-301
276.03 2.7412093361e-300
276.04 1.67916906338e-299
276.05 1.02613229427e-298
276.06 6.25560037441e-298
276.07 3.80444532954e-297
276.08 2.30818390189e-296
276.09 1.39703143202e-295
276.1 8.4352635609e-295
276.11 5.08098421273e-294
276.12 3.05318938511e-293
276.13 1.83027501691e-292
276.14 1.09455016067e-291
276.15 6.52997766738e-291
276.16 3.88637257198e-290
276.17 2.30745839122e-289
276.18 1.36672152386e-288
276.19 8.07575061298e-288
276.2 4.76038933613e-287
276.21 2.7993600329e-286
276.22 1.64222156748e-285
276.23 9.61084237781e-285
276.24 5.61109817496e-284
276.25 3.26806728682e-283
276.26 1.89885071102e-282
276.27 1.10064524806e-281
276.28 6.36444611412e-281
276.29 3.67139045278e-280
276.3 2.11279443454e-279
276.31 1.21294364576e-278
276.32 6.94673469225e-278
276.33 3.96896721326e-277
276.34 2.26220011134e-276
276.35 1.28629694174e-275
276.36 7.2963920968e-275
276.37 4.12887562741e-274
276.38 2.33083830803e-273
276.39 1.31265078625e-272
276.4 7.37467640148e-272
276.41 4.13326683407e-271
276.42 2.31100362991e-270
276.43 1.28903444214e-269
276.44 7.17274060084e-269
276.45 3.98164410109e-268
276.46 2.20493839815e-267
276.47 1.21811191893e-266
276.48 6.71327803717e-266
276.49 3.69095529858e-265
276.5 2.02441546415e-264
276.51 1.10768740193e-263
276.52 6.04632512004e-263
276.53 3.29247499563e-262
276.54 1.78858747129e-261
276.55 9.69291920375e-261
276.56 5.24029469205e-260
276.57 2.82626928005e-259
276.58 1.52064582877e-258
276.59 8.16205132698e-258
276.6 4.37046128593e-257
276.61 2.3345971077e-256
276.62 1.24409435147e-255
276.63 6.61380525605e-255
276.64 3.50756879017e-254
276.65 1.85574244379e-253
276.66 9.79458217251e-253
276.67 5.15716274806e-252
276.68 2.70889685691e-251
276.69 1.41948501165e-250
276.7 7.42037515405e-250
276.71 3.86970290532e-249
276.72 2.01319616315e-248
276.73 1.04484356916e-247
276.74 5.40969977636e-247
276.75 2.79416316235e-246
276.76 1.43974994742e-245
276.77 7.40080718384e-245
276.78 3.79514013874e-244
276.79 1.94148149045e-243
276.8 9.90821452984e-243
276.81 5.04445506234e-242
276.82 2.56206311062e-241
276.83 1.29814169364e-240
276.84 6.56162012121e-240
276.85 3.30869532774e-239
276.86 1.664405653e-238
276.87 8.35253483726e-238
276.88 4.18151942643e-237
276.89 2.08836617973e-236
276.9 1.04048516736e-235
276.91 5.1715633043e-235
276.92 2.56427445738e-234
276.93 1.26842232464e-233
276.94 6.25921626662e-233
276.95 3.08129122576e-232
276.96 1.51322060608e-231
276.97 7.41358814439e-231
276.98 3.62335906805e-230
276.99 1.76665196947e-229
277.0 8.59305001166e-229
277.01 4.16965753263e-228
277.02 2.01841350348e-227
277.03 9.74712664966e-227
277.04 4.69569396627e-226
277.05 2.25673035172e-225
277.06 1.0819726047e-224
277.07 5.17499064365e-224
277.08 2.46921884438e-223
277.09 1.17534754911e-222
277.1 5.58122767322e-222
277.11 2.64392956541e-221
277.12 1.24947258975e-220
277.13 5.89061033092e-220
277.14 2.77045158933e-219
277.15 1.29986289326e-218
277.16 6.08416854343e-218
277.17 2.84093721565e-217
277.18 1.32336225992e-216
277.19 6.14968065235e-216
277.2 2.85090727382e-215
277.21 1.31847023483e-214
277.22 6.08295042578e-214
277.23 2.79972215458e-213
277.24 1.28550064923e-212
277.25 5.88825183673e-212
277.26 2.69064971063e-211
277.27 1.226548305e-210
277.28 5.57787607433e-210
277.29 2.53052000642e-209
277.3 1.14526871876e-208
277.31 5.1708475273e-208
277.32 2.32901762225e-207
277.33 1.04650311836e-206
277.34 4.69099519953e-206
277.35 2.09771343546e-205
277.36 9.35802154194e-205
277.37 4.16465117049e-204
277.38 1.84897028155e-203
277.39 8.18913329537e-203
277.4 3.61828406195e-202
277.41 1.59486558865e-201
277.42 7.01297394986e-201
277.43 3.07635941481e-200
277.44 1.34625903312e-199
277.45 5.87728697631e-199
277.46 2.55965759176e-198
277.47 1.11209927813e-197
277.48 4.82016554577e-197
277.49 2.0841888053e-196
277.5 8.99019006005e-196
277.51 3.86863179685e-195
277.52 1.66074376417e-194
277.53 7.11221003113e-194
277.54 3.03852788153e-193
277.55 1.29502629827e-192
277.56 5.5061832292e-192
277.57 2.33549768089e-191
277.58 9.88245694626e-191
277.59 4.17164295904e-190
277.6 1.75673413768e-189
277.61 7.38009003294e-189
277.62 3.09295775853e-188
277.63 1.29313250049e-187
277.64 5.39347630194e-187
277.65 2.24414664234e-186
277.66 9.31516172089e-186
277.67 3.85732538652e-185
277.68 1.59345154453e-184
277.69 6.56671483338e-184
277.7 2.69969164219e-183
277.71 1.10722753281e-182
277.72 4.53018878624e-182
277.73 1.84906609089e-181
277.74 7.52913835079e-181
277.75 3.05840383976e-180
277.76 1.23937032258e-179
277.77 5.01030384813e-179
277.78 2.02061580485e-178
277.79 8.12943076103e-178
277.8 3.26282091032e-177
277.81 1.30642068113e-176
277.82 5.21830628693e-176
277.83 2.07937489032e-175
277.84 8.26594923686e-175
277.85 3.27800326593e-174
277.86 1.29682907704e-173
277.87 5.11814760635e-173
277.88 2.01511382877e-172
277.89 7.91485694287e-172
277.9 3.10129633111e-171
277.91 1.21227226894e-170
277.92 4.72730676491e-170
277.93 1.83901008071e-169
277.94 7.13692517879e-169
277.95 2.76308908469e-168
277.96 1.06717425652e-167
277.97 4.11180492809e-167
277.98 1.58047042999e-166
277.99 6.06033953268e-166
278.0 2.31827123997e-165
278.01 8.84684153282e-165
278.02 3.36797576926e-164
278.03 1.27910553448e-163
278.04 4.84619078356e-163
278.05 1.83168735013e-162
278.06 6.90651396785e-162
278.07 2.59790432148e-161
278.08 9.74864194844e-161
278.09 3.64940276458e-160
278.1 1.36287549615e-159
278.11 5.07746898452e-159
278.12 1.88710073931e-158
278.13 6.99680225339e-158
278.14 2.58797945613e-157
278.15 9.54945878496e-157
278.16 3.5152272187e-156
278.17 1.2908766811e-155
278.18 4.72903815894e-155
278.19 1.72829387446e-154
278.2 6.30113918134e-154
278.21 2.29180289623e-153
278.22 8.31557270109e-153
278.23 3.00998114629e-152
278.24 1.08690627308e-151
278.25 3.91540891036e-151
278.26 1.40708023908e-150
278.27 5.04449054642e-150
278.28 1.8041492853e-149
278.29 6.4370122897e-149
278.3 2.29114679471e-148
278.31 8.1353867212e-148
278.32 2.88177585657e-147
278.33 1.01835430659e-146
278.34 3.58999893469e-146
278.35 1.262543774e-145
278.36 4.42950584421e-145
278.37 1.55031811972e-144
278.38 5.41306293546e-144
278.39 1.8854804753e-143
278.4 6.55175595473e-143
278.41 2.2711723599e-142
278.42 7.85414990221e-142
278.43 2.70959877331e-141
278.44 9.32540060989e-141
278.45 3.20174483788e-140
278.46 1.09663637655e-139
278.47 3.74710003199e-139
278.48 1.27727565914e-138
278.49 4.34340867443e-138
278.5 1.47344341536e-137
278.51 4.98646689097e-137
278.52 1.68348451791e-136
278.53 5.66998647987e-136
278.54 1.90507303266e-135
278.55 6.38554463564e-135
278.56 2.1352118457e-134
278.57 7.12263525235e-134
278.58 2.37026633944e-133
278.59 7.86883253688e-133
278.6 2.60603453181e-132
278.61 8.61007112346e-132
278.62 2.83785382304e-131
278.63 9.33103918521e-131
278.64 3.06074194107e-130
278.65 1.00156727407e-129
278.66 3.26956703615e-129
278.67 1.06477311335e-128
278.68 3.45923937587e-128
278.69 1.12114262624e-127
278.7 3.62491496864e-127
278.71 1.16920722875e-126
278.72 3.7621999169e-126
278.73 1.2076718874e-125
278.74 3.8673435486e-125
278.75 1.2354730032e-124
278.76 3.93740851157e-124
278.77 1.2518272502e-123
278.78 3.9704070756e-123
278.79 1.2562682406e-122
278.8 3.96539481733e-122
278.81 1.24866862143e-121
278.82 3.92251552614e-121
278.83 1.22924614198e-120
278.84 3.84299435108e-120
278.85 1.19855328838e-119
278.86 3.72907964483e-119
278.87 1.15745117407e-118
278.88 3.58393735704e-118
278.89 1.10706940804e-117
278.9 3.41150489947e-117
278.91 1.04875455056e-116
278.92 3.21631389312e-116
278.93 9.84010436671e-116
278.94 3.00329291958e-115
278.95 9.14434050305e-115
278.96 2.77756221718e-114
278.97 8.41650744688e-114
278.98 2.54423215847e-113
278.99 7.67252430566e-113
279.0 2.30821637479e-112
279.01 6.92741924726e-112
279.02 2.07406869132e-111
279.03 6.19486018625e-111
279.04 1.84585079094e-110
279.05 5.48679058077e-110
279.06 1.62703496627e-109
279.07 4.81317993837e-109
279.08 1.42044368031e-108
279.09 4.18189042826e-108
279.1 1.22822515996e-107
279.11 3.59865355831e-107
279.12 1.05186207873e-106
279.13 3.06714471236e-106
279.14 8.92208682735e-106
279.15 2.58913880113e-105
279.16 7.49550555699e-105
279.17 2.16472751503e-104
279.18 6.23680626549e-104
279.19 1.79257765974e-103
279.2 5.1398496483e-103
279.21 1.47021063558e-102
279.22 4.19532311278e-102
279.23 1.19428500295e-101
279.24 3.39162050589e-101
279.25 9.60866905476e-101
279.26 2.71566333135e-100
279.27 7.65676521876e-100
279.28 2.15363173505e-99
279.29 6.04302322652e-99
279.3 1.69158487881e-98
279.31 4.72378404185e-98
279.32 1.31596089672e-97
279.33 3.6572331193e-97
279.34 1.01395577476e-96
279.35 2.80441377399e-96
279.36 7.73787802589e-96
279.37 2.12989589798e-95
279.38 5.84859547955e-95
279.39 1.60214382738e-94
279.4 4.37832632365e-94
279.41 1.19363477475e-93
279.42 3.24632135084e-93
279.43 8.80781659788e-93
279.44 2.38397516715e-92
279.45 6.43712438489e-92
279.46 1.73395884142e-91
279.47 4.65953284546e-91
279.48 1.24911573725e-90
279.49 3.34056319532e-90
279.5 8.91237421577e-90
279.51 2.37205002952e-89
279.52 6.29812078468e-89
279.53 1.66822580726e-88
279.54 4.40814016331e-88
279.55 1.16201748862e-87
279.56 3.05581207803e-87
279.57 8.01673137369e-87
279.58 2.09809297318e-86
279.59 5.47783361348e-86
279.6 1.4267558225e-85
279.61 3.70720993232e-85
279.62 9.60951382655e-85
279.63 2.48491971384e-84
279.64 6.41032452781e-84
279.65 1.6496977466e-83
279.66 4.23531245422e-83
279.67 1.08473396515e-82
279.68 2.77151818294e-82
279.69 7.0642967592e-82
279.7 1.79629163393e-81
279.71 4.55660590911e-81
279.72 1.15308892356e-80
279.73 2.91099085619e-80
279.74 7.33120884851e-80
279.75 1.84190425708e-79
279.76 4.61652531245e-79
279.77 1.15430373304e-78
279.78 2.87926533614e-78
279.79 7.16473260695e-78
279.8 1.77858651197e-77
279.81 4.40460240579e-77
279.82 1.0881659655e-76
279.83 2.68188576195e-76
279.84 6.59389641476e-76
279.85 1.61733757228e-75
279.86 3.95745459332e-75
279.87 9.66023997293e-75
279.88 2.35242940252e-74
279.89 5.71481258416e-74
279.9 1.38498189249e-73
279.91 3.34844298086e-73
279.92 8.07603941796e-73
279.93 1.94316939465e-72
279.94 4.66422618511e-72
279.95 1.11687675801e-71
279.96 2.66801098684e-71
279.97 6.35809017977e-71
279.98 1.51154980892e-70
279.99 3.5848827144e-70
280.0 8.48172426834e-70
280.01 2.00193539351e-69
280.02 4.71381653254e-69
280.03 1.10726609602e-68
280.04 2.59470529884e-68
280.05 6.06569801387e-68
280.06 1.41458888184e-67
280.07 3.29106458769e-67
280.08 7.63834517481e-67
280.09 1.76855619688e-66
280.1 4.0850291324e-66
280.11 9.41300222438e-66
280.12 2.16380377491e-65
280.13 4.96208610865e-65
280.14 1.13518705051e-64
280.15 2.59076051649e-64
280.16 5.89853038151e-64
280.17 1.33972937904e-63
280.18 3.03561752343e-63
280.19 6.86173166819e-63
280.2 1.5473092429e-62
280.21 3.4807851578e-62
280.22 7.81149261652e-62
280.23 1.74882979705e-61
280.24 3.9058698837e-61
280.25 8.70251355285e-61
280.26 1.93432014414e-60
280.27 4.28912507092e-60
280.28 9.48780556024e-60
280.29 2.09372457577e-59
280.3 4.6092475679e-59
280.31 1.01227201165e-58
280.32 2.21779363491e-58
280.33 4.84732061139e-58
280.34 1.05691258293e-57
280.35 2.29896892245e-57
280.36 4.98865926916e-57
280.37 1.07991927649e-56
280.38 2.33214449058e-56
280.39 5.02430880677e-56
280.4 1.07982630836e-55
280.41 2.31519829292e-55
280.42 4.95198353983e-55
280.43 1.05663964384e-54
280.44 2.24921680056e-54
280.45 4.77630933987e-54
280.46 1.01183636411e-53
280.47 2.13837973434e-53
280.48 4.50833402839e-53
280.49 9.48208953084e-53
280.5 1.9895219126e-52
280.51 4.16437769378e-52
280.52 8.69577323353e-52
280.53 1.81143606268e-51
280.54 3.76438923583e-51
280.55 7.80409856314e-51
280.56 1.61401541468e-50
280.57 3.33003900202e-50
280.58 6.85405636446e-50
280.59 1.40735199321e-49
280.6 2.88279993156e-49
280.61 5.89091807644e-49
280.62 1.20090367198e-48
280.63 2.44224973925e-48
280.64 4.95482911166e-48
280.65 1.00282233672e-47
280.66 2.02477153428e-47
280.67 4.0783525363e-47
280.68 8.19502363949e-47
280.69 1.64275337096e-46
280.7 3.28511995991e-46
280.71 6.55370378769e-46
280.72 1.30430480244e-45
280.73 2.58957258012e-45
280.74 5.1290129064e-45
280.75 1.01343571516e-44
280.76 1.99763127442e-44
280.77 3.92817802023e-44
280.78 7.705905937e-44
280.79 1.50804032655e-43
280.8 2.94414310937e-43
280.81 5.7340514738e-43
280.82 1.11409177394e-42
280.83 2.15941969199e-42
280.84 4.17551316048e-42
280.85 8.05451446482e-42
280.86 1.54997817958e-41
280.87 2.97555863216e-41
280.88 5.69859968614e-41
280.89 1.08874079682e-40
280.9 2.07509294345e-40
280.91 3.94554789547e-40
280.92 7.48400028556e-40
280.93 1.4161751865e-39
280.94 2.6733564897e-39
280.95 5.03446678233e-39
280.96 9.45816298393e-39
280.97 1.77262478324e-38
280.98 3.31423691138e-38
280.99 6.18168672701e-38
281.0 1.15023649867e-37
281.01 2.13512844191e-37
281.02 3.95382621749e-37
281.03 7.30411929031e-37
281.04 1.34609232355e-36
281.05 2.47479110987e-36
281.06 4.53898718349e-36
281.07 8.30493189194e-36
281.08 1.51589773295e-35
281.09 2.76032641401e-35
281.1 5.01426969071e-35
281.11 9.08681414719e-35
281.12 1.64275316248e-34
281.13 2.96271371471e-34
281.14 5.33044876509e-34
281.15 9.56741402863e-34
281.16 1.71309746716e-33
281.17 3.0600342475e-33
281.18 5.45289594977e-33
281.19 9.69359439771e-33
281.2 1.71909226645e-32
281.21 3.04137687056e-32
281.22 5.36782069821e-32
281.23 9.45110247174e-32
281.24 1.66005949411e-31
281.25 2.90885145029e-31
281.26 5.08482654944e-31
281.27 8.86721936559e-31
281.28 1.54260761741e-30
281.29 2.67719620137e-30
281.3 4.63512700118e-30
281.31 8.0057087408e-30
281.32 1.37941404291e-29
281.33 2.37108001281e-29
281.34 4.06587933601e-29
281.35 6.9553577289e-29
281.36 1.18697389287e-28
281.37 2.02078249757e-28
281.38 3.43205853328e-28
281.39 5.81495703189e-28
281.4 9.82867655485e-28
281.41 1.6572967793e-27
281.42 2.78780401279e-27
281.43 4.67822279696e-27
281.44 7.83170413706e-27
281.45 1.30794160175e-26
281.46 2.17909991758e-26
281.47 3.62178482267e-26
281.48 6.00516374799e-26
281.49 9.93307634497e-26
281.5 1.63907717381e-25
281.51 2.69818510552e-25
281.52 4.43099018914e-25
281.53 7.25916295856e-25
281.54 1.18639419433e-24
281.55 1.9343194077e-24
281.56 3.14618368971e-24
281.57 5.10501086613e-24
281.58 8.26353699863e-24
281.59 1.33441830417e-23
281.6 2.14968444876e-23
281.61 3.45473029499e-23
281.62 5.53873123439e-23
281.63 8.85856027224e-23
281.64 1.41342479838e-22
281.65 2.24977444074e-22
281.66 3.57241545799e-22
281.67 5.65902549891e-22
281.68 8.94289334461e-22
281.69 1.40984432741e-21
281.7 2.21728225213e-21
281.71 3.47878436749e-21
281.72 5.44491053675e-21
281.73 8.50179632618e-21
281.74 1.32430297359e-20
281.75 2.05788319857e-20
281.76 3.19014775379e-20
281.77 4.93352785311e-20
281.78 7.61133926131e-20
281.79 1.17144333451e-19
281.8 1.7986149564e-19
281.81 2.75493797088e-19
281.82 4.20961287328e-19
281.83 6.41695808219e-19
281.84 9.75827280862e-19
281.85 1.48038071175e-18
281.86 2.240425928e-18
281.87 3.38255192158e-18
281.88 5.09465832061e-18
281.89 7.65495009153e-18
281.9 1.14743045787e-17
281.91 1.71580169916e-17
281.92 2.55955533437e-17
281.93 3.80906743805e-17
281.94 5.65495964602e-17
281.95 8.37523627948e-17
281.96 1.23743197958e-16
281.97 1.82390541417e-16
281.98 2.68188406019e-16
281.99 3.93400035818e-16
282.0 5.75685778198e-16
282.01 8.40414072382e-16
282.02 1.22393355251e-15
282.03 1.77819373082e-15
282.04 2.57725279047e-15
282.05 3.72641888213e-15
282.06 5.37505651148e-15
282.07 7.73447975436e-15
282.08 1.110288621e-14
282.09 1.59000093725e-14
282.1 2.2715148549e-14
282.11 3.23735623868e-14
282.12 4.60280007861e-14
282.13 6.52845539846e-14
282.14 9.2375218897e-14
282.15 1.30393886244e-13
282.16 1.83618183789e-13
282.17 2.57947222031e-13
282.18 3.61495364245e-13
282.19 5.05395440027e-13
282.2 7.0488231648e-13
282.21 9.80750687731e-13
282.22 1.36131094646e-12
282.23 1.88500610754e-12
282.24 2.60390356481e-12
282.25 3.58834127135e-12
282.26 4.93309289488e-12
282.27 6.76552583526e-12
282.28 9.25636623414e-12
282.29 1.2633864409e-11
282.3 1.72023826258e-11
282.31 2.336671731e-11
282.32 3.166383511e-11
282.33 4.28041655994e-11
282.34 5.77251759585e-11
282.35 7.76606828361e-11
282.36 1.04230267822e-10
282.37 1.39554296615e-10
282.38 1.86401447321e-10
282.39 2.48377389159e-10
282.4 3.30165389126e-10
282.41 4.37832243416e-10
282.42 5.79216129784e-10
282.43 7.64416870181e-10
282.44 1.00641381176e-09
282.45 1.32184223151e-09
282.46 1.73196602037e-09
282.47 2.26389260629e-09
282.48 2.95208585909e-09
282.49 3.84024433639e-09
282.5 4.98362596364e-09
282.51 6.451916404e-09
282.52 8.33275730857e-09
282.53 1.07360727131e-08
282.54 1.37993574592e-08
282.55 1.76941210831e-08
282.56 2.26337145565e-08
282.57 2.88828060328e-08
282.58 3.67688157544e-08
282.59 4.66956699456e-08
282.6 5.91602892096e-08
282.61 7.47722889732e-08
282.62 9.42774381234e-08
282.63 1.18585497241e-07
282.64 1.48803139737e-07
282.65 1.86272747479e-07
282.66 2.32617966745e-07
282.67 2.89797009724e-07
282.68 3.60164790308e-07
282.69 4.46545089102e-07
282.7 5.52314049449e-07
282.71 6.81496411545e-07
282.72 8.38875992382e-07
282.73 1.0301220118e-06
282.74 1.26193294529e-06
282.75 1.54219964724e-06
282.76 1.8801895294e-06
282.77 2.28675359075e-06
282.78 2.77455807218e-06
282.79 3.35834244271e-06
282.8 4.05520530733e-06
282.81 4.88491965069e-06
282.82 5.87027858815e-06
282.83 7.03747247641e-06
282.84 8.41649783382e-06
282.85 1.00415980254e-05
282.86 1.19517350746e-05
282.87 1.41910912674e-05
282.88 1.6809598406e-05
282.89 1.98634916556e-05
282.9 2.34158839006e-05
282.91 2.7537355392e-05
282.92 3.23065522367e-05
282.93 3.78107859567e-05
282.94 4.4146624949e-05
282.95 5.14204672281e-05
282.96 5.9749082348e-05
282.97 6.92601089224e-05
282.98 8.00924927085e-05
282.99 9.23968488476e-05
283.0 0.000106335730591
283.01 0.00012208378575
283.02 0.000139827781222
283.03 0.000159766475339
283.04 0.000182110317507
283.05 0.00020708095467
283.06 0.000234910524698
283.07 0.000265840717787
283.08 0.000300121588479
283.09 0.000338010103069
283.1 0.000379768409786
283.11 0.000425661822519
283.12 0.000475956512728
283.13 0.000530916908729
283.14 0.000590802806632
283.15 0.00065586620286
283.16 0.000726347864226
283.17 0.000802473658073
283.18 0.000884450671664
283.19 0.000972463156962
283.2 0.0010666683438
283.21 0.00116719217125
283.22 0.00127412499337
283.23 0.00138751732164
283.24 0.00150737567144
283.25 0.00163365858461
283.26 0.00176627290339
283.27 0.00190507037321
283.28 0.00204984465286
283.29 0.00220032880957
283.3 0.0023561933746
283.31 0.00251704503089
283.32 0.00268242599853
283.33 0.00285181417675
283.34 0.00302462409174
283.35 0.0032002086892
283.36 0.0033778619983
283.37 0.00355682268033
283.38 0.00373627846092
283.39 0.00391537142921
283.4 0.00409320417185
283.41 0.0042688466933
283.42 0.00444134405849
283.43 0.00460972467797
283.44 0.00477300914163
283.45 0.0049302194936
283.46 0.00508038882905
283.47 0.00522257108402
283.48 0.00535585088149
283.49 0.00547935329185
283.5 0.00559225336288
283.51 0.00569378527488
283.52 0.00578325097898
283.53 0.0058600281827
283.54 0.0059235775549
283.55 0.00597344903369
283.56 0.00600928713397
283.57 0.00603083516708
283.58 0.00603793830254
283.59 0.00603054542077
283.6 0.00600870972574
283.61 0.00597258810733
283.62 0.0059224392641
283.63 0.00585862061779
283.64 0.00578158407117
283.65 0.00569187067959
283.66 0.00559010432409
283.67 0.00547698448959
283.68 0.00535327826505
283.69 0.00521981169344
283.7 0.00507746060774
283.71 0.00492714109485
283.72 0.0047697997321
283.73 0.00460640374087
283.74 0.00443793119928
283.75 0.00426536145065
283.76 0.00408966583624
283.77 0.00391179887156
283.78 0.00373268997308
283.79 0.00355323582943
283.8 0.00337429349611
283.81 0.00319667427788
283.82 0.0030211384466
283.83 0.00284839082659
283.84 0.0026790772637
283.85 0.002513781979
283.86 0.00235302579337
283.87 0.00219726519623
283.88 0.00204689221924
283.89 0.00190223506533
283.9 0.0017635594344
283.91 0.00163107047964
283.92 0.00150491532289
283.93 0.00138518605341
283.94 0.0012719231324
283.95 0.00116511912487
283.96 0.00106472268134
283.97 0.000970642694065
283.98 0.000882752556085
283.99 0.00080089445547
284.0 0.000724883642879
284.01 0.000654512616223
284.02 0.000589555172787
284.03 0.000529770285956
284.04 0.000474905770543
284.05 0.000424701707658
284.06 0.000378893606756
284.07 0.000337215289015
284.08 0.000299401482216
284.09 0.000265190122975
284.1 0.000234324367222
284.11 0.00020655431437
284.12 0.000181638454486
284.13 0.000159344851122
284.14 0.000139452075101
284.15 0.000121749906682
284.16 0.000106039825026
284.17 9.21353049063e-05
284.18 7.98619411167e-05
284.19 6.9057421107e-05
284.2 5.95713660992e-05
284.21 5.12650603096e-05
284.22 4.40110870234e-05
284.23 3.76928891648e-05
284.24 3.22042707466e-05
284.25 2.74488542034e-05
284.26 2.33395071614e-05
284.27 1.97977507171e-05
284.28 1.67531598144e-05
284.29 1.41427648608e-05
284.3 1.19104623262e-05
284.31 1.00064407508e-05
284.32 8.38662735271e-06
284.33 7.01215930104e-06
284.34 5.84888268944e-06
284.35 4.8668813363e-06
284.36 4.04003673086e-06
284.37 3.34561975056e-06
284.38 2.76391418337e-06
284.39 2.27787159654e-06
284.4 1.87279669202e-06
284.41 1.53606197156e-06
284.42 1.25685029319e-06
284.43 1.02592372614e-06
284.44 8.35416995391e-07
284.45 6.7865374206e-07
284.46 5.49983802871e-07
284.47 4.44639724841e-07
284.48 3.58610772367e-07
284.49 2.88532747586e-07
284.5 2.31592025483e-07
284.51 1.85442297921e-07
284.52 1.48132621626e-07
284.53 1.18045470429e-07
284.54 9.3843598994e-08
284.55 7.44246313958e-08
284.56 5.88823913327e-08
284.57 4.64740901052e-08
284.58 3.65925825825e-08
284.59 2.87429895579e-08
284.6 2.25230666572e-08
284.61 1.7606775095e-08
284.62 1.37305780372e-08
284.63 1.06820482279e-08
284.64 8.29042810783e-09
284.65 6.4188332006e-09
284.66 4.9578334412e-09
284.67 3.82018578557e-09
284.68 2.93652529116e-09
284.69 2.25185134029e-09
284.7 1.72267121464e-09
284.71 1.31468523888e-09
284.72 1.00091658667e-09
284.73 7.60204953611e-10
284.74 5.75996989744e-10
284.75 4.35377961692e-10
284.76 3.28298863577e-10
284.77 2.46961370477e-10
284.78 1.8532985383e-10
284.79 1.38745354027e-10
284.8 1.03621106418e-10
284.81 7.72030948778e-11
284.82 5.73822938715e-11
284.83 4.25478686313e-11
284.84 3.147273055e-11
284.85 2.32245734918e-11
284.86 1.70969160926e-11
284.87 1.25558038722e-11
284.88 9.19873221024e-12
284.89 6.72307783534e-12
284.9 4.90190639321e-12
284.91 3.56548489677e-12
284.92 2.58719346198e-12
284.93 1.87281954334e-12
284.94 1.35244526739e-12
284.95 9.74316891864e-13
284.96 7.00224969075e-13
284.97 5.0203258084e-13
284.98 3.59073543329e-13
284.99 2.56207952208e-13
285.0 1.82372985746e-13
285.01 1.29505784695e-13
285.02 9.17450715373e-14
285.03 6.48409952275e-14
285.04 4.57200879711e-14
285.05 3.21654454449e-14
285.06 2.2582262487e-14
285.07 1.58264259709e-14
285.08 1.10795677822e-14
285.09 7.75826221535e-15
285.1 5.44825827321e-15
285.11 3.85703201057e-15
285.12 2.77972847025e-15
285.13 2.0748900689e-15
285.14 1.64735475795e-15
285.15 1.43644101794e-15
285.16 1.40808446121e-15
285.17 1.55000310036e-15
285.18 1.86928368632e-15
285.19 2.39202948591e-15
285.2 3.16491349696e-15
285.21 4.25865882295e-15
285.22 5.77363506644e-15
285.23 7.84792955905e-15
285.24 1.0668437513e-14
285.25 1.4485728167e-14
285.26 1.96336977994e-14
285.27 2.65553295603e-14
285.28 3.58362609823e-14
285.29 4.82483320597e-14
285.3 6.48058727734e-14
285.31 8.68382159844e-14
285.32 1.16082822012e-13
285.33 1.54804513335e-13
285.34 2.05947687254e-13
285.35 2.73330054802e-13
285.36 3.61888509061e-13
285.37 4.77990229346e-13
285.38 6.29825165856e-13
285.39 8.27899722118e-13
285.4 1.08565587492e-12
285.41 1.42024527468e-12
285.42 1.85349420248e-12
285.43 2.41310279138e-12
285.44 3.13413083643e-12
285.45 4.06083302878e-12
285.46 5.24891878157e-12
285.47 6.76832621752e-12
285.48 8.70661662553e-12
285.49 1.11731150471e-11
285.5 1.43039449161e-11
285.51 1.82681301451e-11
285.52 2.32749670265e-11
285.53 2.95829010849e-11
285.54 3.751018084e-11
285.55 4.74476015532e-11
285.56 5.9873697608e-11
285.57 7.53727923151e-11
285.58 9.46563686602e-11
285.59 1.18588283698e-10
285.6 1.48214412684e-10
285.61 1.847973762e-10
285.62 2.2985707376e-10
285.63 2.8521781985e-10
285.64 3.53062951772e-10
285.65 4.35997851563e-10
285.66 5.3712239475e-10
285.67 6.60113904462e-10
285.68 8.09321747804e-10
285.69 9.89874759222e-10
285.7 1.20780270926e-09
285.71 1.47017305253e-09
285.72 1.78524418152e-09
285.73 2.16263637789e-09
285.74 2.61352158505e-09
285.75 3.15083301966e-09
285.76 3.78949548895e-09
285.77 4.54667708011e-09
285.78 5.44206263174e-09
285.79 6.49814907943e-09
285.8 7.74056238375e-09
285.81 9.19839529433e-09
285.82 1.09045646761e-08
285.83 1.28961865193e-08
285.84 1.52149660766e-08
285.85 1.79075998151e-08
285.86 2.10261850479e-08
285.87 2.46286322214e-08
285.88 2.87790738906e-08
285.89 3.35482634297e-08
285.9 3.9013955511e-08
285.91 4.52612593674e-08
285.92 5.23829548444e-08
285.93 6.04797602834e-08
285.94 6.96605403828e-08
285.95 8.00424413855e-08
285.96 9.17509402855e-08
285.97 1.04919794259e-07
285.98 1.19690876247e-07
285.99 1.36213882595e-07
286.0 1.54645898895e-07
286.01 1.75150810784e-07
286.02 1.9789854734e-07
286.03 2.23064146068e-07
286.04 2.50826630158e-07
286.05 2.81367690825e-07
286.06 3.14870170105e-07
286.07 3.51516342445e-07
286.08 3.91485996786e-07
286.09 4.34954324613e-07
286.1 4.82089623491e-07
286.11 5.33050830005e-07
286.12 5.87984900575e-07
286.13 6.47024063347e-07
286.14 7.10282969093e-07
286.15 7.77855773773e-07
286.16 8.49813189911e-07
286.17 9.26199548157e-07
286.18 1.00702991424e-06
286.19 1.09228730977e-06
286.2 1.18192008786e-06
286.21 1.27583951658e-06
286.22 1.37391762375e-06
286.23 1.47598535705e-06
286.24 1.5818311116e-06
286.25 1.69119967554e-06
286.26 1.80379164004e-06
286.27 1.91926331604e-06
286.28 2.03722719375e-06
286.29 2.15725297428e-06
286.3 2.27886919466e-06
286.31 2.40156545865e-06
286.32 2.52479527581e-06
286.33 2.64797950142e-06
286.34 2.77051035843e-06
286.35 2.89175601239e-06
286.36 3.01106565848e-06
286.37 3.12777506997e-06
286.38 3.24121254639e-06
286.39 3.35070519087e-06
286.4 3.45558543731e-06
286.41 3.55519774095e-06
286.42 3.64890533994e-06
286.43 3.73609699162e-06
286.44 3.81619358435e-06
286.45 3.88865452543e-06
286.46 3.95298380681e-06
286.47 4.00873565355e-06
286.48 4.05551966515e-06
286.49 4.09300536688e-06
286.5 4.12092609685e-06
286.51 4.13908216495e-06
286.52 4.14734323119e-06
286.53 4.14564986398e-06
286.54 4.13401425213e-06
286.55 4.11252005878e-06
286.56 4.08132141958e-06
286.57 4.04064110197e-06
286.58 3.99076785633e-06
286.59 3.93205300301e-06
286.6 3.86490631168e-06
286.61 3.78979124061e-06
286.62 3.70721961322e-06
286.63 3.6177458174e-06
286.64 3.52196061934e-06
286.65 3.42048468839e-06
286.66 3.31396193169e-06
286.67 3.20305273834e-06
286.68 3.08842723125e-06
286.69 2.97075862209e-06
286.7 2.85071675963e-06
286.71 2.7289619559e-06
286.72 2.60613916639e-06
286.73 2.48287259209e-06
286.74 2.35976076138e-06
286.75 2.23737213913e-06
286.76 2.11624129988e-06
286.77 1.99686569067e-06
286.78 1.87970299847e-06
286.79 1.76516912611e-06
286.8 1.6536367709e-06
286.81 1.54543459029e-06
286.82 1.44084693058e-06
286.83 1.34011408686e-06
286.84 1.24343305588e-06
286.85 1.15095873801e-06
286.86 1.06280554042e-06
286.87 9.7904933007e-07
286.88 8.99729683902e-07
286.89 8.24852382008e-07
286.9 7.54392090513e-07
286.91 6.88295181699e-07
286.92 6.26482641165e-07
286.93 5.6885301462e-07
286.94 5.15285350345e-07
286.95 4.65642097339e-07
286.96 4.19771923514e-07
286.97 3.77512422867e-07
286.98 3.38692685307e-07
286.99 3.03135707553e-07
287.0 2.70660628196e-07
287.01 2.41084774542e-07
287.02 2.14225513112e-07
287.03 1.89901899655e-07
287.04 1.67936128163e-07
287.05 1.48154781605e-07
287.06 1.30389889918e-07
287.07 1.14479803223e-07
287.08 1.00269890199e-07
287.09 8.76130731363e-08
287.1 7.63702123545e-08
287.11 6.64103534914e-08
287.12 5.76108516257e-08
287.13 4.98573863528e-08
287.14 4.30438818169e-08
287.15 3.70723453508e-08
287.16 3.18526378263e-08
287.17 2.73021881056e-08
287.18 2.3345663156e-08
287.19 1.99146044622e-08
287.2 1.69470403916e-08
287.21 1.43870831509e-08
287.22 1.21845179549e-08
287.23 1.02943910209e-08
287.24 8.67660203001e-09
287.25 7.29550577103e-09
287.26 6.11952681437e-09
287.27 5.12079026315e-09
287.28 4.27477089925e-09
287.29 3.55996238852e-09
287.3 2.9575676314e-09
287.31 2.45121084246e-09
287.32 2.02667151246e-09
287.33 1.67164004551e-09
287.34 1.37549456764e-09
287.35 1.12909816638e-09
287.36 9.24615637736e-10
287.37 7.55348682286e-10
287.38 6.15588399461e-10
287.39 5.00483873002e-10
287.4 4.05925615738e-10
287.41 3.28442642746e-10
287.42 2.65111964132e-10
287.43 2.13479327566e-10
287.44 1.7149009249e-10
287.45 1.37429179157e-10
287.46 1.09869103299e-10
287.47 8.76251787773e-11
287.48 6.97170438151e-11
287.49 5.53357396945e-11
287.5 4.38156425903e-11
287.51 3.46106185161e-11
287.52 2.72738372872e-11
287.53 2.14407434093e-11
287.54 1.68147394917e-11
287.55 1.31551909568e-11
287.56 1.02674094023e-11
287.57 7.99431601296e-12
287.58 6.20952605514e-12
287.59 4.81163089941e-12
287.6 3.71948546727e-12
287.61 2.86833674636e-12
287.62 2.20665336485e-12
287.63 1.693537456e-12
287.64 1.29661847538e-12
287.65 9.90344546038e-13
287.66 7.54600576085e-13
287.67 5.73594079723e-13
287.68 4.34959576815e-13
287.69 3.29040869608e-13
287.7 2.48317599153e-13
287.71 1.86948449054e-13
287.72 1.40408352005e-13
287.73 1.05201208062e-13
287.74 7.86330681577e-14
287.75 5.86335818937e-14
287.76 4.36158499199e-14
287.77 3.23667403382e-14
287.78 2.39612956685e-14
287.79 1.76961317946e-14
287.8 1.30377636542e-14
287.81 9.58262697731e-15
287.82 7.0262369386e-15
287.83 5.13946309267e-15
287.84 3.75033025849e-15
287.85 2.73009766145e-15
287.86 1.98264055174e-15
287.87 1.43637356441e-15
287.88 1.03812459041e-15
287.89 7.48501090348e-16
287.9 5.38395050155e-16
287.91 3.86354156171e-16
287.92 2.76610076883e-16
287.93 1.976038383e-16
287.94 1.40886244259e-16
287.95 1.00300565007e-16
287.96 7.13772320053e-17
287.97 5.08875630558e-17
287.98 3.65168062848e-17
287.99 2.66269874123e-17
288.0 2.00879283403e-17
288.01 1.61609827281e-17
288.02 1.44250020733e-17
288.03 1.4738224685e-17
288.04 1.72335469846e-17
288.05 2.23483562183e-17
288.06 3.08941599417e-17
288.07 4.41760805356e-17
288.08 6.41784320778e-17
288.09 9.38407557135e-17
288.1 1.37459776416e-16
288.11 2.01267994033e-16
288.12 2.9426071043e-16
288.13 4.29372502367e-16
288.14 6.25144580138e-16
288.15 9.08080344641e-16
288.16 1.31596349567e-15
288.17 1.90251899991e-15
288.18 2.74394255441e-15
288.19 3.94802294833e-15
288.2 5.66685280264e-15
288.21 8.11449178483e-15
288.22 1.15914461834e-14
288.23 1.65185043619e-14
288.24 2.34833782605e-14
288.25 3.33048248633e-14
288.26 4.71205611379e-14
288.27 6.65074760754e-14
288.28 9.36455601361e-14
288.29 1.31540844882e-13
288.3 1.84327771371e-13
288.31 2.57678169842e-13
288.32 3.5935293135e-13
288.33 4.999441214e-13
288.34 6.9387054164e-13
288.35 9.60709628113e-13
288.36 1.32697440455e-12
288.37 1.82847765932e-12
288.38 2.51346869408e-12
288.39 3.44678355184e-12
288.4 4.7153208884e-12
288.41 6.43524674133e-12
288.42 8.76144750983e-12
288.43 1.18998978407e-11
288.44 1.61237966465e-11
288.45 2.17945597588e-11
288.46 2.93890534746e-11
288.47 3.95348237351e-11
288.48 5.30555381666e-11
288.49 7.10294335046e-11
288.5 9.48642739874e-11
288.51 1.26393206944e-10
288.52 1.67996985407e-10
288.53 2.22759355988e-10
288.54 2.94664032667e-10
288.55 3.88843650973e-10
288.56 5.11893489215e-10
288.57 6.72265631017e-10
288.58 8.80762715063e-10
288.59 1.15115457476e-09
288.6 1.5009460266e-09
288.61 1.95232995022e-09
288.62 2.53336675774e-09
288.63 3.27943953432e-09
288.64 4.23504371673e-09
288.65 5.45598135046e-09
288.66 7.01204292639e-09
288.67 8.99027475528e-09
288.68 1.14989470088e-08
288.69 1.46723571578e-08
288.7 1.86766257904e-08
288.71 2.37166668939e-08
288.72 3.00445428318e-08
288.73 3.79694455792e-08
288.74 4.78695804284e-08
288.75 6.02062663716e-08
288.76 7.5540608703e-08
288.77 9.45531439274e-08
288.78 1.18066904576e-07
288.79 1.47074401639e-07
288.8 1.82769074476e-07
288.81 2.26581811495e-07
288.82 2.8022319868e-07
288.83 3.45732205937e-07
288.84 4.25532071723e-07
288.85 5.22494192829e-07
288.86 6.40010866237e-07
288.87 7.82077761425e-07
288.88 9.53387021439e-07
288.89 1.15943189643e-06
288.9 1.40662380079e-06
288.91 1.70242265086e-06
288.92 2.05548128e-06
288.93 2.47580463858e-06
288.94 2.97492436235e-06
288.95 3.56608913085e-06
288.96 4.26447103312e-06
288.97 5.08738790727e-06
288.98 6.05454131992e-06
288.99 7.18826949867e-06
289.0 8.51381412291e-06
289.01 1.00595994152e-05
289.02 1.18575214569e-05
289.03 1.39432450792e-05
289.04 1.63565050591e-05
289.05 1.91414076828e-05
289.06 2.23467280351e-05
289.07 2.60261976427e-05
289.08 3.02387763529e-05
289.09 3.5048901586e-05
289.1 4.0526707368e-05
289.11 4.67482048633e-05
289.12 5.37954154941e-05
289.13 6.17564471857e-05
289.14 7.07255038408e-05
289.15 8.08028178432e-05
289.16 9.20944952551e-05
289.17 0.000104712263429
289.18 0.000118773111025
289.19 0.000134398810952
289.2 0.000151715317524
289.21 0.000170852030199
289.22 0.000191940917641
289.23 0.000215115497509
289.24 0.000240509669387
289.25 0.00026825640052
289.26 0.000298486266636
289.27 0.000331325852952
289.28 0.00036689602355
289.29 0.000405310070549
289.3 0.000446671757921
289.31 0.000491073278255
289.32 0.000538593144254
289.33 0.000589294040136
289.34 0.000643220661366
289.35 0.000700397574118
289.36 0.000760827128526
289.37 0.000824487461982
289.38 0.000891330630447
289.39 0.000961280906802
289.4 0.00103423328568
289.41 0.00111005223382
289.42 0.00118857072395
289.43 0.0012695895879
289.44 0.0013528772222
289.45 0.00143816967522
289.46 0.00152517114072
289.47 0.00161355487697
289.48 0.00170296456469
289.49 0.00179301611019
289.5 0.00188329989282
289.51 0.00197338344812
289.52 0.00206281457014
289.53 0.00215112480815
289.54 0.0022378333254
289.55 0.00232245107923
289.56 0.00240448527529
289.57 0.00248344404123
289.58 0.00255884126001
289.59 0.00263020149747
289.6 0.00269706495556
289.61 0.00275899237943
289.62 0.00281556984577
289.63 0.00286641335963
289.64 0.00291117318841
289.65 0.00294953786486
289.66 0.00298123779481
289.67 0.0030060484115
289.68 0.00302379282458
289.69 0.00303434392038
289.7 0.00303762587829
289.71 0.00303361507811
289.72 0.00302234038319
289.73 0.00300388279448
289.74 0.00297837448143
289.75 0.00294599720589
289.76 0.00290698016528
289.77 0.00286159729092
289.78 0.00281016404597
289.79 0.00275303377535
289.8 0.00269059366679
289.81 0.0026232603873
289.82 0.00255147546409
289.83 0.00247570048096
289.84 0.00239641216336
289.85 0.00231409742461
289.86 0.0022292484446
289.87 0.00214235784967
289.88 0.0020539140582
289.89 0.0019643968515
289.9 0.00187427322378
289.91 0.00178399355792
289.92 0.00169398816685
289.93 0.00160466423217
289.94 0.00151640316399
289.95 0.00142955839761
289.96 0.001344453635
289.97 0.00126138153116
289.98 0.00118060281822
289.99 0.00110234585356
290.0 0.00102680657193
290.01 0.000954148816581
290.02 0.00088450501952
290.03 0.000817977197709
290.04 0.00075463822896
290.05 0.00069453336953
290.06 0.000637681974247
290.07 0.000584079379743
290.08 0.000533698911845
290.09 0.000486493979305
290.1 0.000442400217799
290.11 0.0004013376504
290.12 0.000363212833386
290.13 0.000327920959302
290.14 0.000295347892412
290.15 0.000265372115113
290.16 0.00023786656735
290.17 0.000212700364541
290.18 0.000189740382907
290.19 0.000168852704335
290.2 0.000149903915978
290.21 0.000132762262593
290.22 0.000117298652166
290.23 0.000103387517647
290.24 9.09075395628e-05
290.25 7.97422359197e-05
290.26 6.97804271467e-05
290.27 6.09165848819e-05
290.28 5.3051074145e-05
290.29 4.60902989447e-05
290.3 3.99467616132e-05
290.31 3.45390461997e-05
290.32 2.9791736099e-05
290.33 2.56352757727e-05
290.34 2.20057859756e-05
290.35 1.88448413392e-05
290.36 1.60992185271e-05
290.37 1.3720622483e-05
290.38 1.16653975596e-05
290.39 9.89422957291e-06
290.4 8.37184407807e-06
290.41 7.06670543825e-06
290.42 5.95072055445e-06
290.43 4.99895046309e-06
290.44 4.18933239018e-06
290.45 3.50241428433e-06
290.46 2.92110333749e-06
290.47 2.43042954481e-06
290.48 2.01732495282e-06
290.49 1.67041889747e-06
290.5 1.37984923818e-06
290.51 1.13708934827e-06
290.52 9.34790422132e-07
290.53 7.66638501362e-07
290.54 6.27225502234e-07
290.55 5.11933440225e-07
290.56 4.16830990186e-07
290.57 3.38581488858e-07
290.58 2.74361475811e-07
290.59 2.21788875877e-07
290.6 1.788599474e-07
290.61 1.43894153015e-07
290.62 1.15486150498e-07
290.63 9.24641481187e-08
290.64 7.3853919711e-08
290.65 5.88478277802e-08
290.66 4.67782566984e-08
290.67 3.70949114319e-08
290.68 2.93454891997e-08
290.69 2.31592813377e-08
290.7 1.82333098755e-08
290.71 1.43206475643e-08
290.72 1.12206110979e-08
290.73 8.77055493404e-09
290.74 6.83902742933e-09
290.75 5.32008201617e-09
290.76 4.12856397921e-09
290.77 3.19621820045e-09
290.78 2.4684852177e-09
290.79 1.90187229051e-09
290.8 1.46180310719e-09
290.81 1.12086451418e-09
290.82 8.5738142165e-10
290.83 6.54262045311e-10
290.84 4.98065081117e-10
290.85 3.78248463202e-10
290.86 2.86566196252e-10
290.87 2.16585538649e-10
290.88 1.63301683337e-10
290.89 1.22831166722e-10
290.9 9.2168644844e-11
290.91 6.89945103284e-11
290.92 5.1523170637e-11
290.93 3.83837440332e-11
290.94 2.85265202063e-11
290.95 2.1149834359e-11
290.96 1.56430651012e-11
290.97 1.15423288756e-11
290.98 8.49614167689e-12
290.99 6.23888178615e-12
291.0 4.5703396583e-12
291.01 3.34000338611e-12
291.02 2.43501727482e-12
291.03 1.77098097446e-12
291.04 1.28493883229e-12
291.05 9.30053052067e-13
291.06 6.71567545292e-13
291.07 4.83758252836e-13
291.08 3.47635231259e-13
291.09 2.49215982133e-13
291.1 1.782316e-13
291.11 1.27159915641e-13
291.12 9.05049777574e-14
291.13 6.42615816305e-14
291.14 4.5518408003e-14
291.15 3.2164694272e-14
291.16 2.26740187142e-14
291.17 1.59453583288e-14
291.18 1.11865656411e-14
291.19 7.82917457287e-15
291.2 5.46628017932e-15
291.21 3.80736496083e-15
291.22 2.64553699461e-15
291.23 1.83383340159e-15
291.24 1.26812664584e-15
291.25 8.74826815766e-16
291.26 6.02057894143e-16
291.27 4.13343519557e-16
291.28 2.83100554845e-16
291.29 1.93431418875e-16
291.3 1.31846930644e-16
291.31 8.96540142948e-17
291.32 6.08171641646e-17
291.33 4.11565820693e-17
291.34 2.77849196613e-17
291.35 1.87126674466e-17
291.36 1.25724223871e-17
291.37 8.4267272367e-18
291.38 5.6345030633e-18
291.39 3.75845203045e-18
291.4 2.50103122308e-18
291.41 1.66029754195e-18
291.42 1.09953598145e-18
291.43 7.26423150518e-19
291.44 4.78769654847e-19
291.45 3.14789520396e-19
291.46 2.06476497695e-19
291.47 1.35106951115e-19
291.48 8.81944937718e-20
291.49 5.7433060476e-20
291.5 3.73111948169e-20
291.51 2.41809335416e-20
291.52 1.56337686071e-20
291.53 1.00834931031e-20
291.54 6.48806274113e-21
291.55 4.16462388788e-21
291.56 2.66681715582e-21
291.57 1.70359910912e-21
291.58 1.0856711013e-21
291.59 6.90217332366e-22
291.6 4.37754030531e-22
291.61 2.76968995272e-22
291.62 1.74819094831e-22
291.63 1.10078699092e-22
291.64 6.91471714045e-23
291.65 4.33313539547e-23
291.66 2.70886155284e-23
291.67 1.68938280148e-23
291.68 1.05105643981e-23
291.69 6.52350073857e-24
291.7 4.0391697374e-24
291.71 2.49494054836e-24
291.72 1.53739338597e-24
291.73 9.45075543938e-25
291.74 5.79568470395e-25
291.75 3.54568121631e-25
291.76 2.16397047904e-25
291.77 1.31752749321e-25
291.78 8.00248282558e-26
291.79 4.84893680992e-26
291.8 2.93106201889e-26
291.81 1.76750316728e-26
291.82 1.06329091478e-26
291.83 6.38117588094e-27
291.84 3.82037536975e-27
291.85 2.28175004343e-27
291.86 1.35952377869e-27
291.87 8.08094699389e-28
291.88 4.79175293651e-28
291.89 2.83454454808e-28
291.9 1.67274163014e-28
291.91 9.84761709783e-29
291.92 5.78349216335e-29
291.93 3.38848727256e-29
291.94 1.98051563638e-29
291.95 1.15480166642e-29
291.96 6.7172766931e-30
291.97 3.89794568486e-30
291.98 2.25649844305e-30
291.99 1.30313978097e-30
292.0 7.50764410071e-31
292.01 4.31492310134e-31
292.02 2.4739969132e-31
292.03 1.41508313829e-31
292.04 8.07460838195e-32
292.05 4.59639866645e-32
292.06 2.61018098315e-32
292.07 1.47870064402e-32
292.08 8.356927074e-33
292.09 4.71161365987e-33
292.1 2.65002176953e-33
292.11 1.48691423963e-33
292.12 8.32298494429e-34
292.13 4.64760282519e-34
292.14 2.58902124735e-34
292.15 1.4387950389e-34
292.16 7.97662101361e-35
292.17 4.41159559527e-35
292.18 2.43404800983e-35
292.19 1.33973620949e-35
292.2 7.35641396416e-36
292.21 4.029672341e-36
292.22 2.20206441195e-36
292.23 1.20045811461e-36
292.24 6.52860982895e-37
292.25 3.54202096127e-37
292.26 1.91707122682e-37
292.27 1.03509945629e-37
292.28 5.57548461184e-38
292.29 2.99598663807e-38
292.3 1.60603066106e-38
292.31 8.58864202863e-39
292.32 4.58196619894e-39
292.33 2.43857417273e-39
292.34 1.29472271687e-39
292.35 6.85763357846e-40
292.36 3.6235018988e-40
292.37 1.91002662031e-40
292.38 1.0044008152e-40
292.39 5.26903887095e-41
292.4 2.75748055099e-41
292.41 1.4396277949e-41
292.42 7.4979872493e-42
292.43 3.89579307831e-42
292.44 2.01931362339e-42
292.45 1.04416318887e-42
292.46 5.38628948967e-43
292.47 2.77183716412e-43
292.48 1.42299195628e-43
292.49 7.2877570538e-44
292.5 3.72342008686e-44
292.51 1.89778451075e-44
292.52 9.64958125832e-45
292.53 4.89470753297e-45
292.54 2.47686157696e-45
292.55 1.25035528641e-45
292.56 6.29682817564e-46
292.57 3.16349360069e-46
292.58 1.58550927678e-46
292.59 7.92733705767e-47
292.6 3.95405376493e-47
292.61 1.96749902606e-47
292.62 9.76659528139e-48
292.63 4.83647075624e-48
292.64 2.38929982071e-48
292.65 1.17752312377e-48
292.66 5.78928523869e-49
292.67 2.83946919073e-49
292.68 1.38933214239e-49
292.69 6.7815928979e-50
292.7 3.30228123659e-50
292.71 1.60418003882e-50
292.72 7.77407755095e-51
292.73 3.75838562918e-51
292.74 1.81263565556e-51
292.75 8.72120324704e-52
292.76 4.18599790455e-52
292.77 2.00437194312e-52
292.78 9.57446096315e-53
292.79 4.56254394201e-53
292.8 2.16898474299e-53
292.81 1.0286381885e-53
292.82 4.86659829469e-54
292.83 2.29691574691e-54
292.84 1.08148709177e-54
292.85 5.07989019504e-55
292.86 2.38036753803e-55
292.87 1.11273160285e-55
292.88 5.18911787203e-56
292.89 2.41408945313e-56
292.9 1.12039172092e-56
292.91 5.18732110886e-57
292.92 2.39592425537e-57
292.93 1.10397628717e-57
292.94 5.07461519466e-58
292.95 2.32703650089e-58
292.96 1.06453509848e-58
292.97 4.85817868321e-59
292.98 2.21178899397e-59
292.99 1.00454780902e-59
293.0 4.55149676541e-60
293.01 2.05728554968e-60
293.02 9.27665963362e-61
293.03 4.17297111555e-61
293.04 1.87264667768e-61
293.05 8.38345465756e-62
293.06 3.74409538761e-62
293.07 1.66812080535e-62
293.08 7.41420863745e-63
293.09 3.28744742848e-63
293.1 1.45415111124e-63
293.11 6.41677737532e-64
293.12 2.82475713417e-64
293.13 1.24051484511e-64
293.14 5.4347494462e-65
293.15 2.37527445244e-65
293.16 1.0356303705e-65
293.17 4.50456095064e-66
293.18 1.95459537585e-66
293.19 8.46092754192e-67
293.2 3.6537244736e-67
293.21 1.57402027471e-67
293.22 6.76459125132e-68
293.23 2.90021040679e-68
293.24 1.24043543233e-68
293.25 5.29267868642e-69
293.26 2.25285689109e-69
293.27 9.56639678049e-70
293.28 4.05247071004e-70
293.29 1.71256904104e-70
293.3 7.21993025946e-71
293.31 3.0365093716e-71
293.32 1.27401035717e-71
293.33 5.33246484517e-72
293.34 2.22658742959e-72
293.35 9.27487818407e-73
293.36 3.85419235192e-73
293.37 1.59777369102e-73
293.38 6.60775384092e-74
293.39 2.72614627885e-74
293.4 1.12202146282e-74
293.41 4.6069116455e-75
293.42 1.88701482144e-75
293.43 7.71076467408e-76
293.44 3.14323098007e-76
293.45 1.27823837903e-76
293.46 5.185660964e-77
293.47 2.09871320583e-77
293.48 8.47342091983e-78
293.49 3.41288123564e-78
293.5 1.37132464179e-78
293.51 5.49687794818e-79
293.52 2.19810592857e-79
293.53 8.76875327725e-80
293.54 3.48966544705e-80
293.55 1.38543592674e-80
293.56 5.48713704507e-81
293.57 2.16801298173e-81
293.58 8.54544452376e-82
293.59 3.36019243257e-82
293.6 1.31810603737e-82
293.61 5.15814158229e-83
293.62 2.01369122483e-83
293.63 7.84240390648e-84
293.64 3.04692836573e-84
293.65 1.18095130783e-84
293.66 4.56623699693e-85
293.67 1.76133358017e-85
293.68 6.77768672491e-86
293.69 2.60182496713e-86
293.7 9.96394615749e-87
293.71 3.80663623059e-87
293.72 1.45080181777e-87
293.73 5.51609217686e-88
293.74 2.09224071011e-88
293.75 7.91677844336e-89
293.76 2.98842281589e-89
293.77 1.12536215327e-89
293.78 4.22765244626e-90
293.79 1.5843931567e-90
293.8 5.92356759295e-91
293.81 2.20932928168e-91
293.82 8.22042475115e-92
293.83 3.051299075e-92
293.84 1.12987917999e-92
293.85 4.17384141768e-93
293.86 1.53814257043e-93
293.87 5.6547570329e-94
293.88 2.07390097722e-94
293.89 7.58785097228e-95
293.9 2.76953130529e-95
293.91 1.00844095264e-95
293.92 3.66312196573e-96
293.93 1.32742194614e-96
293.94 4.79869687914e-97
293.95 1.73059064278e-97
293.96 6.22618605351e-98
293.97 2.23463474456e-98
293.98 8.00106335285e-99
293.99 2.85789047462e-99
294.0 1.01835725609e-99
294.01 3.62002402673e-100
294.02 1.28374703454e-100
294.03 4.54155066274e-101
294.04 1.60282306239e-101
294.05 5.64317751188e-102
294.06 1.98206800068e-102
294.07 6.94496558834e-103
294.08 2.42760685831e-103
294.09 8.46531889324e-104
294.1 2.94486234923e-104
294.11 1.02198232704e-104
294.12 3.53816825322e-105
294.13 1.22199741344e-105
294.14 4.21035583488e-106
294.15 1.44718491112e-106
294.16 4.96233363011e-107
294.17 1.69747975363e-107
294.18 5.79268557725e-108
294.19 1.97202319317e-108
294.2 6.69731599463e-109
294.21 2.26906152573e-109
294.22 7.66917173587e-110
294.23 2.58587402468e-110
294.24 8.69807150933e-111
294.25 2.91873921723e-111
294.26 9.77066948884e-112
294.27 3.26294731452e-112
294.28 1.08705748254e-112
294.29 3.61286444905e-113
294.3 1.19786406045e-113
294.31 3.96205145918e-114
294.32 1.30734255582e-114
294.33 4.30343645267e-115
294.34 1.41318200875e-115
294.35 4.62953652496e-116
294.36 1.51298157561e-116
294.37 4.9327201089e-117
294.38 1.60433854292e-117
294.39 5.20549783739e-118
294.4 1.68494307536e-118
294.41 5.44082685416e-119
294.42 1.75267457711e-119
294.43 5.63241152565e-120
294.44 1.80569410157e-120
294.45 5.77498272982e-121
294.46 1.84252720836e-121
294.47 5.86453846635e-122
294.48 1.86213206389e-122
294.49 5.89853046473e-123
294.5 1.86394839724e-123
294.51 5.87598464892e-124
294.52 1.84792410111e-124
294.53 5.7975475111e-125
294.54 1.81451771532e-125
294.55 5.6654553136e-126
294.56 1.76467662767e-126
294.57 5.48342816654e-127
294.58 1.69979243837e-127
294.59 5.25649598271e-128
294.6 1.62163642286e-128
294.61 4.99076767232e-129
294.62 1.53227926893e-129
294.63 4.69315835053e-130
294.64 1.43400015893e-130
294.65 4.37109152953e-131
294.66 1.32919075294e-131
294.67 4.03219411538e-132
294.68 1.22025967924e-132
294.69 3.68400151817e-133
294.7 1.10954277381e-133
294.71 3.33368842915e-134
294.72 9.99223583317e-135
294.73 2.98783804509e-135
294.74 8.91267642907e-136
294.75 2.65225902832e-136
294.76 7.87372862665e-137
294.77 2.33185562559e-137
294.78 6.88937116703e-138
294.79 2.03055247712e-138
294.8 5.97042932784e-139
294.81 1.75127204678e-139
294.82 5.12458119895e-140
294.83 1.49595955385e-140
294.84 4.35650316637e-141
294.85 1.26564796705e-141
294.86 3.66812838199e-142
294.87 1.06055412677e-142
294.88 3.05898860126e-143
294.89 8.80196401432e-144
294.9 2.5266089384e-144
294.91 7.23524392539e-145
294.92 2.06692651204e-145
294.93 5.89051958177e-146
294.94 1.67470717788e-146
294.95 4.74986065375e-147
294.96 1.34393902698e-147
294.97 3.79345530925e-148
294.98 1.06818650709e-148
294.99 3.00065394884e-149
295.0 8.40894376423e-150
295.01 2.35084336052e-150
295.02 6.55635780326e-151
295.03 1.82414060188e-151
295.04 5.06303212574e-152
295.05 1.40190881213e-152
295.06 3.87244767084e-153
295.07 1.06710722267e-153
295.08 2.93350795735e-154
295.09 8.04494707442e-155
295.1 2.20097860835e-155
295.11 6.00710414548e-156
295.12 1.63557781345e-156
295.13 4.44256682941e-157
295.14 1.20379750263e-157
295.15 3.25409041728e-158
295.16 8.77531072691e-159
295.17 2.36076142667e-159
295.18 6.33575546713e-160
295.19 1.69629516068e-160
295.2 4.5306566265e-161
295.21 1.20719543332e-161
295.22 3.20885969703e-162
295.23 8.50904034459e-163
295.24 2.25095672959e-163
295.25 5.94032792245e-164
295.26 1.56390512457e-164
295.27 4.10740091118e-165
295.28 1.07616904801e-165
295.29 2.81287613534e-166
295.3 7.3346168099e-167
295.31 1.90792351197e-167
295.32 4.95109432213e-168
295.33 1.28173472259e-168
295.34 3.31018151239e-169
295.35 8.52829427227e-170
295.36 2.19194299611e-170
295.37 5.62021647107e-171
295.38 1.43758502664e-171
295.39 3.66834984924e-172
295.4 9.33823209567e-173
295.41 2.37145719344e-173
295.42 6.00789902901e-174
295.43 1.51840166078e-174
295.44 3.82831288054e-175
295.45 9.62908207781e-176
295.46 2.41612312582e-176
295.47 6.04797441518e-177
295.48 1.51028023188e-177
295.49 3.76237292202e-178
295.5 9.35024201145e-179
295.51 2.31814486905e-179
295.52 5.73343645988e-180
295.53 1.41464068487e-180
295.54 3.48204191026e-181
295.55 8.55024488538e-182
295.56 2.0944973844e-182
295.57 5.11844216979e-183
295.58 1.24782157055e-183
295.59 3.03475675204e-184
295.6 7.36295240967e-185
295.61 1.78211944974e-185
295.62 4.30306925867e-186
295.63 1.03651734006e-186
295.64 2.49075790363e-187
295.65 5.97094638925e-188
295.66 1.42794518427e-188
295.67 3.40672133199e-189
295.68 8.10808687465e-190
295.69 1.92511592329e-190
295.7 4.55986608762e-191
295.71 1.07746705682e-191
295.72 2.53987663053e-192
295.73 5.97279973322e-193
295.74 1.40119956482e-193
295.75 3.27928183915e-194
295.76 7.65621646041e-195
295.77 1.78322593863e-195
295.78 4.1433846373e-196
295.79 9.60419213581e-197
295.8 2.22086999956e-197
295.81 5.12320984551e-198
295.82 1.17901101275e-198
295.83 2.70676335427e-199
295.84 6.19925390211e-200
295.85 1.41639788485e-200
295.86 3.22840361217e-201
295.87 7.34086249376e-202
295.88 1.66518719737e-202
295.89 3.76821563169e-203
295.9 8.506778798e-204
295.91 1.91580473665e-204
295.92 4.30421597373e-205
295.93 9.64702883598e-206
295.94 2.15699832564e-206
295.95 4.81130345007e-207
295.96 1.07061272062e-207
295.97 2.37661459105e-208
295.98 5.26310250595e-209
295.99 1.16273730783e-209
296.0 2.56258391655e-210
296.01 5.63418747878e-211
296.02 1.23578011228e-211
296.03 2.70400704548e-212
296.04 5.90243408088e-213
296.05 1.28531975249e-213
296.06 2.79220903128e-214
296.07 6.05119826636e-215
296.08 1.30825242236e-215
296.09 2.82161933014e-216
296.1 6.07102478358e-217
296.11 1.3031136656e-217
296.12 2.79035398942e-218
296.13 5.96064167128e-219
296.14 1.27023313275e-219
296.15 2.70041535162e-220
296.16 5.72709529251e-221
296.17 1.21169958735e-221
296.18 2.55747984709e-222
296.19 5.38500597949e-223
296.2 1.13114132493e-223
296.21 2.37030513792e-224
296.22 4.95505359437e-225
296.23 1.03335409317e-225
296.24 2.1498426847e-226
296.25 4.46191105202e-227
296.26 9.23829539788e-228
296.27 1.90818066453e-228
296.28 3.93191251656e-229
296.29 8.08248507767e-230
296.3 1.65745858729e-230
296.31 3.39076092889e-231
296.32 6.92003616115e-232
296.33 1.40888734149e-232
296.34 2.8615469764e-233
296.35 5.79805328352e-234
296.36 1.1719800905e-234
296.37 2.36327888836e-235
296.38 4.75407935016e-236
296.39 9.54057580698e-237
296.4 1.910026781e-237
296.41 3.81470568134e-238
296.42 7.60045033033e-239
296.43 1.51068641496e-239
296.44 2.99547729365e-240
296.45 5.92535601814e-241
296.46 1.16928284152e-241
296.47 2.30187328939e-242
296.48 4.52064037718e-243
296.49 8.85676691675e-244
296.5 1.7310403085e-244
296.51 3.37517158172e-245
296.52 6.56509840436e-246
296.53 1.27392345591e-246
296.54 2.46605147478e-247
296.55 4.76230987279e-248
296.56 9.17465776543e-249
296.57 1.76326994573e-249
296.58 3.38068297724e-250
296.59 6.4661652303e-251
296.6 1.23380310445e-251
296.61 2.34855983272e-252
296.62 4.45978691185e-253
296.63 8.44857177466e-254
296.64 1.59664805694e-254
296.65 3.01017542032e-255
296.66 5.66149493474e-256
296.67 1.06225100474e-256
296.68 1.98829072916e-257
296.69 3.71269552056e-258
296.7 6.91600804995e-259
296.71 1.28522260562e-259
296.72 2.38263726971e-260
296.73 4.40650447487e-261
296.74 8.12993755211e-262
296.75 1.49636283602e-262
296.76 2.74753558982e-263
296.77 5.03276265448e-264
296.78 9.19657849194e-265
296.79 1.67649716647e-265
296.8 3.04885011986e-266
296.81 5.53128500009e-267
296.82 1.00108903977e-267
296.83 1.80749076335e-268
296.84 3.25563850414e-269
296.85 5.84996106095e-270
296.86 1.0486401551e-270
296.87 1.87523932602e-271
296.88 3.34536593142e-272
296.89 5.95370438401e-273
296.9 1.05703073132e-273
296.91 1.87216736356e-274
296.92 3.30794618769e-275
296.93 5.8308102882e-276
296.94 1.02531213233e-276
296.95 1.79862237096e-277
296.96 3.14760766909e-278
296.97 5.49512920544e-279
296.98 9.57044058431e-280
296.99 1.66281013917e-280
297.0 2.88210703927e-281
297.01 4.98349765025e-282
297.02 8.59637037937e-283
297.03 1.47928784852e-283
297.04 2.53949270779e-284
297.05 4.34908564247e-285
297.06 7.43028820196e-286
297.07 1.26639756896e-286
297.08 2.15323379076e-287
297.09 3.65232162382e-288
297.1 6.18021454877e-289
297.11 1.04326538777e-289
297.12 1.7568826568e-290
297.13 2.95153149486e-291
297.14 4.94662282888e-292
297.15 8.27040700438e-293
297.16 1.37943638593e-293
297.17 2.29526683574e-294
297.18 3.80996859103e-295
297.19 6.30908413138e-296
297.2 1.04224051531e-296
297.21 1.71761685827e-297
297.22 2.82384819394e-298
297.23 4.63140870324e-299
297.24 7.577772774e-300
297.25 1.23687769832e-300
297.26 2.01404258509e-301
297.27 3.27165310285e-302
297.28 5.30179044193e-303
297.29 8.57106081392e-304
297.3 1.38230317254e-304
297.31 2.22396906779e-305
297.32 3.56952879605e-306
297.33 5.71544100994e-307
297.34 9.12946468609e-308
297.35 1.45478089482e-308
297.36 2.31263223276e-309
297.37 3.66751812987e-310
297.38 5.80222644224e-311
297.39 9.15743380379e-312
297.4 1.44181523951e-312
297.41 2.26465549118e-313
297.42 3.54855374564e-314
297.43 5.54698944629e-315
297.44 8.65007756283e-316
297.45 1.3456724693e-316
297.46 2.08840856805e-317
297.47 3.23331874674e-318
297.48 4.99386732847e-319
297.49 7.69457836833e-320
297.5 1.18279315614e-320
297.51 1.81322092024e-321
297.52 2.76676761671e-322
297.53 4.44659081257e-323
297.54 4.94065645841e-324
297.55 0.0
297.56 0.0
297.57 0.0
297.58 0.0
297.59 0.0
297.6 0.0
297.61 0.0
297.62 0.0
297.63 0.0
297.64 0.0
297.65 0.0
297.66 0.0
297.67 0.0
297.68 0.0
297.69 0.0
297.7 0.0
297.71 0.0
297.72 0.0
297.73 0.0
297.74 0.0
297.75 0.0
297.76 0.0
297.77 0.0
297.78 0.0
297.79 0.0
297.8 0.0
297.81 0.0
297.82 0.0
297.83 0.0
297.84 0.0
297.85 0.0
297.86 0.0
297.87 0.0
297.88 0.0
297.89 0.0
297.9 0.0
297.91 0.0
297.92 0.0
297.93 0.0
297.94 0.0
297.95 0.0
297.96 0.0
297.97 0.0
297.98 0.0
297.99 0.0
298.0 0.0
298.01 0.0
298.02 0.0
298.03 0.0
298.04 0.0
298.05 0.0
298.06 0.0
298.07 0.0
298.08 0.0
298.09 0.0
298.1 0.0
298.11 0.0
298.12 0.0
298.13 0.0
298.14 0.0
298.15 0.0
298.16 0.0
298.17 0.0
298.18 0.0
298.19 0.0
298.2 0.0
298.21 0.0
298.22 0.0
298.23 0.0
298.24 0.0
298.25 0.0
298.26 0.0
298.27 0.0
298.28 0.0
298.29 0.0
298.3 0.0
298.31 0.0
298.32 0.0
298.33 0.0
298.34 0.0
298.35 0.0
298.36 0.0
298.37 0.0
298.38 0.0
298.39 0.0
298.4 0.0
298.41 0.0
298.42 0.0
298.43 0.0
298.44 0.0
298.45 0.0
298.46 0.0
298.47 0.0
298.48 0.0
298.49 0.0
298.5 0.0
298.51 0.0
298.52 0.0
298.53 0.0
298.54 0.0
298.55 0.0
298.56 0.0
298.57 0.0
298.58 0.0
298.59 0.0
298.6 0.0
298.61 0.0
298.62 0.0
298.63 0.0
298.64 0.0
298.65 0.0
298.66 0.0
298.67 0.0
298.68 0.0
298.69 0.0
298.7 0.0
298.71 0.0
298.72 0.0
298.73 0.0
298.74 0.0
298.75 0.0
298.76 0.0
298.77 0.0
298.78 0.0
298.79 0.0
298.8 0.0
298.81 0.0
298.82 0.0
298.83 0.0
298.84 0.0
298.85 0.0
298.86 0.0
298.87 0.0
298.88 0.0
298.89 0.0
298.9 0.0
298.91 0.0
298.92 0.0
298.93 0.0
298.94 0.0
298.95 0.0
298.96 0.0
298.97 0.0
298.98 0.0
298.99 0.0
299.0 0.0
299.01 0.0
299.02 0.0
299.03 0.0
299.04 0.0
299.05 0.0
299.06 0.0
299.07 0.0
299.08 0.0
299.09 0.0
299.1 0.0
299.11 0.0
299.12 0.0
299.13 0.0
299.14 0.0
299.15 0.0
299.16 0.0
299.17 0.0
299.18 0.0
299.19 0.0
299.2 0.0
299.21 0.0
299.22 0.0
299.23 0.0
299.24 0.0
299.25 0.0
299.26 0.0
299.27 0.0
299.28 0.0
299.29 0.0
299.3 0.0
299.31 0.0
299.32 0.0
299.33 0.0
299.34 0.0
299.35 0.0
299.36 0.0
299.37 0.0
299.38 0.0
299.39 0.0
299.4 0.0
299.41 0.0
299.42 0.0
299.43 0.0
299.44 0.0
299.45 0.0
299.46 0.0
299.47 0.0
299.48 0.0
299.49 0.0
299.5 0.0
299.51 0.0
299.52 0.0
299.53 0.0
299.54 0.0
299.55 0.0
299.56 0.0
299.57 0.0
299.58 0.0
299.59 0.0
299.6 0.0
299.61 0.0
299.62 0.0
299.63 0.0
299.64 0.0
299.65 0.0
299.66 0.0
299.67 0.0
299.68 0.0
299.69 0.0
299.7 0.0
299.71 0.0
299.72 0.0
299.73 0.0
299.74 0.0
299.75 0.0
299.76 0.0
299.77 0.0
299.78 0.0
299.79 0.0
299.8 0.0
299.81 0.0
299.82 0.0
299.83 0.0
299.84 0.0
299.85 0.0
299.86 0.0
299.87 0.0
299.88 0.0
299.89 0.0
299.9 0.0
299.91 0.0
299.92 0.0
299.93 0.0
299.94 0.0
299.95 0.0
299.96 0.0
299.97 0.0
299.98 0.0
299.99 0.0
