275.0 0.0
275.01 0.0
275.02 0.0
275.03 0.0
275.04 0.0
275.05 0.0
275.06 0.0
275.07 0.0
275.08 0.0
275.09 0.0
275.1 0.0
275.11 0.0
275.12 0.0
275.13 0.0
275.14 0.0
275.15 0.0
275.16 0.0
275.17 0.0
275.18 0.0
275.19 0.0
275.2 0.0
275.21 0.0
275.22 0.0
275.23 0.0
275.24 0.0
275.25 0.0
275.26 0.0
275.27 0.0
275.28 0.0
275.29 0.0
275.3 0.0
275.31 0.0
275.32 0.0
275.33 0.0
275.34 0.0
275.35 0.0
275.36 0.0
275.37 0.0
275.38 0.0
275.39 0.0
275.4 0.0
275.41 0.0
275.42 0.0
275.43 0.0
275.44 0.0
275.45 0.0
275.46 0.0
275.47 0.0
275.48 0.0
275.49 0.0
275.5 0.0
275.51 0.0
275.52 0.0
275.53 0.0
275.54 0.0
275.55 0.0
275.56 0.0
275.57 0.0
275.58 0.0
275.59 0.0
275.6 0.0
275.61 0.0
275.62 0.0
275.63 0.0
275.64 0.0
275.65 0.0
275.66 0.0
275.67 0.0
275.68 0.0
275.69 0.0
275.7 0.0
275.71 0.0
275.72 0.0
275.73 0.0
275.74 0.0
275.75 0.0
275.76 0.0
275.77 0.0
275.78 0.0
275.79 0.0
275.8 0.0
275.81 0.0
275.82 0.0
275.83 0.0
275.84 0.0
275.85 0.0
275.86 0.0
275.87 0.0
275.88 0.0
275.89 0.0
275.9 0.0
275.91 0.0
275.92 0.0
275.93 0.0
275.94 0.0
275.95 0.0
275.96 0.0
275.97 0.0
275.98 0.0
275.99 0.0
276.0 0.0
276.01 0.0
276.02 0.0
276.03 0.0
276.04 0.0
276.05 0.0
276.06 0.0
276.07 0.0
276.08 0.0
276.09 0.0
276.1 0.0
276.11 0.0
276.12 0.0
276.13 0.0
276.14 0.0
276.15 0.0
276.16 0.0
276.17 0.0
276.18 0.0
276.19 0.0
276.2 0.0
276.21 0.0
276.22 0.0
276.23 0.0
276.24 0.0
276.25 0.0
276.26 0.0
276.27 0.0
276.28 0.0
276.29 0.0
276.3 0.0
276.31 0.0
276.32 0.0
276.33 0.0
276.34 0.0
276.35 0.0
276.36 0.0
276.37 0.0
276.38 0.0
276.39 0.0
276.4 0.0
276.41 0.0
276.42 0.0
276.43 0.0
276.44 0.0
276.45 0.0
276.46 0.0
276.47 0.0
276.48 0.0
276.49 0.0
276.5 0.0
276.51 0.0
276.52 0.0
276.53 0.0
276.54 0.0
276.55 0.0
276.56 0.0
276.57 0.0
276.58 0.0
276.59 0.0
276.6 0.0
276.61 0.0
276.62 0.0
276.63 0.0
276.64 0.0
276.65 0.0
276.66 0.0
276.67 0.0
276.68 0.0
276.69 0.0
276.7 0.0
276.71 0.0
276.72 0.0
276.73 0.0
276.74 0.0
276.75 0.0
276.76 0.0
276.77 0.0
276.78 0.0
276.79 0.0
276.8 0.0
276.81 0.0
276.82 0.0
276.83 0.0
276.84 0.0
276.85 0.0
276.86 0.0
276.87 0.0
276.88 0.0
276.89 0.0
276.9 0.0
276.91 0.0
276.92 0.0
276.93 0.0
276.94 0.0
276.95 0.0
276.96 0.0
276.97 0.0
276.98 0.0
276.99 0.0
277.0 0.0
277.01 0.0
277.02 0.0
277.03 0.0
277.04 0.0
277.05 0.0
277.06 0.0
277.07 0.0
277.08 0.0
277.09 0.0
277.1 0.0
277.11 0.0
277.12 0.0
277.13 0.0
277.14 0.0
277.15 0.0
277.16 0.0
277.17 0.0
277.18 0.0
277.19 0.0
277.2 0.0
277.21 0.0
277.22 0.0
277.23 0.0
277.24 0.0
277.25 0.0
277.26 0.0
277.27 0.0
277.28 0.0
277.29 0.0
277.3 0.0
277.31 0.0
277.32 0.0
277.33 0.0
277.34 0.0
277.35 0.0
277.36 0.0
277.37 0.0
277.38 0.0
277.39 0.0
277.4 0.0
277.41 0.0
277.42 0.0
277.43 0.0
277.44 0.0
277.45 0.0
277.46 0.0
277.47 0.0
277.48 0.0
277.49 0.0
277.5 0.0
277.51 0.0
277.52 0.0
277.53 0.0
277.54 0.0
277.55 0.0
277.56 0.0
277.57 0.0
277.58 0.0
277.59 0.0
277.6 0.0
277.61 0.0
277.62 0.0
277.63 0.0
277.64 0.0
277.65 0.0
277.66 0.0
277.67 0.0
277.68 0.0
277.69 0.0
277.7 0.0
277.71 0.0
277.72 0.0
277.73 0.0
277.74 0.0
277.75 0.0
277.76 0.0
277.77 0.0
277.78 0.0
277.79 0.0
277.8 0.0
277.81 0.0
277.82 0.0
277.83 0.0
277.84 0.0
277.85 0.0
277.86 0.0
277.87 0.0
277.88 0.0
277.89 0.0
277.9 0.0
277.91 0.0
277.92 0.0
277.93 0.0
277.94 0.0
277.95 0.0
277.96 0.0
277.97 0.0
277.98 0.0
277.99 0.0
278.0 0.0
278.01 0.0
278.02 0.0
278.03 0.0
278.04 0.0
278.05 0.0
278.06 0.0
278.07 0.0
278.08 0.0
278.09 0.0
278.1 0.0
278.11 0.0
278.12 0.0
278.13 0.0
278.14 0.0
278.15 0.0
278.16 0.0
278.17 0.0
278.18 0.0
278.19 0.0
278.2 0.0
278.21 0.0
278.22 0.0
278.23 0.0
278.24 0.0
278.25 0.0
278.26 0.0
278.27 0.0
278.28 0.0
278.29 0.0
278.3 0.0
278.31 0.0
278.32 0.0
278.33 0.0
278.34 0.0
278.35 0.0
278.36 0.0
278.37 0.0
278.38 0.0
278.39 0.0
278.4 0.0
278.41 0.0
278.42 0.0
278.43 0.0
278.44 0.0
278.45 0.0
278.46 0.0
278.47 0.0
278.48 0.0
278.49 0.0
278.5 0.0
278.51 0.0
278.52 0.0
278.53 0.0
278.54 0.0
278.55 0.0
278.56 0.0
278.57 0.0
278.58 0.0
278.59 0.0
278.6 0.0
278.61 0.0
278.62 0.0
278.63 0.0
278.64 0.0
278.65 0.0
278.66 0.0
278.67 0.0
278.68 0.0
278.69 0.0
278.7 0.0
278.71 0.0
278.72 0.0
278.73 0.0
278.74 0.0
278.75 0.0
278.76 0.0
278.77 0.0
278.78 0.0
278.79 0.0
278.8 0.0
278.81 0.0
278.82 0.0
278.83 0.0
278.84 0.0
278.85 0.0
278.86 0.0
278.87 0.0
278.88 0.0
278.89 0.0
278.9 0.0
278.91 0.0
278.92 0.0
278.93 0.0
278.94 0.0
278.95 0.0
278.96 0.0
278.97 0.0
278.98 0.0
278.99 0.0
279.0 0.0
279.01 0.0
279.02 0.0
279.03 0.0
279.04 0.0
279.05 0.0
279.06 0.0
279.07 0.0
279.08 0.0
279.09 0.0
279.1 0.0
279.11 0.0
279.12 0.0
279.13 0.0
279.14 0.0
279.15 0.0
279.16 0.0
279.17 0.0
279.18 0.0
279.19 0.0
279.2 0.0
279.21 0.0
279.22 0.0
279.23 0.0
279.24 4.94065645841e-324
279.25 1.97626258336e-323
279.26 1.38338380836e-322
279.27 9.09080788348e-322
279.28 5.9633723453e-321
279.29 3.89768388004e-320
279.3 2.54211596755e-319
279.31 1.65404285046e-318
279.32 1.07362441104e-317
279.33 6.95208317599e-317
279.34 4.49090973617e-316
279.35 2.89407917367e-315
279.36 1.86055795104e-314
279.37 1.19325346548e-313
279.38 7.63447041844e-313
279.39 4.87283648802e-312
279.4 3.10271203256e-311
279.41 1.97086923763e-310
279.42 1.24890918996e-309
279.43 7.89515428569e-309
279.44 4.97905691733e-308
279.45 3.13249415967e-307
279.46 1.96603008169e-306
279.47 1.23096798151e-305
279.48 7.68882655915e-305
279.49 4.79104314262e-304
279.5 2.9782202237e-303
279.51 1.84688666117e-302
279.52 1.14256361686e-301
279.53 7.0514307614e-301
279.54 4.34141008522e-300
279.55 2.666496913e-299
279.56 1.63383452575e-298
279.57 9.98692440928e-298
279.58 6.08992810784e-297
279.59 3.70466786631e-296
279.6 2.24824222655e-295
279.61 1.36111127685e-294
279.62 8.22054996474e-294
279.63 4.95296003907e-293
279.64 2.97704558261e-292
279.65 1.78510125016e-291
279.66 1.06781725273e-290
279.67 6.37217541035e-290
279.68 3.79345748216e-289
279.69 2.25288710234e-288
279.7 1.33475128058e-287
279.71 7.88892765166e-287
279.72 4.65149233649e-286
279.73 2.73604575523e-285
279.74 1.60550296334e-284
279.75 9.3984357465e-284
279.76 5.48853896005e-283
279.77 3.19753005726e-282
279.78 1.85835734868e-281
279.79 1.07745845302e-280
279.8 6.23201579718e-280
279.81 3.59594688238e-279
279.82 2.06992542882e-278
279.83 1.18864684316e-277
279.84 6.80938190441e-277
279.85 3.89151987468e-276
279.86 2.21864349545e-275
279.87 1.26186386061e-274
279.88 7.15968955424e-274
279.89 4.05258927059e-273
279.9 2.28837765537e-272
279.91 1.28907894875e-271
279.92 7.24416016031e-271
279.93 4.06118974e-270
279.94 2.27130379574e-269
279.95 1.26722543891e-268
279.96 7.05324952036e-268
279.97 3.9163484279e-267
279.98 2.16935240419e-266
279.99 1.19876927015e-265
280.0 6.60842255893e-265
280.01 3.63426605908e-264
280.02 1.99384934884e-263
280.03 1.09125104599e-262
280.04 5.95818130814e-262
280.05 3.24533449504e-261
280.06 1.76344503137e-260
280.07 9.55919007208e-260
280.08 5.16936236822e-259
280.09 2.78874989109e-258
280.1 1.50085544538e-257
280.11 8.05795566814e-257
280.12 4.3158624184e-256
280.13 2.30604097218e-255
280.14 1.22920171171e-254
280.15 6.53636059234e-254
280.16 3.46741288833e-253
280.17 1.83498206908e-252
280.18 9.68756880434e-252
280.19 5.10216483018e-251
280.2 2.68071644826e-250
280.21 1.40508948231e-249
280.22 7.34706354826e-249
280.23 3.83248372435e-248
280.24 1.9943599839e-247
280.25 1.03534119305e-246
280.26 5.36191771721e-246
280.27 2.77021518898e-245
280.28 1.42778750417e-244
280.29 7.34125579827e-244
280.3 3.7655970626e-243
280.31 1.92687723457e-242
280.32 9.83628162065e-242
280.33 5.00915617981e-241
280.34 2.54480729179e-240
280.35 1.28973931279e-239
280.36 6.52087213993e-239
280.37 3.28901717343e-238
280.38 1.65494401669e-237
280.39 8.30724812849e-237
280.4 4.15994671331e-236
280.41 2.07814124608e-235
280.42 1.03566444339e-234
280.43 5.14896310458e-234
280.44 2.55374308122e-233
280.45 1.26354681021e-232
280.46 6.23680517734e-232
280.47 3.07107010002e-231
280.48 1.50859960976e-230
280.49 7.39290221512e-230
280.5 3.61420383394e-229
280.51 1.76265384297e-228
280.52 8.57586886703e-228
280.53 4.16242039288e-227
280.54 2.01544271711e-226
280.55 9.73535263522e-226
280.56 4.69126131392e-225
280.57 2.25519589293e-224
280.58 1.08152267353e-223
280.59 5.17420575681e-223
280.6 2.4694968161e-222
280.61 1.17579052419e-221
280.62 5.58480675976e-221
280.63 2.6463242407e-220
280.64 1.25093478413e-219
280.65 5.89906242969e-219
280.66 2.77515998816e-218
280.67 1.30241613482e-217
280.68 6.09773041261e-217
280.69 2.848022273e-216
280.7 1.32701322937e-215
280.71 6.16827649871e-215
280.72 2.86028377987e-214
280.73 1.32315622097e-213
280.74 6.10618323162e-213
280.75 2.81115797036e-212
280.76 1.29109256267e-211
280.77 5.91542860688e-211
280.78 2.70378257379e-210
280.79 1.23286073635e-209
280.8 5.60806434632e-209
280.81 2.54488794232e-208
280.82 1.15207578795e-207
280.83 5.20295589762e-207
280.84 2.34409899819e-206
280.85 1.05355803452e-205
280.86 4.7238672774e-205
280.87 2.11297140776e-204
280.88 9.42857940811e-204
280.89 4.19716087072e-203
280.9 1.86389600378e-202
280.91 8.25742140201e-202
280.92 3.6494206863e-201
280.93 1.60901510036e-200
280.94 7.07706231834e-200
280.95 3.10529332231e-199
280.96 1.35928006747e-198
280.97 5.93570046673e-198
280.98 2.58578085205e-197
280.99 1.12374601017e-196
281.0 4.87193314407e-196
281.01 2.10712930305e-195
281.02 9.09154647165e-195
281.03 3.91328113049e-194
281.04 1.68035500589e-193
281.05 7.19809789786e-193
281.06 3.07603422593e-192
281.07 1.31135805228e-191
281.08 5.57709600825e-191
281.09 2.36620116495e-190
281.1 1.00150222017e-189
281.11 4.2287195006e-189
281.12 1.78124045488e-188
281.13 7.48501941668e-188
281.14 3.1377621648e-187
281.15 1.31221144768e-186
281.16 5.47449838487e-186
281.17 2.27846074838e-185
281.18 9.46009461745e-185
281.19 3.91837609712e-184
281.2 1.61909923065e-183
281.21 6.67417398573e-183
281.22 2.74459514559e-182
281.23 1.1259413463e-181
281.24 4.60797329426e-181
281.25 1.88131210128e-180
281.26 7.66246412456e-180
281.27 3.11338457096e-179
281.28 1.26198383811e-178
281.29 5.10307001294e-178
281.3 2.05857156732e-177
281.31 8.28432489786e-177
281.32 3.32586782137e-176
281.33 1.33201635446e-175
281.34 5.32195059469e-175
281.35 2.12123522085e-174
281.36 8.43458132518e-174
281.37 3.3457611968e-173
281.38 1.32398498407e-172
281.39 5.22670379516e-172
281.4 2.05839836074e-171
281.41 8.08700432764e-171
281.42 3.16958668093e-170
281.43 1.23929386702e-169
281.44 4.83395582459e-169
281.45 1.88099553039e-168
281.46 7.30179371547e-168
281.47 2.82766570664e-167
281.48 1.09240399512e-166
281.49 4.21012707316e-166
281.5 1.61869057587e-165
281.51 6.2085356864e-165
281.52 2.37558861275e-164
281.53 9.06796838799e-164
281.54 3.45307069353e-163
281.55 1.3117698697e-162
281.56 4.97126074288e-162
281.57 1.87945591506e-161
281.58 7.08850179305e-161
281.59 2.66706422139e-160
281.6 1.00108096306e-159
281.61 3.74853561665e-159
281.62 1.40026679409e-158
281.63 5.21815106886e-158
281.64 1.93989943059e-157
281.65 7.19446480873e-157
281.66 2.66179422931e-156
281.67 9.82442576299e-156
281.68 3.61740038908e-155
281.69 1.32874822123e-154
281.7 4.86906442419e-154
281.71 1.77993873856e-153
281.72 6.49114482624e-153
281.73 2.36153426968e-152
281.74 8.57085040736e-152
281.75 3.10320372246e-151
281.76 1.12086515833e-150
281.77 4.03880756424e-150
281.78 1.45180959388e-149
281.79 5.20622427167e-149
281.8 1.86248503816e-148
281.81 6.6469042429e-148
281.82 2.36647958032e-147
281.83 8.40509855375e-147
281.84 2.97810200061e-146
281.85 1.05267191472e-145
281.86 3.71195936578e-145
281.87 1.30578026405e-144
281.88 4.58240738965e-144
281.89 1.60425722013e-143
281.9 5.60287609052e-143
281.91 1.95211205322e-142
281.92 6.78508320131e-142
281.93 2.35267708004e-141
281.94 8.13815908437e-141
281.95 2.80832094031e-140
281.96 9.66771882563e-140
281.97 3.32015220306e-139
281.98 1.13749287473e-138
281.99 3.88772991336e-138
282.0 1.32556246201e-137
282.01 4.50880047675e-137
282.02 1.52995461239e-136
282.03 5.17908199325e-136
282.04 1.74897553937e-135
282.05 5.89211743481e-135
282.06 1.9802305766e-134
282.07 6.63921663452e-134
282.08 2.22062194218e-133
282.09 7.40950377175e-133
282.1 2.46638192862e-132
282.11 8.19008191218e-132
282.12 2.71314416269e-131
282.13 8.96631940063e-131
282.14 2.95605322655e-130
282.15 9.72225490511e-130
282.16 3.18991027077e-129
282.17 1.04411092464e-128
282.18 3.40934948677e-128
282.19 1.11058835225e-127
282.2 3.60903767618e-127
282.21 1.17000152262e-126
282.22 3.78388690552e-126
282.23 1.22080578244e-125
282.24 3.92926859727e-125
282.25 1.26163452937e-124
282.26 4.04121657279e-124
282.27 1.2913601893e-123
282.28 4.11660665171e-123
282.29 1.30914592676e-122
282.3 4.15330146926e-122
282.31 1.31448478071e-121
282.32 4.1502511456e-121
282.33 1.3072236717e-120
282.34 4.1075431902e-120
282.35 1.28757069391e-119
282.36 4.026398331e-119
282.37 1.25608520727e-118
282.38 3.90911254568e-118
282.39 1.21365138806e-117
282.4 3.75894913662e-117
282.41 1.1614369832e-116
282.42 3.57998792927e-116
282.43 1.10083995321e-115
282.44 3.37694131605e-115
282.45 1.03342640397e-114
282.46 3.15494870788e-114
282.47 9.60863645442e-114
282.48 2.91936186472e-113
282.49 8.84852350086e-113
282.5 2.67553351976e-112
282.51 8.0706161745e-112
282.52 2.42862074366e-111
282.53 7.29070316047e-111
282.54 2.18341275059e-110
282.55 6.52317421552e-110
282.56 1.94419052512e-109
282.57 5.78063271843e-109
282.58 1.71462298229e-108
282.59 5.0736279134e-108
282.6 1.49770161127e-107
282.61 4.41050876551e-107
282.62 1.29571292688e-106
282.63 3.79739350448e-106
282.64 1.11024576263e-105
282.65 3.23824240041e-105
282.66 9.4222862755e-105
282.67 2.73501646352e-104
282.68 7.91991105414e-104
282.69 2.28790176327e-103
282.7 6.59342622812e-103
282.71 1.89557791092e-102
282.72 5.436618225e-102
282.73 1.55550977145e-101
282.74 4.43990175342e-101
282.75 1.264243374e-100
282.76 3.59124241474e-100
282.77 1.01768990561e-99
282.78 2.87702026818e-99
282.79 8.11385207255e-99
282.8 2.2828005017e-98
282.81 6.4071596048e-98
282.82 1.79398924598e-97
282.83 5.01107424836e-97
282.84 1.39636369741e-96
282.85 3.8817089677e-96
282.86 1.07647538071e-95
282.87 2.97811827966e-95
282.88 8.21933141758e-95
282.89 2.26301666342e-94
282.9 6.21578123329e-94
282.91 1.70317941512e-93
282.92 4.65566569363e-93
282.93 1.26957945359e-92
282.94 3.45378017713e-92
282.95 9.37316385904e-92
282.96 2.53766585167e-91
282.97 6.85392537288e-91
282.98 1.84671984757e-90
282.99 4.96385825651e-90
283.0 1.33105020336e-89
283.01 3.56062478095e-89
283.02 9.5019927253e-89
283.03 2.52964679567e-88
283.04 6.71833706829e-88
283.05 1.7800016354e-87
283.06 4.7047410307e-87
283.07 1.24053137906e-86
283.08 3.26314592047e-86
283.09 8.56292115434e-86
283.1 2.24163090195e-85
283.11 5.85413824801e-85
283.12 1.52517105004e-84
283.13 3.96397440426e-84
283.14 1.02777923601e-83
283.15 2.6584319448e-83
283.16 6.85974487627e-83
283.17 1.76582267992e-82
283.18 4.5346411694e-82
283.19 1.16170396656e-81
283.2 2.96896260383e-81
283.21 7.56956098168e-81
283.22 1.92527763694e-80
283.23 4.8850920333e-80
283.24 1.23654191834e-79
283.25 3.1224942422e-79
283.26 7.86594958539e-79
283.27 1.97677563969e-78
283.28 4.95587463645e-78
283.29 1.23948122569e-77
283.3 3.09254696276e-77
283.31 7.697494079e-77
283.32 1.91134521263e-76
283.33 4.73462527557e-76
283.34 1.17000791817e-75
283.35 2.88435491872e-75
283.36 7.09357731881e-75
283.37 1.74035812092e-74
283.38 4.25959835767e-74
283.39 1.04005279935e-73
283.4 2.53337122375e-73
283.41 6.15600534958e-73
283.42 1.49229901909e-72
283.43 3.60885495923e-72
283.44 8.70642196918e-72
283.45 2.0953988711e-71
283.46 5.03095472144e-71
283.47 1.20501047261e-70
283.48 2.87930680395e-70
283.49 6.86343895327e-70
283.5 1.63212086358e-69
283.51 3.87185930174e-69
283.52 9.16312323739e-69
283.53 2.1633370958e-68
283.54 5.09520399966e-68
283.55 1.19716956016e-67
283.56 2.8061214542e-67
283.57 6.5616637623e-67
283.58 1.5306580847e-66
283.59 3.56204266321e-66
283.6 8.26945243231e-66
283.61 1.91518662243e-65
283.62 4.42488670221e-65
283.63 1.01988198468e-64
283.64 2.34506235563e-64
283.65 5.37917383698e-64
283.66 1.23093033139e-63
283.67 2.81001136658e-63
283.68 6.39940195345e-63
283.69 1.45387614904e-62
283.7 3.29512689538e-62
283.71 7.45029699236e-62
283.72 1.68047376379e-61
283.73 3.78134755982e-61
283.74 8.48825009855e-61
283.75 1.90084387099e-60
283.76 4.24650300756e-60
283.77 9.46396520116e-60
283.78 2.10412503176e-59
283.79 4.66688028814e-59
283.8 1.03261513956e-58
283.81 2.27932904667e-58
283.82 5.01917422796e-58
283.83 1.10259045195e-57
283.84 2.41631134392e-57
283.85 5.28260657783e-57
283.86 1.15212699457e-56
283.87 2.50673916495e-56
283.88 5.44094893651e-56
283.89 1.1781398966e-55
283.9 2.54492967553e-55
283.91 5.48417643275e-55
283.92 1.17897273014e-54
283.93 2.52844092533e-54
283.94 5.40951802247e-54
283.95 1.15457205682e-53
283.96 2.45833023357e-53
283.97 5.22175043711e-53
283.98 1.10649310179e-52
283.99 2.3390419955e-52
284.0 4.93269243839e-52
284.01 1.03773571768e-51
284.02 2.17794145842e-51
284.03 4.55997381399e-51
284.04 9.52434689589e-51
284.05 1.98456245386e-50
284.06 4.12525734198e-50
284.07 8.554488183e-50
284.08 1.76967585309e-49
284.09 3.65216280331e-49
284.1 7.51905466696e-49
284.11 1.54430495642e-48
284.12 3.16416846411e-48
284.13 6.46759534556e-48
284.14 1.3188117e-47
284.15 2.68274536052e-47
284.16 5.44418435418e-47
284.17 1.10215557885e-46
284.18 2.22592072443e-46
284.19 4.48469788954e-46
284.2 9.01391380859e-46
284.21 1.80738352553e-45
284.22 3.6152967202e-45
284.23 7.21430143647e-45
284.24 1.43615505596e-44
284.25 2.85210222839e-44
284.26 5.6504827567e-44
284.27 1.11676740431e-43
284.28 2.20189504699e-43
284.29 4.33099028102e-43
284.3 8.49834804286e-43
284.31 1.66356022095e-42
284.32 3.24862251697e-42
284.33 6.32873167565e-42
284.34 1.22995953952e-41
284.35 2.38463369924e-41
284.36 4.61221175573e-41
284.37 8.89925209087e-41
284.38 1.71298866702e-40
284.39 3.28936585301e-40
284.4 6.30124809559e-40
284.41 1.20419740845e-39
284.42 2.29575483058e-39
284.43 4.3662644398e-39
284.44 8.28421330162e-39
284.45 1.56801141413e-38
284.46 2.96076457911e-38
284.47 5.5771874666e-38
284.48 1.04805317631e-37
284.49 1.96475364816e-37
284.5 3.67442678896e-37
284.51 6.85532112148e-37
284.52 1.27591786123e-36
284.53 2.36905062021e-36
284.54 4.38816221485e-36
284.55 8.10863433605e-36
284.56 1.4947531185e-35
284.57 2.74883030272e-35
284.58 5.0429318706e-35
284.59 9.22943215375e-35
284.6 1.68509182567e-34
284.61 3.06922602176e-34
284.62 5.57687462226e-34
284.63 1.01090326622e-33
284.64 1.82803719526e-33
284.65 3.29774572508e-33
284.66 5.93479898136e-33
284.67 1.06549537879e-32
284.68 1.90833157868e-32
284.69 3.40967364731e-32
284.7 6.07754941424e-32
284.71 1.0806894051e-31
284.72 1.91703480745e-31
284.73 3.39246841244e-31
284.74 5.98905548157e-31
284.75 1.05476951573e-30
284.76 1.85316253854e-30
284.77 3.24807586715e-30
284.78 5.67930936873e-30
284.79 9.90653088946e-30
284.8 1.72386947273e-29
284.81 2.99256691015e-29
284.82 5.18250905417e-29
284.83 8.95350290934e-29
284.84 1.54313029739e-28
284.85 2.65319351305e-28
284.86 4.55084417328e-28
284.87 7.78702757624e-28
284.88 1.3292545939e-27
284.89 2.26360860745e-27
284.9 3.84548580885e-27
284.91 6.51715122948e-27
284.92 1.10184649433e-26
284.93 1.85840814047e-26
284.94 3.12692751207e-26
284.95 5.24869380138e-26
284.96 8.78903858611e-26
284.97 1.46821012331e-25
284.98 2.44676222446e-25
284.99 4.0677291618e-25
285.0 6.74635205095e-25
285.01 1.11620170569e-24
285.02 1.84235396174e-24
285.03 3.03361297286e-24
285.04 4.98315025736e-24
285.05 8.16590836372e-24
285.06 1.33493995244e-23
285.07 2.17708642277e-23
285.08 3.54198173504e-23
285.09 5.74875333903e-23
285.1 9.30802930368e-23
285.11 1.50348298816e-22
285.12 2.4226797237e-22
285.13 3.89448647737e-22
285.14 6.24541217261e-22
285.15 9.99145461763e-22
285.16 1.59460471667e-21
285.17 2.5388326695e-21
285.18 4.03247628027e-21
285.19 6.38949117055e-21
285.2 1.009990844e-20
285.21 1.5926681995e-20
285.22 2.50547394137e-20
285.23 3.93197892282e-20
285.24 6.15586634151e-20
285.25 9.61443774771e-20
285.26 1.49801206571e-19
285.27 2.32843136369e-19
285.28 3.61050773076e-19
285.29 5.58508551937e-19
285.3 8.61882544668e-19
285.31 1.32685373877e-18
285.32 2.03776795928e-18
285.33 3.12207344751e-18
285.34 4.77186569233e-18
285.35 7.27595521244e-18
285.36 1.10674745519e-17
285.37 1.67943715309e-17
285.38 2.54235205987e-17
285.39 3.83940860765e-17
285.4 5.78428505604e-17
285.41 8.6934417799e-17
285.42 1.30343843238e-16
285.43 1.94960218954e-16
285.44 2.90909695127e-16
285.45 4.33039084564e-16
285.46 6.4306179188e-16
285.47 9.52653629067e-16
285.48 1.40790728337e-15
285.49 2.07572489765e-15
285.5 3.05296793562e-15
285.51 4.4795191865e-15
285.52 6.55688049965e-15
285.53 9.5745825024e-15
285.54 1.39475887119e-14
285.55 2.02691309525e-14
285.56 2.93851447409e-14
285.57 4.2498856956e-14
285.58 6.13173495636e-14
285.59 8.8256400014e-14
285.6 1.26726007431e-13
285.61 1.81527324119e-13
285.62 2.59402984659e-13
285.63 3.69798070813e-13
285.64 5.25909508731e-13
285.65 7.46129334216e-13
285.66 1.05602430965e-12
285.67 1.49104388634e-12
285.68 2.10021447075e-12
285.69 2.95116557445e-12
285.7 4.13694946109e-12
285.71 5.78526909066e-12
285.72 8.0709307762e-12
285.73 1.12326024978e-11
285.74 1.55953048147e-11
285.75 2.16005124506e-11
285.76 2.9846330989e-11
285.77 4.11409728252e-11
285.78 5.65737376761e-11
285.79 7.76089660218e-11
285.8 1.0621005457e-10
285.81 1.4500269568e-10
285.82 1.97489145058e-10
285.83 2.68328679193e-10
285.84 3.6370365513e-10
285.85 4.91795949922e-10
285.86 6.63405304365e-10
285.87 8.9274955214e-10
285.88 1.19849727758e-09
285.89 1.6050965906e-09
285.9 2.1444800096e-09
285.91 2.85824558718e-09
285.92 3.80043921446e-09
285.93 5.04109346046e-09
285.94 6.67071547712e-09
285.95 8.80596175407e-09
285.96 1.15967923826e-08
285.97 1.52354637697e-08
285.98 1.99677984779e-08
285.99 2.61072663985e-08
286.0 3.40525254378e-08
286.01 4.43092052974e-08
286.02 5.75168780796e-08
286.03 7.44823480246e-08
286.04 9.62206137122e-08
286.05 1.24005113893e-07
286.06 1.5942916741e-07
286.07 2.04480863346e-07
286.08 2.61634054662e-07
286.09 3.33958562386e-07
286.1 4.25253212906e-07
286.11 5.40205913154e-07
286.12 6.84585621712e-07
286.13 8.65471802131e-07
286.14 1.09152775063e-06
286.15 1.37332507548e-06
286.16 1.72372756928e-06
286.17 2.15834375581e-06
286.18 2.69605850463e-06
286.19 3.35965528102e-06
286.2 4.17654182343e-06
286.21 5.17959329894e-06
286.22 6.40812825719e-06
286.23 7.90903395662e-06
286.24 9.73805884053e-06
286.25 1.19612910524e-05
286.26 1.46568428522e-05
286.27 1.79167615715e-05
286.28 2.18491882616e-05
286.29 2.65807853725e-05
286.3 3.22594545729e-05
286.31 3.90573650959e-05
286.32 4.71743116769e-05
286.33 5.68414191474e-05
286.34 6.83252079526e-05
286.35 8.1932031182e-05
286.36 9.80128890309e-05
286.37 0.000116968620865
286.38 0.000139255468147
286.39 0.000165390993341
286.4 0.000195960330484
286.41 0.000231622732383
286.42 0.000273118367327
286.43 0.000321275304918
286.44 0.000377016616078
286.45 0.000441367496717
286.46 0.000515462308035
286.47 0.000600551409285
286.48 0.000698007641216
286.49 0.000809332300834
286.5 0.000936160430811
286.51 0.00108026523044
286.52 0.00124356137988
286.53 0.00142810705614
286.54 0.00163610440859
286.55 0.00186989825414
286.56 0.00213197274816
286.57 0.00242494578826
286.58 0.00275156091326
286.59 0.00311467647124
286.6 0.00351725184821
286.61 0.0039623305729
286.62 0.0044530201447
286.63 0.00499246847012
286.64 0.00558383683902
286.65 0.0062302694248
286.66 0.00693485935269
286.67 0.00770061144641
286.68 0.00853040183543
286.69 0.00942693468145
286.7 0.0103926963626
286.71 0.0114299075355
286.72 0.0125404735785
286.73 0.0137259339986
286.74 0.0149874114626
286.75 0.0163255611867
286.76 0.0177405214776
286.77 0.0192318662797
286.78 0.0207985606177
286.79 0.0224389198578
286.8 0.02415057372
286.81 0.0259304359684
286.82 0.0277746806856
286.83 0.0296787259884
286.84 0.0316372259832
286.85 0.0336440716694
286.86 0.0356924014007
286.87 0.0377746213836
286.88 0.0398824365578
286.89 0.0420068920425
286.9 0.0441384251633
286.91 0.0462669278969
286.92 0.0483818193822
286.93 0.0504721279585
286.94 0.0525265820034
286.95 0.0545337086603
286.96 0.0564819393731
286.97 0.0583597209864
286.98 0.0601556310289
286.99 0.0618584956773
287.0 0.0634575088066
287.01 0.0649423504626
287.02 0.0663033030603
287.03 0.0675313636039
287.04 0.0686183502568
287.05 0.0695570016475
287.06 0.0703410673919
287.07 0.0709653884378
287.08 0.0714259659863
287.09 0.0717200179236
287.1 0.0718460218952
287.11 0.0718037443688
287.12 0.0715942552606
287.13 0.0712199279356
287.14 0.0706844246281
287.15 0.0699926675647
287.16 0.0691507962961
287.17 0.0681661119572
287.18 0.0670470093699
287.19 0.0658028980738
287.2 0.0644441135183
287.21 0.0629818197679
287.22 0.06142790516
287.23 0.0597948724137
287.24 0.0580957247098
287.25 0.05634384926
287.26 0.0545528998452
287.27 0.052736679739
287.28 0.0509090263465
287.29 0.0490836987745
287.3 0.0472742694255
287.31 0.0454940205625
287.32 0.0437558466453
287.33 0.0420721630809
287.34 0.0404548218775
287.35 0.0389150345406
287.36 0.0374633024086
287.37 0.0361093544921
287.38 0.0348620927707
287.39 0.0337295447979
287.4 0.0327188233911
287.41 0.0318360931205
287.42 0.0310865432772
287.43 0.030474366981
287.44 0.0300027460902
287.45 0.0296738415953
287.46 0.0294887892129
287.47 0.0294476999438
287.48 0.0295496654116
287.49 0.0297927678656
287.5 0.0301740947917
287.51 0.0306897581377
287.52 0.03133491822
287.53 0.0321038124259
287.54 0.0329897888628
287.55 0.0339853451317
287.56 0.0350821724105
287.57 0.0362712050201
287.58 0.0375426756221
287.59 0.0388861761477
287.6 0.0402907244939
287.61 0.0417448369414
287.62 0.0432366061513
287.63 0.0447537844887
287.64 0.0462838723027
287.65 0.0478142106651
287.66 0.0493320779433
287.67 0.0508247894565
287.68 0.0522797993399
287.69 0.0536848036339
287.7 0.0550278435115
287.71 0.0562974074799
287.72 0.057482531327
287.73 0.0585728945453
287.74 0.0595589119539
287.75 0.0604318192479
287.76 0.0611837512474
287.77 0.0618078116851
287.78 0.0622981334616
287.79 0.0626499284218
287.8 0.0628595258426
287.81 0.0629243989859
287.82 0.0628431792508
287.83 0.0626156576458
287.84 0.0622427735087
287.85 0.061726590599
287.86 0.0610702608965
287.87 0.0602779766362
287.88 0.0593549113004
287.89 0.0583071504621
287.9 0.0571416135347
287.91 0.055865967618
287.92 0.0544885347441
287.93 0.0530181939148
287.94 0.0514642793817
287.95 0.0498364766488
287.96 0.0481447176867
287.97 0.0463990768136
287.98 0.0446096686545
287.99 0.0427865495085
288.0 0.0409396233563
288.01 0.0390785536208
288.02 0.0372126816591
288.03 0.0353509528151
288.04 0.0335018507035
288.05 0.0316733402349
288.06 0.0298728197235
288.07 0.0281070822582
288.08 0.0263822863565
288.09 0.0247039357725
288.1 0.0230768681893
288.11 0.0215052523981
288.12 0.0199925934581
288.13 0.0185417452318
288.14 0.0171549296148
288.15 0.0158337617188
288.16 0.0145792802218
288.17 0.0133919820777
288.18 0.0122718607665
288.19 0.0112184472747
288.2 0.0102308530175
288.21 0.00930781394706
288.22 0.00844773513751
288.23 0.00764873519184
288.24 0.00690868987565
288.25 0.00622527445109
288.26 0.00559600425353
288.27 0.00501827312559
288.28 0.00448938939515
288.29 0.00400660915419
288.3 0.00356716666335
288.31 0.0031683017708
288.32 0.00280728429343
288.33 0.002481435362
288.34 0.00218814577986
288.35 0.00192489148651
288.36 0.0016892462524
288.37 0.00147889176026
288.38 0.001291625251
288.39 0.00112536492891
288.4 0.000978153332061
288.41 0.000848158879885
288.42 0.000733675811625
288.43 0.000633122726626
288.44 0.000545039931679
288.45 0.000468085791731
288.46 0.000401032269206
288.47 0.000342759824241
288.48 0.000292251833994
288.49 0.000248588674195
288.5 0.000210941590703
288.51 0.000178566473464
288.52 0.000150797630076
288.53 0.000127041641613
288.54 0.000106771369486
288.55 8.95201691897e-05
288.56 7.48763548642e-05
288.57 6.24779478028e-05
288.58 5.20077323465e-05
288.59 4.3188634105e-05
288.6 3.57794280435e-05
288.61 2.95707776848e-05
288.62 2.43816014075e-05
288.63 2.00557575277e-05
288.64 1.64590364358e-05
288.65 1.34764454439e-05
288.66 1.10097700992e-05
288.67 8.97539443893e-06
288.68 7.30236192049e-06
288.69 5.93065847697e-06
288.7 4.80969924073e-06
288.71 3.89700087872e-06
288.72 3.15702212653e-06
288.73 2.56015593563e-06
288.74 2.08185760932e-06
288.75 1.70189435216e-06
288.76 1.4037027589e-06
288.77 1.17384188806e-06
288.78 1.00153067833e-06
288.79 8.78259550419e-07
288.8 7.97467076773e-07
288.81 7.54273584033e-07
288.82 7.45264469587e-07
288.83 7.6831685706e-07
288.84 8.22463983155e-07
288.85 9.0779239777e-07
288.86 1.02536767078e-06
288.87 1.17718483349e-06
288.88 1.36614024286e-06
288.89 1.59602194481e-06
288.9 1.8715159333e-06
288.91 2.19822595797e-06
288.92 2.58270472962e-06
288.93 3.03249451409e-06
288.94 3.55617519629e-06
288.95 4.16341794195e-06
288.96 4.8650425912e-06
288.97 5.67307688953e-06
288.98 6.6008156058e-06
288.99 7.66287750818e-06
289.0 8.87525807444e-06
289.01 1.02553757099e-05
289.02 1.18221091413e-05
289.03 1.3595823555e-05
289.04 1.55983829612e-05
289.05 1.78531462023e-05
289.06 2.03849439831e-05
289.07 2.32200343057e-05
289.08 2.63860337314e-05
289.09 2.99118219916e-05
289.1 3.38274176217e-05
289.11 3.816382251e-05
289.12 4.29528335418e-05
289.13 4.8226819876e-05
289.14 5.40184648263e-05
289.15 6.03604718247e-05
289.16 6.72852345275e-05
289.17 7.48244717701e-05
289.18 8.30088287906e-05
289.19 9.1867446906e-05
289.2 0.000101427504634
289.21 0.000111713734089
289.22 0.000122747917338
289.23 0.000134548368242
289.24 0.000147129406142
289.25 0.000160500828519
289.26 0.000174667390491
289.27 0.000189628299606
289.28 0.000205376734935
289.29 0.000221899399834
289.3 0.00023917611797
289.31 0.000257179482285
289.32 0.000275874566413
289.33 0.000295218707761
289.34 0.000315161370905
289.35 0.000335644099235
289.36 0.000356600561792
289.37 0.000377956701095
289.38 0.000399630986404
289.39 0.00042153477533
289.4 0.000443572785033
289.41 0.000465643672428
289.42 0.000487640720959
289.43 0.000509452629525
289.44 0.000530964397203
289.45 0.000552058295476
289.46 0.000572614917828
289.47 0.000592514294815
289.48 0.000611637061168
289.49 0.000629865660093
289.5 0.000647085568803
289.51 0.000663186528458
289.52 0.000678063761132
289.53 0.000691619156171
289.54 0.000703762408423
289.55 0.000714412091241
289.56 0.00072349664793
289.57 0.000730955286431
289.58 0.000736738763422
289.59 0.000740810045716
289.6 0.000743144838767
289.61 0.00074373197425
289.62 0.000742573650958
289.63 0.000739685525693
289.64 0.000735096653266
289.65 0.000728849277213
289.66 0.000720998475219
289.67 0.000711611665537
289.68 0.000700767982862
289.69 0.000688557534005
289.7 0.000675080545433
289.71 0.000660446416143
289.72 0.000644772690411
289.73 0.00062818396577
289.74 0.000610810751985
289.75 0.000592788296917
289.76 0.000574255394927
289.77 0.000555353192984
289.78 0.000536224008791
289.79 0.0005170101742
289.8 0.000497852915922
289.81 0.000478891284047
289.82 0.000460261137373
289.83 0.000442094192835
289.84 0.000424517144663
289.85 0.000407650857252
289.86 0.000391609634078
289.87 0.00037650056353
289.88 0.000362422941179
289.89 0.000349467766779
289.9 0.000337717313379
289.91 0.000327244765098
289.92 0.000318113919635
289.93 0.000310378951248
289.94 0.000304084229874
289.95 0.000299264192217
289.96 0.000295943260927
289.97 0.000294135808554
289.98 0.000293846163562
289.99 0.000295068656473
290.0 0.000297787705021
290.01 0.000301977938042
290.02 0.000307604358684
290.03 0.000314622548277
290.04 0.000322978912933
290.05 0.000332610975484
290.06 0.000343447715809
290.07 0.000355409962803
290.08 0.000368410841296
290.09 0.00038235627703
290.1 0.000397145562402
290.11 0.00041267198504
290.12 0.000428823520463
290.13 0.000445483589023
290.14 0.000462531876118
290.15 0.000479845213337
290.16 0.000497298516706
290.17 0.000514765776693
290.18 0.000532121093071
290.19 0.00054923974617
290.2 0.000565999294607
290.21 0.000582280688162
290.22 0.000597969383285
290.23 0.000612956447662
290.24 0.000627139639459
290.25 0.000640424446337
290.26 0.000652725069054
290.27 0.000663965334511
290.28 0.00067407952346
290.29 0.000683013098757
290.3 0.000690723321044
290.31 0.000697179739998
290.32 0.000702364550875
290.33 0.000706272807893
290.34 0.000708912488009
290.35 0.000710304400893
290.36 0.000710481943223
290.37 0.000709490697908
290.38 0.000707387881271
290.39 0.000704241643764
290.4 0.000700130232153
290.41 0.000695141023442
290.42 0.000689369442951
290.43 0.000682917780943
290.44 0.000675893923892
290.45 0.000668410017965
290.46 0.000660581083468
290.47 0.000652523599827
290.48 0.000644354081253
290.49 0.000636187663376
290.5 0.000628136721032
290.51 0.000620309536882
290.52 0.000612809039758
290.53 0.000605731630523
290.54 0.000599166111833
290.55 0.000593192736564
290.56 0.000587882387795
290.57 0.000583295901148
290.58 0.000579483538089
290.59 0.000576484616448
290.6 0.000574327301964
290.61 0.000573028562232
290.62 0.000572594281907
290.63 0.000573019535638
290.64 0.000574289012797
290.65 0.000576377585836
290.66 0.000579251011994
290.67 0.000582866756137
290.68 0.000587174920797
290.69 0.00059211926797
290.7 0.00059763831598
290.71 0.000603666493777
290.72 0.000610135334315
290.73 0.00061697468828
290.74 0.000624113939348
290.75 0.000631483202363
290.76 0.000639014486311
290.77 0.000646642804794
290.78 0.00065430721771
290.79 0.000661951789223
290.8 0.000669526448582
290.81 0.000676987742121
290.82 0.000684299466671
290.83 0.000691433176624
290.84 0.000698368559044
290.85 0.000705093673383
290.86 0.00071160505456
290.87 0.00071790768033
290.88 0.00072401480597
290.89 0.000729947671306
290.9 0.000735735086974
290.91 0.000741412908476
290.92 0.000747023408123
290.93 0.000752614556171
290.94 0.000758239223557
290.95 0.00076395431936
290.96 0.000769819876696
290.97 0.000775898100999
290.98 0.000782252394683
290.99 0.00078894637196
291.0 0.000796042877178
291.01 0.000803603019406
291.02 0.000811685235199
291.03 0.000820344390531
291.04 0.000829630931845
291.05 0.000839590095008
291.06 0.000850261179788
291.07 0.00086167689624
291.08 0.000873862788216
291.09 0.000886836737993
291.1 0.000900608554955
291.11 0.000915179650188
291.12 0.000930542797897
291.13 0.000946681983739
291.14 0.00096357233938
291.15 0.000981180161986
291.16 0.000999463016802
291.17 0.00101836992056
291.18 0.00103784160311
291.19 0.00105781084439
291.2 0.00107820288366
291.21 0.00109893589783
291.22 0.00111992154537
291.23 0.00114106557249
291.24 0.00116226847793
291.25 0.00118342623255
291.26 0.00120443105
291.27 0.00122517220424
291.28 0.00124553688959
291.29 0.00126541111877
291.3 0.00128468065381
291.31 0.00130323196461
291.32 0.00132095320921
291.33 0.00133773522962
291.34 0.00135347255634
291.35 0.00136806441438
291.36 0.00138141572303
291.37 0.00139343808106
291.38 0.00140405072872
291.39 0.00141318147752
291.4 0.00142076759833
291.41 0.00142675665812
291.42 0.00143110729571
291.43 0.00143378992665
291.44 0.00143478736747
291.45 0.00143409536998
291.46 0.00143172305625
291.47 0.001427693246
291.48 0.00142204266813
291.49 0.00141482204935
291.5 0.00140609607384
291.51 0.00139594320852
291.52 0.00138445539022
291.53 0.00137173757211
291.54 0.00135790712815
291.55 0.00134309311605
291.56 0.00132743540062
291.57 0.00131108364137
291.58 0.00129419614948
291.59 0.0012769386215
291.6 0.00125948275863
291.61 0.00124200478202
291.62 0.00122468385661
291.63 0.00120770043713
291.64 0.00119123455192
291.65 0.00117546404109
291.66 0.00116056276715
291.67 0.00114669881724
291.68 0.00113403271678
291.69 0.00112271567512
291.7 0.00111288788442
291.71 0.00110467689257
291.72 0.00109819607148
291.73 0.00109354320119
291.74 0.00109079918986
291.75 0.00109002694842
291.76 0.00109127043765
291.77 0.0010945539037
291.78 0.0010998813162
291.79 0.00110723602108
291.8 0.00111658061772
291.81 0.0011278570676
291.82 0.00114098703869
291.83 0.00115587248718
291.84 0.0011723964747
291.85 0.00119042421664
291.86 0.00120980435364
291.87 0.00123037043561
291.88 0.00125194260441
291.89 0.00127432945883
291.9 0.00129733008264
291.91 0.00132073621421
291.92 0.00134433453408
291.93 0.00136790904515
291.94 0.00139124351864
291.95 0.00141412397791
291.96 0.00143634119176
291.97 0.00145769314828
291.98 0.00147798748068
291.99 0.00149704381708
292.0 0.00151469602698
292.01 0.00153079433866
292.02 0.0015452073032
292.03 0.00155782358284
292.04 0.00156855354348
292.05 0.00157733063358
292.06 0.00158411253415
292.07 0.00158888206743
292.08 0.00159164785409
292.09 0.00159244471214
292.1 0.00159133379282
292.11 0.00158840245186
292.12 0.00158376385679
292.13 0.00157755633331
292.14 0.00156994245627
292.15 0.00156110789253
292.16 0.00155126000508
292.17 0.00154062622956
292.18 0.00152945223561
292.19 0.0015179998872
292.2 0.00150654501704
292.21 0.00149537503152
292.22 0.00148478636356
292.23 0.00147508179161
292.24 0.00146656764427
292.25 0.00145955091045
292.26 0.00145433627621
292.27 0.00145122311019
292.28 0.00145050242037
292.29 0.00145245380596
292.3 0.00145734242897
292.31 0.0014654160312
292.32 0.00147690202291
292.33 0.00149200467079
292.34 0.00151090241302
292.35 0.00153374533042
292.36 0.00156065280271
292.37 0.00159171137929
292.38 0.00162697289395
292.39 0.00166645285243
292.4 0.00171012912093
292.41 0.00175794094266
292.42 0.00180978830765
292.43 0.00186553169887
292.44 0.00192499223536
292.45 0.00198795222928
292.46 0.00205415617071
292.47 0.00212331214934
292.48 0.00219509371769
292.49 0.00226914219547
292.5 0.0023450694092
292.51 0.00242246085542
292.52 0.00250087927003
292.53 0.00257986858044
292.54 0.00265895821102
292.55 0.00273766770677
292.56 0.0028155116346
292.57 0.00289200471636
292.58 0.00296666714325
292.59 0.00303903001719
292.6 0.00310864086142
292.61 0.0031750691401
292.62 0.00323791172505
292.63 0.00329679824709
292.64 0.00335139626969
292.65 0.00340141622387
292.66 0.00344661604554
292.67 0.00348680545962
292.68 0.0035218498592
292.69 0.00355167373309
292.7 0.00357626360044
292.71 0.00359567041742
292.72 0.00361001142739
292.73 0.00361947143331
292.74 0.00362430347777
292.75 0.00362482892369
292.76 0.00362143693521
292.77 0.00361458336564
292.78 0.00360478906488
292.79 0.0035926376252
292.8 0.00357877258853
292.81 0.00356389414339
292.82 0.00354875534227
292.83 0.0035341578734
292.84 0.00352094742181
292.85 0.0035100086558
292.86 0.00350225987425
292.87 0.0034986473496
292.88 0.00350013939928
292.89 0.00350772021652
292.9 0.00352238348839
292.91 0.0035451258263
292.92 0.0035769400312
292.93 0.00361880821269
292.94 0.00367169477887
292.95 0.00373653931192
292.96 0.00381424934277
292.97 0.00390569303803
292.98 0.004011691813
292.99 0.00413301288599
293.0 0.00427036179245
293.01 0.00442437488125
293.02 0.00459561182101
293.03 0.00478454815085
293.04 0.00499156791742
293.05 0.00521695644876
293.06 0.00546089332452
293.07 0.00572344561186
293.08 0.00600456144594
293.09 0.00630406404354
293.1 0.00662164624744
293.11 0.00695686570704
293.12 0.00730914080765
293.13 0.00767774746562
293.14 0.00806181690964
293.15 0.00846033456866
293.16 0.00887214018493
293.17 0.00929592926479
293.18 0.00973025597184
293.19 0.0101735375546
293.2 0.0106240603862
293.21 0.0110799876735
293.22 0.0115393688741
293.23 0.0120001508313
293.24 0.0124601906126
293.25 0.0129172700066
293.26 0.0133691116033
293.27 0.0138133963475
293.28 0.0142477824287
293.29 0.0146699253313
293.3 0.0150774988458
293.31 0.015468216807
293.32 0.0158398553023
293.33 0.0161902750706
293.34 0.0165174437924
293.35 0.0168194579602
293.36 0.0170945640092
293.37 0.0173411783865
293.38 0.0175579062404
293.39 0.0177435584233
293.4 0.0178971665173
293.41 0.0180179956141
293.42 0.0181055546115
293.43 0.0181596038225
293.44 0.0181801597318
293.45 0.0181674967813
293.46 0.0181221461094
293.47 0.018044891224
293.48 0.0179367606358
293.49 0.0177990175348
293.5 0.0176331466423
293.51 0.0174408384212
293.52 0.0172239708754
293.53 0.0169845892116
293.54 0.0167248836765
293.55 0.0164471659169
293.56 0.0161538442338
293.57 0.0158473981271
293.58 0.015530352535
293.59 0.0152052521821
293.6 0.0148746364451
293.61 0.0145410151348
293.62 0.0142068455768
293.63 0.0138745113466
293.64 0.0135463029831
293.65 0.0132244009678
293.66 0.0129108612103
293.67 0.012607603236
293.68 0.0123164012169
293.69 0.0120388779335
293.7 0.0117765016976
293.71 0.0115305862115
293.72 0.0113022932767
293.73 0.0110926382178
293.74 0.0109024978249
293.75 0.0107326205766
293.76 0.0105836388544
293.77 0.0104560828216
293.78 0.0103503956054
293.79 0.0102669493914
293.8 0.0102060620203
293.81 0.0101680136636
293.82 0.0101530631462
293.83 0.0101614634922
293.84 0.0101934762738
293.85 0.0102493843679
293.86 0.0103295027481
293.87 0.010434186975
293.88 0.0105638390885
293.89 0.0107189106556
293.9 0.010899902778
293.91 0.0111073629275
293.92 0.0113418785344
293.93 0.0116040673281
293.94 0.0118945644919
293.95 0.0122140067678
293.96 0.0125630137149
293.97 0.0129421663941
293.98 0.0133519838175
293.99 0.0137928975606
294.0 0.0142652249937
294.01 0.0147691416344
294.02 0.0153046531689
294.03 0.0158715677151
294.04 0.0164694689304
294.05 0.0170976905691
294.06 0.0177552931021
294.07 0.0184410429907
294.08 0.0191533951889
294.09 0.0198904794036
294.1 0.0206500905995
294.11 0.0214296841691
294.12 0.0222263761208
294.13 0.0230369485539
294.14 0.0238578606012
294.15 0.0246852649256
294.16 0.0255150297513
294.17 0.0263427663131
294.18 0.0271638614963
294.19 0.0279735153399
294.2 0.0287667829758
294.21 0.0295386204817
294.22 0.0302839340389
294.23 0.030997631713
294.24 0.0316746771069
294.25 0.0323101440887
294.26 0.0328992717579
294.27 0.033437518796
294.28 0.0339206163399
294.29 0.0343446185345
294.3 0.0347059499449
294.31 0.0350014490605
294.32 0.0352284071799
294.33 0.0353846020424
294.34 0.0354683256633
294.35 0.035478405922
294.36 0.0354142215676
294.37 0.0352757104135
294.38 0.035063370614
294.39 0.0347782550339
294.4 0.0344219588377
294.41 0.0339966005421
294.42 0.0335047968789
294.43 0.0329496319181
294.44 0.0323346209871
294.45 0.0316636699996
294.46 0.0309410308705
294.47 0.0301712537426
294.48 0.0293591367824
294.49 0.0285096743235
294.5 0.0276280041358
294.51 0.0267193545887
294.52 0.0257889924501
294.53 0.0248421720236
294.54 0.023884086276
294.55 0.0229198205466
294.56 0.0219543093625
294.57 0.0209922968059
294.58 0.0200383008031
294.59 0.0190965816218
294.6 0.0181711147798
294.61 0.0172655684889
294.62 0.0163832856769
294.63 0.0155272705593
294.64 0.0147001796616
294.65 0.0139043171325
294.66 0.0131416341341
294.67 0.0124137320504
294.68 0.0117218692144
294.69 0.011066970831
294.7 0.0104496417468
294.71 0.00987018171044
294.72 0.00932860275953
294.73 0.00882464837519
294.74 0.00835781405268
294.75 0.00792736895188
294.76 0.00753237830993
294.77 0.00717172632117
294.78 0.00684413921431
294.79 0.00654820828413
294.8 0.00628241266226
294.81 0.00604514163977
294.82 0.00583471638121
294.83 0.00564941089557
294.84 0.00548747215381
294.85 0.00534713926427
294.86 0.00522666163671
294.87 0.00512431608235
294.88 0.00503842281117
294.89 0.00496736029893
294.9 0.0049095790047
294.91 0.00486361392612
294.92 0.00482809598285
294.93 0.00480176222115
294.94 0.00478346483233
294.95 0.0047721789772
294.96 0.0047670094065
294.97 0.00476719586518
294.98 0.00477211726581
294.99 0.0047812946142
295.0 0.00479439266849
295.01 0.00481122031231
295.02 0.0048317296228
295.03 0.00485601361572
295.04 0.00488430265344
295.05 0.00491695950602
295.06 0.00495447306247
295.07 0.00499745069745
295.08 0.00504660930913
295.09 0.00510276505573
295.1 0.00516682183181
295.11 0.00523975854069
295.12 0.00532261523555
295.13 0.00541647821942
295.14 0.00552246421222
295.15 0.00564170371196
295.16 0.00577532369563
295.17 0.00592442982372
295.18 0.00609008833011
295.19 0.00627330779507
295.2 0.00647502101411
295.21 0.0066960671876
295.22 0.00693717466633
295.23 0.00719894449457
295.24 0.00748183499585
295.25 0.00778614764583
295.26 0.00811201447209
295.27 0.00845938721108
295.28 0.008828028439
295.29 0.00921750487436
295.3 0.00962718302685
295.31 0.0100562273392
295.32 0.010503600936
295.33 0.0109680690584
295.34 0.0114482052219
295.35 0.0119424000939
295.36 0.0124488730407
295.37 0.0129656862507
295.38 0.01349076129
295.39 0.0140218979036
295.4 0.0145567948304
295.41 0.0150930723578
295.42 0.0156282963045
295.43 0.0161600030854
295.44 0.0166857254884
295.45 0.0172030187658
295.46 0.0177094866367
295.47 0.0182028067831
295.48 0.0186807554322
295.49 0.0191412306215
295.5 0.0195822737673
295.51 0.0200020891834
295.52 0.0203990612304
295.53 0.0207717688223
295.54 0.0211189970636
295.55 0.0214397458442
295.56 0.0217332352817
295.57 0.021998907957
295.58 0.022236427956
295.59 0.022445676792
295.6 0.022626746343
295.61 0.0227799289981
295.62 0.0229057052597
295.63 0.0230047290954
295.64 0.0230778113761
295.65 0.0231259017658
295.66 0.0231500694553
295.67 0.0231514831449
295.68 0.0231313906857
295.69 0.0230910987837
295.7 0.0230319531575
295.71 0.0229553195135
295.72 0.0228625656753
295.73 0.0227550451599
295.74 0.0226340824499
295.75 0.022500960162
295.76 0.0223569082544
295.77 0.0222030953638
295.78 0.0220406223035
295.79 0.0218705177009
295.8 0.021693735699
295.81 0.0215111555976
295.82 0.0213235832671
295.83 0.0211317541288
295.84 0.0209363374676
295.85 0.0207379418155
295.86 0.0205371211347
295.87 0.0203343815181
295.88 0.0201301881277
295.89 0.0199249721017
295.9 0.0197191371739
295.91 0.019513065776
295.92 0.019307124419
295.93 0.0191016681841
295.94 0.0188970441905
295.95 0.0186935939471
295.96 0.0184916545352
295.97 0.0182915586096
295.98 0.0180936332474
295.99 0.0178981977087
296.0 0.0177055602096
296.01 0.017516013839
296.02 0.0173298317748
296.03 0.0171472619781
296.04 0.0169685215582
296.05 0.01679379101
296.06 0.0166232085313
296.07 0.0164568646222
296.08 0.0162947971629
296.09 0.0161369871529
296.1 0.0159833552759
296.11 0.0158337594339
296.12 0.0156879933675
296.13 0.0155457864512
296.14 0.0154068047236
296.15 0.0152706531798
296.16 0.0151368793215
296.17 0.0150049779305
296.18 0.0148743969986
296.19 0.0147445447224
296.2 0.0146147974417
296.21 0.0144845083805
296.22 0.0143530170296
296.23 0.0142196589942
296.24 0.0140837761199
296.25 0.0139447267032
296.26 0.0138018955915
296.27 0.0136547039797
296.28 0.0135026187161
296.29 0.0133451609448
296.3 0.0131819139222
296.31 0.0130125298668
296.32 0.0128367357216
296.33 0.0126543377319
296.34 0.0124652247661
296.35 0.0122693703378
296.36 0.0120668333083
296.37 0.0118577572835
296.38 0.0116423687402
296.39 0.0114209739462
296.4 0.0111939547597
296.41 0.0109617634175
296.42 0.0107249164383
296.43 0.0104839877832
296.44 0.0102396014276
296.45 0.00999242350763
296.46 0.00974315420634
296.47 0.00949251954683
296.48 0.0092412632558
296.49 0.00899013885249
296.5 0.00873990210802
296.51 0.00849130400556
296.52 0.00824508431502
296.53 0.00800196587651
296.54 0.00776264966571
296.55 0.00752781069207
296.56 0.00729809475728
296.57 0.00707411607847
296.58 0.00685645575757
296.59 0.00664566105652
296.6 0.00644224541756
296.61 0.00624668914951
296.62 0.0060594406852
296.63 0.00588091830165
296.64 0.00571151218488
296.65 0.00555158671413
296.66 0.0054014828369
296.67 0.00526152040609
296.68 0.00513200035402
296.69 0.00501320658447
296.7 0.00490540747394
296.71 0.00480885688534
296.72 0.00472379461301
296.73 0.00465044619446
296.74 0.00458902204352
296.75 0.00453971587979
296.76 0.00450270244984
296.77 0.00447813455745
296.78 0.00446613944101
296.79 0.00446681455675
296.8 0.00448022284614
296.81 0.00450638758348
296.82 0.0045452869159
296.83 0.00459684822164
296.84 0.00466094242368
296.85 0.00473737840393
296.86 0.00482589766862
296.87 0.00492616941728
296.88 0.00503778616642
296.89 0.00516026007445
296.9 0.00529302010609
296.91 0.00543541016372
296.92 0.00558668829853
296.93 0.00574602709734
296.94 0.00591251532167
296.95 0.00608516085335
296.96 0.00626289497796
296.97 0.0064445780121
296.98 0.0066290062548
296.99 0.00681492021722
297.0 0.00700101405881
297.01 0.00718594613254
297.02 0.00736835051777
297.03 0.00754684939692
297.04 0.00772006611163
297.05 0.00788663871683
297.06 0.00804523383645
297.07 0.00819456061355
297.08 0.00833338454056
297.09 0.00846054095166
297.1 0.00857494796083
297.11 0.00867561863337
297.12 0.00876167218858
297.13 0.00883234404416
297.14 0.00888699452987
297.15 0.00892511611898
297.16 0.0089463390491
297.17 0.0089504352311
297.18 0.00893732037266
297.19 0.00890705427374
297.2 0.00885983928191
297.21 0.00879601692723
297.22 0.00871606278742
297.23 0.00862057966421
297.24 0.00851028918054
297.25 0.00838602193467
297.26 0.00824870637099
297.27 0.00809935654818
297.28 0.00793905900215
297.29 0.00776895891461
297.3 0.00759024580711
297.31 0.00740413898513
297.32 0.00721187295754
297.33 0.00701468305296
297.34 0.00681379144667
297.35 0.00661039380046
297.36 0.00640564670229
297.37 0.00620065607474
297.38 0.00599646669984
297.39 0.00579405298518
297.4 0.00559431107103
297.41 0.00539805235234
297.42 0.00520599846288
297.43 0.00501877774255
297.44 0.00483692318228
297.45 0.00466087181654
297.46 0.00449096550951
297.47 0.00432745305953
297.48 0.00417049352701
297.49 0.00402016067416
297.5 0.00387644839087
297.51 0.00373927696997
297.52 0.00360850008689
297.53 0.00348391233394
297.54 0.00336525715727
297.55 0.00325223504554
297.56 0.00314451182284
297.57 0.00304172690483
297.58 0.00294350138548
297.59 0.002849445832
297.6 0.00275916767829
297.61 0.00267227812023
297.62 0.00258839843102
297.63 0.00250716562996
297.64 0.00242823745357
297.65 0.00235129659354
297.66 0.00227605418136
297.67 0.00220225251404
297.68 0.00212966702929
297.69 0.00205810755126
297.7 0.00198741883951
297.71 0.00191748048383
297.72 0.00184820619651
297.73 0.00177954256025
297.74 0.00171146729565
297.75 0.00164398711577
297.76 0.00157713523763
297.77 0.00151096862108
297.78 0.00144556500482
297.79 0.00138101980728
297.8 0.00131744295692
297.81 0.00125495571224
297.82 0.00119368752702
297.83 0.0011337730101
297.84 0.00107534902351
297.85 0.00101855195568
297.86 0.000963515200118
297.87 0.00091036686328
297.88 0.000859227718716
297.89 0.00081020941858
297.9 0.000763412967603
297.91 0.00071892745941
297.92 0.000676829070262
297.93 0.000637180301159
297.94 0.000600029455796
297.95 0.000565410338976
297.96 0.000533342158015
297.97 0.0005038296081
297.98 0.000476863121728
297.99 0.000452419262006
298.0 0.000430461239799
298.01 0.000410939535339
298.02 0.000393792605936
298.03 0.000378947662722
298.04 0.00036632150091
298.05 0.000355821369724
298.06 0.000347345869898
298.07 0.000340785868439
298.08 0.000336025422035
298.09 0.0003329427021
298.1 0.000331410915927
298.11 0.00033129921969
298.12 0.000332473620077
298.13 0.000334797862249
298.14 0.000338134302356
298.15 0.000342344763308
298.16 0.000347291372626
298.17 0.000352837381218
298.18 0.000358847961704
298.19 0.000365190984641
298.2 0.000371737770518
298.21 0.000378363814923
298.22 0.000384949483751
298.23 0.0003913806748
298.24 0.000397549441599
298.25 0.000403354574928
298.26 0.000408702137157
298.27 0.000413505944364
298.28 0.000417687991132
298.29 0.000421178813058
298.3 0.000423917782268
298.31 0.000425853331696
298.32 0.00042694310446
298.33 0.000427154025441
298.34 0.000426462293036
298.35 0.000424853290057
298.36 0.000422321413822
298.37 0.000418869826621
298.38 0.000414510128912
298.39 0.000409261958763
298.4 0.0004031525222
298.41 0.000396216060181
298.42 0.000388493258928
298.43 0.000380030611196
298.44 0.000370879736818
298.45 0.000361096671427
298.46 0.000350741132714
298.47 0.000339875773764
298.48 0.00032856543314
298.49 0.000316876391216
298.5 0.000304875641992
298.51 0.00029263018917
298.52 0.000280206374646
298.53 0.000267669246852
298.54 0.000255081975493
298.55 0.000242505318323
298.56 0.000229997144523
298.57 0.000217612018238
298.58 0.000205400844714
298.59 0.000193410580398
298.6 0.000181684007324
298.61 0.000170259571092
298.62 0.000159171280821
298.63 0.000148448668587
298.64 0.000138116805116
298.65 0.000128196367859
298.66 0.000118703757025
298.67 0.000109651254766
298.68 0.000101047222405
298.69 9.28963304431e-05
298.7 8.51998160409e-05
298.71 7.79557627261e-05
298.72 7.11593972729e-05
298.73 6.48033989502e-05
298.74 5.88782167027e-05
298.75 5.33723902515e-05
298.76 4.82728715939e-05
298.77 4.35653439186e-05
298.78 3.92345355304e-05
298.79 3.52645269786e-05
298.8 3.16390501975e-05
298.81 2.83417790883e-05
298.82 2.53566115788e-05
298.83 2.26679437974e-05
298.84 2.02609375685e-05
298.85 1.81217829757e-05
298.86 1.62379582451e-05
298.87 1.4598489658e-05
298.88 1.31942146114e-05
298.89 1.20180512979e-05
298.9 1.10652787687e-05
298.91 1.03338313668e-05
298.92 9.82461167073e-06
298.93 9.54182615855e-06
298.94 9.49334778746e-06
298.95 9.69110957414e-06
298.96 1.01515330469e-05
298.97 1.0895995116e-05
298.98 1.19513364602e-05
298.99 1.33504139538e-05
299.0 1.51326989351e-05
299.01 1.73449222573e-05
299.02 2.00417660338e-05
299.03 2.32866008083e-05
299.04 2.7152265523e-05
299.05 3.17218861392e-05
299.06 3.70897270729e-05
299.07 4.33620677632e-05
299.08 5.06580946912e-05
299.09 5.91107970395e-05
299.1 6.88678519468e-05
299.11 8.00924829962e-05
299.12 9.29642732228e-05
299.13 0.000107679911577
299.14 0.000124453849492
299.15 0.000143518842021
299.16 0.000165126346052
299.17 0.000189546746342
299.18 0.000217069378773
299.19 0.000248002319227
299.2 0.000282671906056
299.21 0.000321421964234
299.22 0.00036461270011
299.23 0.000412619237221
299.24 0.000465829766035
299.25 0.000524643283739
299.26 0.000589466904376
299.27 0.000660712724794
299.28 0.000738794237927
299.29 0.000824122291995
299.3 0.0009171006021
299.31 0.00101812082947
299.32 0.00112755725308
299.33 0.0012457610683
299.34 0.00137305435803
299.35 0.00150972379203
299.36 0.00165601412131
299.37 0.00181212154484
299.38 0.00197818703564
299.39 0.00215428972301
299.4 0.0023404404355
299.41 0.00253657551653
299.42 0.00274255102933
299.43 0.002958137472
299.44 0.00318301512427
299.45 0.00341677014667
299.46 0.00365889154968
299.47 0.00390876914386
299.48 0.00416569257357
299.49 0.00442885152526
299.5 0.00469733718746
299.51 0.00497014502282
299.52 0.00524617889399
299.53 0.00552425656416
299.54 0.00580311657069
299.55 0.00608142644639
299.56 0.00635779223862
299.57 0.00663076925123
299.58 0.0068988739099
299.59 0.00716059662747
299.6 0.00741441552315
299.61 0.00765881082901
299.62 0.00789227979874
299.63 0.00811335191835
299.64 0.0083206042065
299.65 0.00851267638394
299.66 0.0086882856872
299.67 0.0088462411019
299.68 0.00898545679525
299.69 0.00910496453611
299.7 0.00920392490422
299.71 0.009281637107
299.72 0.00933754724345
299.73 0.00937125487883
299.74 0.00938251782098
299.75 0.00937125501855
299.76 0.00933754753274
299.77 0.00928163756618
299.78 0.00920392556528
299.79 0.00910496544463
299.8 0.00898545801308
299.81 0.00884624271072
299.82 0.0086882877932
299.83 0.00851267912377
299.84 0.00832060775478
299.85 0.00811335649701
299.86 0.00789228568874
299.87 0.00765881838477
299.88 0.00741442519034
299.89 0.0071606089649
299.9 0.00689888961621
299.91 0.00663078919755
299.92 0.00635781750822
299.93 0.00608145838274
299.94 0.00580315683552
299.95 0.0055243072074
299.96 0.00524624243771
299.97 0.00497022456177
299.98 0.00469743650896
299.99 0.00442897525181
