287.8115 0.045412
289.6070 0.000538
290.3310 0.000485
290.5848 1.3e-05
290.8389 0.000292
291.1717 0.000242
291.3714 0.000177
291.5071 4e-05
291.7772 -0.0
291.8969 1.1e-05
290.1708 1e-06
290.8442 7.9e-05
291.3500 0.000128
291.5096 0.000162
291.8043 5e-06
292.0410 2.5e-05
292.0878 5e-06
292.6470 0.001052
293.3303 0.001099
293.8718 0.002326
287.1008 0.051884
290.3156 1e-06
290.9693 2.9e-05
291.4298 0.000223
291.5927 0.000301
292.1349 0.000174
292.7814 0.000811
293.1224 0.000282
293.4576 0.010125
293.7208 2.8e-05
