270.0 3.6527928697e-06
270.01 3.66077851403e-06
270.02 3.6687904901e-06
270.03 3.67682891426e-06
270.04 3.68489390349e-06
270.05 3.69298557543e-06
270.06 3.70110404838e-06
270.07 3.70924944128e-06
270.08 3.71742187376e-06
270.09 3.72562146609e-06
270.1 3.73384833922e-06
270.11 3.7421026148e-06
270.12 3.75038441511e-06
270.13 3.75869386317e-06
270.14 3.76703108266e-06
270.15 3.77539619796e-06
270.16 3.78378933415e-06
270.17 3.79221061702e-06
270.18 3.80066017305e-06
270.19 3.80913812946e-06
270.2 3.81764461418e-06
270.21 3.82617975585e-06
270.22 3.83474368385e-06
270.23 3.84333652829e-06
270.24 3.85195842003e-06
270.25 3.86060949065e-06
270.26 3.86928987251e-06
270.27 3.87799969869e-06
270.28 3.88673910306e-06
270.29 3.89550822023e-06
270.3 3.90430718558e-06
270.31 3.91313613529e-06
270.32 3.9219952063e-06
270.33 3.93088453634e-06
270.34 3.93980426392e-06
270.35 3.94875452837e-06
270.36 3.95773546979e-06
270.37 3.96674722912e-06
270.38 3.9757899481e-06
270.39 3.98486376928e-06
270.4 3.99396883604e-06
270.41 4.0031052926e-06
270.42 4.01227328399e-06
270.43 4.02147295612e-06
270.44 4.03070445572e-06
270.45 4.03996793038e-06
270.46 4.04926352855e-06
270.47 4.05859139954e-06
270.48 4.06795169355e-06
270.49 4.07734456163e-06
270.5 4.08677015574e-06
270.51 4.09622862871e-06
270.52 4.10572013428e-06
270.53 4.1152448271e-06
270.54 4.1248028627e-06
270.55 4.13439439755e-06
270.56 4.14401958904e-06
270.57 4.15367859548e-06
270.58 4.16337157611e-06
270.59 4.17309869114e-06
270.6 4.1828601017e-06
270.61 4.19265596989e-06
270.62 4.20248645877e-06
270.63 4.21235173235e-06
270.64 4.22225195566e-06
270.65 4.23218729466e-06
270.66 4.24215791635e-06
270.67 4.25216398868e-06
270.68 4.26220568065e-06
270.69 4.27228316224e-06
270.7 4.28239660446e-06
270.71 4.29254617934e-06
270.72 4.30273205996e-06
270.73 4.31295442042e-06
270.74 4.32321343589e-06
270.75 4.33350928257e-06
270.76 4.34384213776e-06
270.77 4.35421217979e-06
270.78 4.36461958811e-06
270.79 4.37506454323e-06
270.8 4.38554722677e-06
270.81 4.39606782144e-06
270.82 4.40662651108e-06
270.83 4.41722348062e-06
270.84 4.42785891616e-06
270.85 4.4385330049e-06
270.86 4.4492459352e-06
270.87 4.45999789657e-06
270.88 4.47078907969e-06
270.89 4.4816196764e-06
270.9 4.49248987972e-06
270.91 4.50339988385e-06
270.92 4.51434988422e-06
270.93 4.52534007741e-06
270.94 4.53637066127e-06
270.95 4.54744183484e-06
270.96 4.55855379839e-06
270.97 4.56970675346e-06
270.98 4.58090090281e-06
270.99 4.59213645048e-06
271.0 4.60341360176e-06
271.01 4.61473256325e-06
271.02 4.62609354281e-06
271.03 4.63749674961e-06
271.04 4.64894239413e-06
271.05 4.66043068816e-06
271.06 4.67196184483e-06
271.07 4.68353607859e-06
271.08 4.69515360526e-06
271.09 4.70681464201e-06
271.1 4.71851940736e-06
271.11 4.73026812125e-06
271.12 4.74206100496e-06
271.13 4.75389828121e-06
271.14 4.76578017412e-06
271.15 4.77770690921e-06
271.16 4.78967871347e-06
271.17 4.8016958153e-06
271.18 4.81375844458e-06
271.19 4.82586683263e-06
271.2 4.83802121227e-06
271.21 4.8502218178e-06
271.22 4.86246888501e-06
271.23 4.87476265123e-06
271.24 4.88710335527e-06
271.25 4.89949123752e-06
271.26 4.91192653987e-06
271.27 4.92440950582e-06
271.28 4.9369403804e-06
271.29 4.94951941024e-06
271.3 4.96214684356e-06
271.31 4.9748229302e-06
271.32 4.9875479216e-06
271.33 5.00032207086e-06
271.34 5.01314563269e-06
271.35 5.0260188635e-06
271.36 5.03894202133e-06
271.37 5.05191536594e-06
271.38 5.06493915877e-06
271.39 5.07801366297e-06
271.4 5.09113914343e-06
271.41 5.10431586677e-06
271.42 5.11754410135e-06
271.43 5.13082411731e-06
271.44 5.14415618658e-06
271.45 5.15754058286e-06
271.46 5.17097758168e-06
271.47 5.18446746038e-06
271.48 5.19801049814e-06
271.49 5.211606976e-06
271.5 5.22525717686e-06
271.51 5.2389613855e-06
271.52 5.25271988861e-06
271.53 5.26653297479e-06
271.54 5.28040093454e-06
271.55 5.29432406035e-06
271.56 5.30830264662e-06
271.57 5.32233698977e-06
271.58 5.33642738818e-06
271.59 5.35057414226e-06
271.6 5.36477755441e-06
271.61 5.37903792911e-06
271.62 5.39335557287e-06
271.63 5.40773079427e-06
271.64 5.42216390401e-06
271.65 5.43665521486e-06
271.66 5.45120504174e-06
271.67 5.46581370171e-06
271.68 5.48048151397e-06
271.69 5.49520879991e-06
271.7 5.50999588312e-06
271.71 5.5248430894e-06
271.72 5.53975074677e-06
271.73 5.55471918551e-06
271.74 5.56974873817e-06
271.75 5.58483973959e-06
271.76 5.59999252689e-06
271.77 5.61520743956e-06
271.78 5.63048481939e-06
271.79 5.64582501055e-06
271.8 5.66122835962e-06
271.81 5.67669521554e-06
271.82 5.69222592971e-06
271.83 5.70782085594e-06
271.84 5.72348035053e-06
271.85 5.73920477227e-06
271.86 5.75499448243e-06
271.87 5.77084984483e-06
271.88 5.78677122583e-06
271.89 5.80275899435e-06
271.9 5.81881352192e-06
271.91 5.83493518268e-06
271.92 5.8511243534e-06
271.93 5.86738141351e-06
271.94 5.88370674512e-06
271.95 5.90010073304e-06
271.96 5.91656376482e-06
271.97 5.93309623075e-06
271.98 5.9496985239e-06
271.99 5.96637104012e-06
272.0 5.98311417812e-06
272.01 5.99992833941e-06
272.02 6.0168139284e-06
272.03 6.03377135239e-06
272.04 6.05080102159e-06
272.05 6.06790334917e-06
272.06 6.08507875125e-06
272.07 6.10232764697e-06
272.08 6.11965045848e-06
272.09 6.13704761099e-06
272.1 6.15451953276e-06
272.11 6.17206665518e-06
272.12 6.18968941275e-06
272.13 6.20738824314e-06
272.14 6.22516358721e-06
272.15 6.243015889e-06
272.16 6.26094559583e-06
272.17 6.27895315826e-06
272.18 6.29703903017e-06
272.19 6.31520366876e-06
272.2 6.33344753457e-06
272.21 6.35177109154e-06
272.22 6.37017480704e-06
272.23 6.38865915186e-06
272.24 6.40722460028e-06
272.25 6.4258716301e-06
272.26 6.44460072263e-06
272.27 6.46341236278e-06
272.28 6.48230703905e-06
272.29 6.50128524358e-06
272.3 6.52034747217e-06
272.31 6.53949422433e-06
272.32 6.5587260033e-06
272.33 6.57804331609e-06
272.34 6.5974466735e-06
272.35 6.61693659019e-06
272.36 6.63651358468e-06
272.37 6.65617817939e-06
272.38 6.67593090068e-06
272.39 6.69577227891e-06
272.4 6.71570284842e-06
272.41 6.73572314764e-06
272.42 6.75583371905e-06
272.43 6.77603510928e-06
272.44 6.79632786912e-06
272.45 6.81671255354e-06
272.46 6.83718972179e-06
272.47 6.85775993735e-06
272.48 6.87842376806e-06
272.49 6.89918178609e-06
272.5 6.92003456804e-06
272.51 6.94098269491e-06
272.52 6.96202675222e-06
272.53 6.98316732998e-06
272.54 7.00440502278e-06
272.55 7.02574042981e-06
272.56 7.04717415493e-06
272.57 7.06870680668e-06
272.58 7.09033899832e-06
272.59 7.11207134793e-06
272.6 7.13390447838e-06
272.61 7.15583901744e-06
272.62 7.17787559778e-06
272.63 7.20001485706e-06
272.64 7.22225743792e-06
272.65 7.24460398809e-06
272.66 7.26705516039e-06
272.67 7.28961161279e-06
272.68 7.31227400849e-06
272.69 7.33504301593e-06
272.7 7.35791930886e-06
272.71 7.38090356637e-06
272.72 7.40399647299e-06
272.73 7.42719871868e-06
272.74 7.45051099892e-06
272.75 7.47393401478e-06
272.76 7.49746847291e-06
272.77 7.52111508566e-06
272.78 7.5448745711e-06
272.79 7.56874765308e-06
272.8 7.5927350613e-06
272.81 7.61683753136e-06
272.82 7.6410558048e-06
272.83 7.66539062917e-06
272.84 7.68984275812e-06
272.85 7.7144129514e-06
272.86 7.73910197497e-06
272.87 7.76391060104e-06
272.88 7.78883960813e-06
272.89 7.81388978113e-06
272.9 7.83906191138e-06
272.91 7.86435679671e-06
272.92 7.88977524154e-06
272.93 7.91531805691e-06
272.94 7.94098606054e-06
272.95 7.96678007695e-06
272.96 7.99270093747e-06
272.97 8.01874948034e-06
272.98 8.04492655076e-06
272.99 8.07123300098e-06
273.0 8.09766969037e-06
273.01 8.12423748546e-06
273.02 8.15093726005e-06
273.03 8.17776989527e-06
273.04 8.20473627964e-06
273.05 8.23183730917e-06
273.06 8.25907388742e-06
273.07 8.28644692558e-06
273.08 8.31395734255e-06
273.09 8.34160606502e-06
273.1 8.36939402753e-06
273.11 8.39732217259e-06
273.12 8.42539145073e-06
273.13 8.45360282058e-06
273.14 8.48195724897e-06
273.15 8.51045571103e-06
273.16 8.53909919023e-06
273.17 8.56788867851e-06
273.18 8.59682517632e-06
273.19 8.62590969278e-06
273.2 8.65514324569e-06
273.21 8.68452686168e-06
273.22 8.71406157628e-06
273.23 8.743748434e-06
273.24 8.77358848845e-06
273.25 8.80358280242e-06
273.26 8.83373244799e-06
273.27 8.86403850659e-06
273.28 8.89450206917e-06
273.29 8.92512423622e-06
273.3 8.95590611791e-06
273.31 8.98684883423e-06
273.32 9.01795351501e-06
273.33 9.04922130009e-06
273.34 9.08065333942e-06
273.35 9.11225079313e-06
273.36 9.14401483169e-06
273.37 9.17594663597e-06
273.38 9.2080473974e-06
273.39 9.24031831804e-06
273.4 9.27276061075e-06
273.41 9.30537549922e-06
273.42 9.3381642182e-06
273.43 9.37112801351e-06
273.44 9.40426814224e-06
273.45 9.43758587282e-06
273.46 9.4710824852e-06
273.47 9.50475927092e-06
273.48 9.53861753325e-06
273.49 9.57265858735e-06
273.5 9.60688376036e-06
273.51 9.64129439158e-06
273.52 9.67589183254e-06
273.53 9.7106774472e-06
273.54 9.74565261203e-06
273.55 9.7808187162e-06
273.56 9.81617716169e-06
273.57 9.85172936344e-06
273.58 9.8874767495e-06
273.59 9.92342076117e-06
273.6 9.95956285314e-06
273.61 9.99590449366e-06
273.62 1.00324471647e-05
273.63 1.0069192362e-05
273.64 1.01061415955e-05
273.65 1.01432963892e-05
273.66 1.01806582813e-05
273.67 1.02182288246e-05
273.68 1.02560095868e-05
273.69 1.02940021501e-05
273.7 1.03322081118e-05
273.71 1.03706290844e-05
273.72 1.04092666957e-05
273.73 1.04481225891e-05
273.74 1.04871984236e-05
273.75 1.05264958741e-05
273.76 1.05660166316e-05
273.77 1.06057624034e-05
273.78 1.0645734913e-05
273.79 1.06859359009e-05
273.8 1.07263671241e-05
273.81 1.07670303568e-05
273.82 1.08079273903e-05
273.83 1.08490600334e-05
273.84 1.08904301124e-05
273.85 1.09320394717e-05
273.86 1.09738899734e-05
273.87 1.10159834981e-05
273.88 1.10583219449e-05
273.89 1.11009072312e-05
273.9 1.11437412939e-05
273.91 1.11868260885e-05
273.92 1.12301635901e-05
273.93 1.12737557935e-05
273.94 1.13176047132e-05
273.95 1.13617123838e-05
273.96 1.14060808601e-05
273.97 1.14507122176e-05
273.98 1.14956085525e-05
273.99 1.15407719822e-05
274.0 1.15862046453e-05
274.01 1.1631908702e-05
274.02 1.16778863343e-05
274.03 1.17241397463e-05
274.04 1.17706711645e-05
274.05 1.1817482838e-05
274.06 1.1864577039e-05
274.07 1.19119560625e-05
274.08 1.19596222275e-05
274.09 1.20075778764e-05
274.1 1.20558253758e-05
274.11 1.21043671168e-05
274.12 1.21532055148e-05
274.13 1.22023430107e-05
274.14 1.22517820702e-05
274.15 1.2301525185e-05
274.16 1.23515748725e-05
274.17 1.24019336765e-05
274.18 1.24526041673e-05
274.19 1.2503588942e-05
274.2 1.25548906254e-05
274.21 1.26065118694e-05
274.22 1.26584553542e-05
274.23 1.27107237881e-05
274.24 1.27633199084e-05
274.25 1.28162464811e-05
274.26 1.28695063017e-05
274.27 1.29231021957e-05
274.28 1.29770370186e-05
274.29 1.30313136564e-05
274.3 1.30859350264e-05
274.31 1.31409040768e-05
274.32 1.3196223788e-05
274.33 1.32518971723e-05
274.34 1.33079272747e-05
274.35 1.33643171734e-05
274.36 1.34210699797e-05
274.37 1.34781888393e-05
274.38 1.35356769317e-05
274.39 1.35935374717e-05
274.4 1.3651773709e-05
274.41 1.37103889292e-05
274.42 1.37693864542e-05
274.43 1.38287696424e-05
274.44 1.38885418894e-05
274.45 1.39487066287e-05
274.46 1.40092673317e-05
274.47 1.40702275087e-05
274.48 1.41315907091e-05
274.49 1.4193360522e-05
274.5 1.4255540577e-05
274.51 1.43181345442e-05
274.52 1.43811461355e-05
274.53 1.44445791043e-05
274.54 1.45084372469e-05
274.55 1.45727244024e-05
274.56 1.46374444539e-05
274.57 1.47026013285e-05
274.58 1.47681989984e-05
274.59 1.48342414812e-05
274.6 1.49007328408e-05
274.61 1.49676771877e-05
274.62 1.50350786799e-05
274.63 1.51029415237e-05
274.64 1.51712699739e-05
274.65 1.5240068335e-05
274.66 1.53093409615e-05
274.67 1.53790922589e-05
274.68 1.54493266841e-05
274.69 1.55200487464e-05
274.7 1.55912630082e-05
274.71 1.56629740857e-05
274.72 1.57351866495e-05
274.73 1.58079054259e-05
274.74 1.5881135197e-05
274.75 1.5954880802e-05
274.76 1.60291471378e-05
274.77 1.61039391601e-05
274.78 1.61792618838e-05
274.79 1.62551203842e-05
274.8 1.63315197979e-05
274.81 1.64084653235e-05
274.82 1.64859622224e-05
274.83 1.65640158202e-05
274.84 1.66426315073e-05
274.85 1.67218147396e-05
274.86 1.68015710402e-05
274.87 1.68819059996e-05
274.88 1.69628252774e-05
274.89 1.70443346025e-05
274.9 1.71264397752e-05
274.91 1.72091466672e-05
274.92 1.72924612234e-05
274.93 1.73763894627e-05
274.94 1.74609374791e-05
274.95 1.75461114431e-05
274.96 1.76319176024e-05
274.97 1.77183622835e-05
274.98 1.78054518926e-05
274.99 1.78931929171e-05
275.0 1.79815919265e-05
275.01 1.80706555739e-05
275.02 1.81603905973e-05
275.03 1.82508038208e-05
275.04 1.83419021559e-05
275.05 1.84336926029e-05
275.06 1.85261822524e-05
275.07 1.86193782865e-05
275.08 1.87132879804e-05
275.09 1.88079187038e-05
275.1 1.89032779221e-05
275.11 1.89993731986e-05
275.12 1.90962121953e-05
275.13 1.9193802675e-05
275.14 1.92921525023e-05
275.15 1.9391269646e-05
275.16 1.94911621802e-05
275.17 1.95918382861e-05
275.18 1.96933062539e-05
275.19 1.97955744841e-05
275.2 1.989865149e-05
275.21 2.00025458987e-05
275.22 2.01072664537e-05
275.23 2.02128220163e-05
275.24 2.03192215676e-05
275.25 2.04264742106e-05
275.26 2.05345891721e-05
275.27 2.06435758049e-05
275.28 2.07534435895e-05
275.29 2.08642021365e-05
275.3 2.09758611888e-05
275.31 2.10884306237e-05
275.32 2.12019204551e-05
275.33 2.13163408357e-05
275.34 2.14317020597e-05
275.35 2.15480145646e-05
275.36 2.16652889344e-05
275.37 2.17835359011e-05
275.38 2.19027663482e-05
275.39 2.20229913124e-05
275.4 2.21442219869e-05
275.41 2.22664697237e-05
275.42 2.23897460365e-05
275.43 2.25140626032e-05
275.44 2.26394312691e-05
275.45 2.27658640496e-05
275.46 2.28933731332e-05
275.47 2.30219708844e-05
275.48 2.3151669847e-05
275.49 2.3282482747e-05
275.5 2.3414422496e-05
275.51 2.35475021942e-05
275.52 2.36817351342e-05
275.53 2.38171348038e-05
275.54 2.39537148899e-05
275.55 2.40914892822e-05
275.56 2.42304720761e-05
275.57 2.43706775771e-05
275.58 2.45121203044e-05
275.59 2.46548149946e-05
275.6 2.47987766055e-05
275.61 2.49440203208e-05
275.62 2.50905615534e-05
275.63 2.523841595e-05
275.64 2.53875993953e-05
275.65 2.55381280165e-05
275.66 2.56900181877e-05
275.67 2.58432865342e-05
275.68 2.59979499376e-05
275.69 2.61540255404e-05
275.7 2.63115307505e-05
275.71 2.64704832469e-05
275.72 2.66309009842e-05
275.73 2.67928021981e-05
275.74 2.69562054104e-05
275.75 2.71211294349e-05
275.76 2.72875933826e-05
275.77 2.74556166673e-05
275.78 2.76252190118e-05
275.79 2.77964204536e-05
275.8 2.79692413507e-05
275.81 2.81437023885e-05
275.82 2.83198245853e-05
275.83 2.84976292995e-05
275.84 2.86771382358e-05
275.85 2.88583734523e-05
275.86 2.90413573671e-05
275.87 2.92261127656e-05
275.88 2.9412662808e-05
275.89 2.96010310362e-05
275.9 2.97912413819e-05
275.91 2.99833181743e-05
275.92 3.01772861476e-05
275.93 3.03731704498e-05
275.94 3.0570996651e-05
275.95 3.07707907513e-05
275.96 3.09725791902e-05
275.97 3.11763888556e-05
275.98 3.13822470922e-05
275.99 3.1590181712e-05
276.0 3.1800221003e-05
276.01 3.20123937396e-05
276.02 3.22267291924e-05
276.03 3.24432571388e-05
276.04 3.26620078732e-05
276.05 3.28830122184e-05
276.06 3.31063015364e-05
276.07 3.33319077396e-05
276.08 3.35598633029e-05
276.09 3.37902012754e-05
276.1 3.40229552929e-05
276.11 3.42581595901e-05
276.12 3.44958490139e-05
276.13 3.47360590363e-05
276.14 3.49788257681e-05
276.15 3.52241859729e-05
276.16 3.54721770812e-05
276.17 3.5722837205e-05
276.18 3.59762051527e-05
276.19 3.62323204449e-05
276.2 3.64912233298e-05
276.21 3.67529547993e-05
276.22 3.70175566061e-05
276.23 3.72850712802e-05
276.24 3.75555421466e-05
276.25 3.78290133435e-05
276.26 3.81055298403e-05
276.27 3.83851374567e-05
276.28 3.86678828824e-05
276.29 3.89538136965e-05
276.3 3.92429783883e-05
276.31 3.95354263785e-05
276.32 3.98312080403e-05
276.33 4.0130374722e-05
276.34 4.04329787698e-05
276.35 4.07390735508e-05
276.36 4.10487134777e-05
276.37 4.13619540327e-05
276.38 4.16788517939e-05
276.39 4.19994644606e-05
276.4 4.23238508804e-05
276.41 4.2652071077e-05
276.42 4.29841862785e-05
276.43 4.33202589463e-05
276.44 4.36603528054e-05
276.45 4.40045328752e-05
276.46 4.43528655014e-05
276.47 4.47054183883e-05
276.48 4.50622606327e-05
276.49 4.54234627584e-05
276.5 4.57890967518e-05
276.51 4.61592360984e-05
276.52 4.65339558208e-05
276.53 4.69133325172e-05
276.54 4.72974444016e-05
276.55 4.76863713447e-05
276.56 4.80801949165e-05
276.57 4.84789984299e-05
276.58 4.88828669856e-05
276.59 4.92918875184e-05
276.6 4.97061488452e-05
276.61 5.01257417138e-05
276.62 5.05507588537e-05
276.63 5.09812950285e-05
276.64 5.14174470898e-05
276.65 5.18593140324e-05
276.66 5.23069970519e-05
276.67 5.27605996035e-05
276.68 5.32202274633e-05
276.69 5.36859887906e-05
276.7 5.41579941932e-05
276.71 5.46363567941e-05
276.72 5.51211923005e-05
276.73 5.56126190752e-05
276.74 5.611075821e-05
276.75 5.66157336017e-05
276.76 5.71276720307e-05
276.77 5.76467032417e-05
276.78 5.81729600276e-05
276.79 5.87065783158e-05
276.8 5.92476972575e-05
276.81 5.97964593201e-05
276.82 6.03530103823e-05
276.83 6.09174998328e-05
276.84 6.14900806726e-05
276.85 6.20709096197e-05
276.86 6.26601472184e-05
276.87 6.32579579523e-05
276.88 6.38645103605e-05
276.89 6.44799771583e-05
276.9 6.51045353623e-05
276.91 6.57383664194e-05
276.92 6.63816563408e-05
276.93 6.70345958401e-05
276.94 6.76973804772e-05
276.95 6.83702108065e-05
276.96 6.9053292531e-05
276.97 6.97468366616e-05
276.98 7.04510596822e-05
276.99 7.11661837213e-05
277.0 7.18924367289e-05
277.01 7.26300526612e-05
277.02 7.3379271671e-05
277.03 7.41403403056e-05
277.04 7.49135117125e-05
277.05 7.5699045852e-05
277.06 7.64972097188e-05
277.07 7.73082775709e-05
277.08 7.81325311684e-05
277.09 7.89702600205e-05
277.1 7.98217616429e-05
277.11 8.06873418242e-05
277.12 8.15673149035e-05
277.13 8.24620040587e-05
277.14 8.33717416058e-05
277.15 8.42968693107e-05
277.16 8.52377387126e-05
277.17 8.61947114613e-05
277.18 8.71681596676e-05
277.19 8.81584662675e-05
277.2 8.91660254021e-05
277.21 9.01912428127e-05
277.22 9.12345362517e-05
277.23 9.22963359117e-05
277.24 9.33770848712e-05
277.25 9.44772395597e-05
277.26 9.55972702427e-05
277.27 9.67376615262e-05
277.28 9.78989128843e-05
277.29 9.90815392077e-05
277.3 0.000100286071377
277.31 0.000101513056863
277.32 0.000102763060344
277.33 0.000104036664367
277.34 0.000105334470021
277.35 0.00010665709765
277.36 0.000108005187595
277.37 0.00010937940097
277.38 0.000110780420474
277.39 0.00011220895124
277.4 0.000113665721717
277.41 0.000115151484605
277.42 0.00011666701782
277.43 0.000118213125515
277.44 0.000119790639141
277.45 0.000121400418564
277.46 0.000123043353234
277.47 0.000124720363405
277.48 0.000126432401421
277.49 0.000128180453061
277.5 0.00012996553895
277.51 0.000131788716041
277.52 0.000133651079166
277.53 0.000135553762672
277.54 0.000137497942132
277.55 0.000139484836145
277.56 0.00014151570823
277.57 0.000143591868815
277.58 0.000145714677326
277.59 0.000147885544393
277.6 0.000150105934159
277.61 0.000152377366723
277.62 0.000154701420704
277.63 0.000157079735948
277.64 0.000159514016375
277.65 0.000162006032985
277.66 0.000164557627026
277.67 0.000167170713337
277.68 0.000169847283873
277.69 0.000172589411433
277.7 0.000175399253592
277.71 0.000178279056856
277.72 0.000181231161058
277.73 0.000184258003998
277.74 0.000187362126365
277.75 0.000190546176931
277.76 0.000193812918059
277.77 0.000197165231536
277.78 0.000200606124751
277.79 0.000204138737246
277.8 0.000207766347661
277.81 0.000211492381107
277.82 0.000215320416989
277.83 0.000219254197311
277.84 0.000223297635506
277.85 0.000227454825812
277.86 0.000231730053251
277.87 0.000236127804242
277.88 0.000240652777891
277.89 0.000245309898026
277.9 0.000250104326004
277.91 0.000255041474372
277.92 0.000260127021435
277.93 0.000265366926788
277.94 0.000270767447911
277.95 0.000276335157878
277.96 0.000282076964289
277.97 0.000288000129503
277.98 0.000294112292281
277.99 0.000300421490948
278.0 0.000306936188191
278.01 0.000313665297619
278.02 0.000320618212238
278.03 0.000327804834975
278.04 0.000335235611434
278.05 0.000342921565056
278.06 0.000350874334873
278.07 0.000359106216085
278.08 0.000367630203674
278.09 0.000376460039324
278.1 0.000385610261901
278.11 0.000395096261816
278.12 0.000404934339576
278.13 0.000415141768879
278.14 0.000425736864653
278.15 0.000436739056435
278.16 0.000448168967557
278.17 0.000460048500638
278.18 0.000472400929897
278.19 0.000485251000893
278.2 0.000498625038304
278.21 0.000512551062439
278.22 0.000527058915209
278.23 0.000542180396361
278.24 0.000557949410825
278.25 0.000574402128095
278.26 0.000591577154625
278.27 0.000609515720275
278.28 0.000628261879936
278.29 0.000647862731478
278.3 0.00066836865125
278.31 0.000689833548388
278.32 0.000712315139218
278.33 0.000735875243045
278.34 0.000760580100586
278.35 0.000786500716249
278.36 0.000813713225338
278.37 0.000842299287056
278.38 0.000872346503906
278.39 0.000903948867672
278.4 0.000937207231598
278.41 0.000972229807603
278.42 0.00100913268634
278.43 0.0010480403766
278.44 0.00108908635866
278.45 0.00113241364412
278.46 0.00117817533158
278.47 0.00122653514397
278.48 0.0012776679286
278.49 0.00133176009496
278.5 0.00138900995806
278.51 0.00144962794591
278.52 0.00151383661838
278.53 0.00158187043127
278.54 0.00165397516267
278.55 0.00173040689947
278.56 0.00181143045859
278.57 0.00189731709183
278.58 0.00198834129359
278.59 0.00208477649942
278.6 0.00218688943144
278.61 0.00229493281651
278.62 0.00240913617989
278.63 0.00252969440596
278.64 0.00265675376867
278.65 0.00279039517824
278.66 0.00293061448228
278.67 0.00307729981592
278.68 0.00323020623371
278.69 0.00338892819087
278.7 0.00355287088026
278.71 0.00372122196509
278.72 0.00389292584473
278.73 0.00406666318642
278.74 0.00424083894873
278.75 0.00441358237774
278.76 0.00458276232422
278.77 0.00474602057862
278.78 0.00490082468391
278.79 0.00504453991493
278.8 0.0051745179999
278.81 0.00528819802957
278.82 0.00538321323805
278.83 0.00545749628464
278.84 0.00550937549474
278.85 0.00553765518715
278.86 0.00554167449969
278.87 0.00552134073023
278.88 0.00547713491501
278.89 0.00541008909616
278.9 0.00532173652868
278.91 0.00521403797965
278.92 0.00508928918716
278.93 0.00495001621011
278.94 0.00479886645589
278.95 0.00463850332392
278.96 0.00447151154889
278.97 0.00430031862092
278.98 0.00412713545028
278.99 0.00395391715963
279.0 0.00378234290343
279.01 0.0036138121735
279.02 0.00344945423158
279.03 0.00329014706476
279.04 0.00313654245306
279.05 0.00298909421258
279.06 0.0028480872837
279.07 0.00271366595767
279.08 0.00258586010326
279.09 0.0024646087275
279.1 0.00234978056986
279.11 0.00224119169233
279.12 0.00213862020313
279.13 0.002041818357
279.14 0.00195052232843
279.15 0.00186445997081
279.16 0.00178335686681
279.17 0.00170694095364
279.18 0.001634945977
279.19 0.00156711399536
279.2 0.00150319712388
279.21 0.00144295867703
279.22 0.00138617384189
279.23 0.00133262999011
279.24 0.0012821267161
279.25 0.00123447567181
279.26 0.00118950025385
279.27 0.00114703518719
279.28 0.00110692603977
279.29 0.00106902869462
279.3 0.00103320879983
279.31 0.000999341211753
279.32 0.000967309442734
279.33 0.000937005121734
279.34 0.000908327473611
279.35 0.000881182821058
279.36 0.000855484111699
279.37 0.000831150471748
279.38 0.000808106786835
279.39 0.000786283309961
279.4 0.000765615296124
279.41 0.00074604266284
279.42 0.000727509675576
279.43 0.000709964656969
279.44 0.000693359718648
279.45 0.000677650514435
279.46 0.000662796013715
279.47 0.000648758293775
279.48 0.000635502349989
279.49 0.000622995922746
279.5 0.00061120934012
279.51 0.000600115375313
279.52 0.00058968911802
279.53 0.000579907858887
279.54 0.000570750986356
279.55 0.00056219989521
279.56 0.000554237906256
279.57 0.000546850196591
279.58 0.000540023740003
279.59 0.000533747257091
279.6 0.00052801117474
279.61 0.000522807594647
279.62 0.000518130270613
279.63 0.000513974594369
279.64 0.000510337589694
279.65 0.000507217914621
279.66 0.000504615871507
279.67 0.000502533424702
279.68 0.00050097422555
279.69 0.000499943644307
279.7 0.000499448808528
279.71 0.00049949864724
279.72 0.000500103940068
279.73 0.000501277370144
279.74 0.000503033579282
279.75 0.000505389223417
279.76 0.00050836302567
279.77 0.000511975823636
279.78 0.000516250606483
279.79 0.000521212536247
279.8 0.000526888946143
279.81 0.000533309306877
279.82 0.00054050514965
279.83 0.000548509931824
279.84 0.000557358827993
279.85 0.000567088425436
279.86 0.00057773629866
279.87 0.000589340433038
279.88 0.000601938462513
279.89 0.000615566681444
279.9 0.000630258786259
279.91 0.000646044299609
279.92 0.00066294662935
279.93 0.000680980718588
279.94 0.00070015025344
279.95 0.000720444414971
279.96 0.000741834194131
279.97 0.000764268337013
279.98 0.00078766905517
279.99 0.000811927723724
280.0 0.000836900896641
280.01 0.000862407087251
280.02 0.000888224878622
280.03 0.000914093019896
280.04 0.000939713199254
280.05 0.000964756124304
280.06 0.000988871350615
280.07 0.00101170095718
280.08 0.00103289668098
280.09 0.00105213954127
280.1 0.00106916040289
280.11 0.00108375947815
280.12 0.00109582258147
280.13 0.00110533212687
280.14 0.00111237141046
280.15 0.00111712156513
280.16 0.001119851544
280.17 0.00112090237721
280.18 0.00112066757087
280.19 0.00111957177366
280.2 0.00111804972025
280.21 0.00111652705286
280.22 0.00111540405368
280.23 0.00111504272671
280.24 0.00111575715549
280.25 0.00111780669425
280.26 0.00112139134467
280.27 0.00112664861462
280.28 0.00113365122127
280.29 0.0011424051544
280.3 0.00115284782849
280.31 0.00116484629963
280.32 0.00117819578776
280.33 0.00119261900618
280.34 0.00120776703585
280.35 0.00122322265806
280.36 0.00123850713184
280.37 0.00125309132295
280.38 0.00126641181141
280.39 0.00127789210243
280.4 0.00128696835759
280.41 0.00129311822981
280.42 0.00129589057063
280.43 0.00129493316988
280.44 0.00129001547476
280.45 0.00128104354325
280.46 0.00126806532314
280.47 0.00125126558029
280.48 0.00123095117818
280.49 0.00120752864388
280.5 0.00118147679374
280.51 0.00115331750239
280.52 0.00112358748846
280.53 0.00109281338534
280.54 0.00106149155331
280.55 0.00103007325791
280.56 0.000998955132331
280.57 0.000968474335566
280.58 0.00093890753076
280.59 0.000910472711998
280.6 0.000883332954324
280.61 0.000857601297327
280.62 0.00083334615077
280.63 0.000810596796481
280.64 0.000789348730743
280.65 0.000769568731953
280.66 0.000751199641705
280.67 0.000734164910323
280.68 0.000718372979481
280.69 0.000703721557256
280.7 0.000690101791422
280.71 0.000677402277181
280.72 0.000665512763674
280.73 0.000654327371228
280.74 0.000643747118616
280.75 0.000633681599639
280.76 0.00062404974016
280.77 0.000614779693541
280.78 0.000605808063832
280.79 0.000597078746675
280.8 0.000588541717719
280.81 0.000580152062781
280.82 0.000571869439028
280.83 0.000563658007236
280.84 0.000555486720282
280.85 0.000547329733084
280.86 0.000539166646814
280.87 0.000530982330231
280.88 0.000522766166247
280.89 0.000514510725391
280.9 0.000506210030016
280.91 0.000497857703207
280.92 0.000489445362786
280.93 0.000480961608545
280.94 0.000472391862527
280.95 0.000463719176393
280.96 0.000454925945447
280.97 0.000445996299558
280.98 0.000436918810104
280.99 0.000427689085608
281.0 0.000418311841258
281.01 0.000408802116876
281.02 0.000399185464809
281.03 0.000389497101022
281.04 0.000379780172354
281.05 0.000370083408817
281.06 0.000360458484288
281.07 0.000350957401052
281.08 0.000341630156723
281.09 0.000332522867407
281.1 0.000323676430448
281.11 0.000315125730803
281.12 0.000306899336837
281.13 0.000299019596697
281.14 0.000291503033038
281.15 0.000284360936334
281.16 0.000277600069585
281.17 0.000271223414547
281.18 0.000265230907879
281.19 0.000259620132336
281.2 0.000254386942087
281.21 0.00024952601193
281.22 0.00024503130793
281.23 0.000240896482042
281.24 0.00023711519634
281.25 0.000233681383874
281.26 0.000230589453572
281.27 0.000227834446117
281.28 0.000225412146893
281.29 0.00022331916082
281.3 0.000221552952541
281.31 0.000220111853916
281.32 0.000218995039199
281.33 0.000218202466663
281.34 0.000217734783778
281.35 0.000217593191338
281.36 0.000217779260248
281.37 0.000218294692995
281.38 0.000219141020319
281.39 0.000220319222322
281.4 0.000221829262565
281.41 0.000223669523817
281.42 0.000225836135645
281.43 0.000228322187499
281.44 0.000231116827152
281.45 0.000234204254181
281.46 0.000237562632413
281.47 0.000241162964559
281.48 0.000244967996678
281.49 0.000248931248736
281.5 0.000252996297849
281.51 0.000257096468367
281.52 0.00026115510085
281.53 0.000265086571454
281.54 0.00026879820462
281.55 0.000272193157301
281.56 0.000275174249665
281.57 0.000277648581319
281.58 0.000279532621515
281.59 0.000280757325163
281.6 0.000281272738451
281.61 0.0002810515495
281.62 0.000280091127151
281.63 0.000278413767844
281.64 0.000276065104957
281.65 0.000273110878487
281.66 0.000269632464119
281.67 0.000265721681049
281.68 0.000261475422011
281.69 0.000256990585967
281.7 0.000252359671488
281.71 0.000247667241838
281.72 0.000242987332877
281.73 0.000238381764294
281.74 0.000233899243286
281.75 0.000229575117578
281.76 0.000225431634638
281.77 0.000221478585745
281.78 0.000217714246667
281.79 0.000214126561313
281.8 0.000210694543246
281.81 0.000207389886897
281.82 0.000204178782511
281.83 0.000201023915902
281.84 0.000197886608323
281.85 0.000194729018457
281.86 0.000191516295117
281.87 0.000188218544405
281.88 0.000184812466505
281.89 0.000181282530282
281.9 0.000177621589201
281.91 0.000173830895803
281.92 0.000169919535462
281.93 0.000165903362309
281.94 0.00016180356976
281.95 0.000157645056677
281.96 0.000153454754148
281.97 0.000149260059116
281.98 0.00014508748581
281.99 0.000140961602703
282.0 0.000136904279977
282.01 0.000132934236645
282.02 0.000129066851032
282.03 0.00012531418399
282.04 0.000121685159637
282.05 0.000118185851016
282.06 0.000114819825227
282.07 0.000111588511785
282.08 0.000108491567441
282.09 0.000105527219334
282.1 0.000102692575527
282.11 9.99838975059e-05
282.12 9.73968332537e-05
282.13 9.49266121946e-05
282.14 9.25682049568e-05
282.15 9.03164517761e-05
282.16 8.81661636785e-05
282.17 8.61122005417e-05
282.18 8.41495298712e-05
282.19 8.22732697448e-05
282.2 8.0478718947e-05
282.21 7.87613768829e-05
282.22 7.71169554475e-05
282.23 7.55413846548e-05
282.24 7.40308135051e-05
282.25 7.25816072857e-05
282.26 7.11903422633e-05
282.27 6.9853798529e-05
282.28 6.85689515918e-05
282.29 6.73329631861e-05
282.3 6.6143171648e-05
282.31 6.49970821328e-05
282.32 6.38923568749e-05
282.33 6.28268056362e-05
282.34 6.1798376451e-05
282.35 6.08051467369e-05
282.36 5.98453148194e-05
282.37 5.89171918968e-05
282.38 5.80191944577e-05
282.39 5.71498371523e-05
282.4 5.63077261098e-05
282.41 5.54915526912e-05
282.42 5.47000876584e-05
282.43 5.39321757424e-05
282.44 5.31867305892e-05
282.45 5.2462730061e-05
282.46 5.17592118732e-05
282.47 5.10752695432e-05
282.48 5.04100486318e-05
282.49 4.97627432569e-05
282.5 4.91325928596e-05
282.51 4.85188792055e-05
282.52 4.79209236031e-05
282.53 4.73380843238e-05
282.54 4.67697542089e-05
282.55 4.62153584482e-05
282.56 4.56743525183e-05
282.57 4.51462202692e-05
282.58 4.46304721451e-05
282.59 4.41266435333e-05
282.6 4.36342932275e-05
282.61 4.31530019993e-05
282.62 4.26823712696e-05
282.63 4.22220218701e-05
282.64 4.17715928918e-05
282.65 4.133074061e-05
282.66 4.08991374833e-05
282.67 4.04764712191e-05
282.68 4.00624439017e-05
282.69 3.96567711779e-05
282.7 3.92591814959e-05
282.71 3.88694153937e-05
282.72 3.84872248341e-05
282.73 3.81123725811e-05
282.74 3.77446316172e-05
282.75 3.73837845964e-05
282.76 3.70296233318e-05
282.77 3.66819483152e-05
282.78 3.63405682658e-05
282.79 3.60052997065e-05
282.8 3.56759665661e-05
282.81 3.53523998052e-05
282.82 3.50344370638e-05
282.83 3.4721922331e-05
282.84 3.44147056324e-05
282.85 3.41126427369e-05
282.86 3.38155948796e-05
282.87 3.3523428501e-05
282.88 3.32360150007e-05
282.89 3.29532305045e-05
282.9 3.26749556456e-05
282.91 3.24010753566e-05
282.92 3.21314786737e-05
282.93 3.1866058551e-05
282.94 3.16047116853e-05
282.95 3.13473383499e-05
282.96 3.10938422373e-05
282.97 3.08441303101e-05
282.98 3.05981126596e-05
282.99 3.0355702372e-05
283.0 3.01168154014e-05
283.01 2.98813704485e-05
283.02 2.96492888468e-05
283.03 2.94204944531e-05
283.04 2.91949135445e-05
283.05 2.89724747196e-05
283.06 2.87531088053e-05
283.07 2.85367487676e-05
283.08 2.83233296269e-05
283.09 2.81127883772e-05
283.1 2.79050639092e-05
283.11 2.77000969373e-05
283.12 2.74978299291e-05
283.13 2.72982070396e-05
283.14 2.71011740468e-05
283.15 2.69066782915e-05
283.16 2.67146686194e-05
283.17 2.65250953254e-05
283.18 2.63379101009e-05
283.19 2.61530659832e-05
283.2 2.59705173073e-05
283.21 2.57902196597e-05
283.22 2.56121298337e-05
283.23 2.54362057876e-05
283.24 2.5262406604e-05
283.25 2.50906924509e-05
283.26 2.49210245445e-05
283.27 2.47533651135e-05
283.28 2.45876773654e-05
283.29 2.44239254528e-05
283.3 2.42620744431e-05
283.31 2.41020902873e-05
283.32 2.39439397917e-05
283.33 2.37875905899e-05
283.34 2.36330111161e-05
283.35 2.34801705795e-05
283.36 2.33290389396e-05
283.37 2.31795868824e-05
283.38 2.30317857981e-05
283.39 2.28856077586e-05
283.4 2.27410254967e-05
283.41 2.25980123859e-05
283.42 2.24565424209e-05
283.43 2.23165901985e-05
283.44 2.21781309e-05
283.45 2.20411402731e-05
283.46 2.1905594616e-05
283.47 2.17714707604e-05
283.48 2.16387460563e-05
283.49 2.1507398357e-05
283.5 2.13774060042e-05
283.51 2.12487478147e-05
283.52 2.11214030662e-05
283.53 2.09953514846e-05
283.54 2.08705732315e-05
283.55 2.07470488917e-05
283.56 2.0624759462e-05
283.57 2.05036863394e-05
283.58 2.03838113103e-05
283.59 2.026511654e-05
283.6 2.01475845625e-05
283.61 2.00311982703e-05
283.62 1.99159409054e-05
283.63 1.98017960493e-05
283.64 1.96887476148e-05
283.65 1.95767798369e-05
283.66 1.94658772646e-05
283.67 1.93560247524e-05
283.68 1.92472074533e-05
283.69 1.91394108102e-05
283.7 1.90326205492e-05
283.71 1.89268226722e-05
283.72 1.88220034501e-05
283.73 1.8718149416e-05
283.74 1.86152473587e-05
283.75 1.85132843165e-05
283.76 1.8412247571e-05
283.77 1.83121246412e-05
283.78 1.82129032779e-05
283.79 1.81145714578e-05
283.8 1.80171173785e-05
283.81 1.79205294527e-05
283.82 1.78247963039e-05
283.83 1.77299067607e-05
283.84 1.76358498523e-05
283.85 1.75426148038e-05
283.86 1.74501910319e-05
283.87 1.73585681402e-05
283.88 1.72677359148e-05
283.89 1.71776843207e-05
283.9 1.70884034972e-05
283.91 1.69998837542e-05
283.92 1.69121155685e-05
283.93 1.68250895799e-05
283.94 1.67387965876e-05
283.95 1.66532275468e-05
283.96 1.65683735651e-05
283.97 1.64842258995e-05
283.98 1.64007759529e-05
283.99 1.63180152709e-05
284.0 1.62359355388e-05
284.01 1.6154528579e-05
284.02 1.60737863474e-05
284.03 1.59937009311e-05
284.04 1.59142645455e-05
284.05 1.58354695315e-05
284.06 1.5757308353e-05
284.07 1.56797735943e-05
284.08 1.56028579578e-05
284.09 1.55265542612e-05
284.1 1.54508554356e-05
284.11 1.53757545229e-05
284.12 1.53012446734e-05
284.13 1.52273191441e-05
284.14 1.51539712964e-05
284.15 1.50811945937e-05
284.16 1.50089825996e-05
284.17 1.49373289761e-05
284.18 1.48662274815e-05
284.19 1.47956719683e-05
284.2 1.47256563819e-05
284.21 1.46561747581e-05
284.22 1.45872212222e-05
284.23 1.45187899864e-05
284.24 1.44508753489e-05
284.25 1.43834716916e-05
284.26 1.43165734791e-05
284.27 1.42501752568e-05
284.28 1.41842716495e-05
284.29 1.41188573597e-05
284.3 1.40539271667e-05
284.31 1.39894759245e-05
284.32 1.39254985609e-05
284.33 1.38619900759e-05
284.34 1.37989455405e-05
284.35 1.37363600954e-05
284.36 1.36742289497e-05
284.37 1.36125473796e-05
284.38 1.35513107274e-05
284.39 1.34905144002e-05
284.4 1.34301538685e-05
284.41 1.33702246657e-05
284.42 1.33107223862e-05
284.43 1.32516426849e-05
284.44 1.31929812761e-05
284.45 1.31347339322e-05
284.46 1.30768964827e-05
284.47 1.30194648136e-05
284.48 1.29624348659e-05
284.49 1.29058026351e-05
284.5 1.28495641701e-05
284.51 1.27937155721e-05
284.52 1.2738252994e-05
284.53 1.26831726394e-05
284.54 1.26284707617e-05
284.55 1.25741436636e-05
284.56 1.25201876955e-05
284.57 1.24665992558e-05
284.58 1.2413374789e-05
284.59 1.23605107858e-05
284.6 1.23080037819e-05
284.61 1.22558503572e-05
284.62 1.22040471354e-05
284.63 1.21525907832e-05
284.64 1.21014780094e-05
284.65 1.20507055643e-05
284.66 1.20002702392e-05
284.67 1.19501688657e-05
284.68 1.19003983147e-05
284.69 1.18509554963e-05
284.7 1.1801837359e-05
284.71 1.17530408888e-05
284.72 1.17045631089e-05
284.73 1.16564010793e-05
284.74 1.16085518956e-05
284.75 1.15610126893e-05
284.76 1.15137806263e-05
284.77 1.14668529072e-05
284.78 1.14202267663e-05
284.79 1.13738994711e-05
284.8 1.1327868322e-05
284.81 1.12821306517e-05
284.82 1.12366838246e-05
284.83 1.11915252366e-05
284.84 1.11466523143e-05
284.85 1.11020625147e-05
284.86 1.10577533247e-05
284.87 1.10137222608e-05
284.88 1.09699668685e-05
284.89 1.09264847218e-05
284.9 1.08832734231e-05
284.91 1.08403306024e-05
284.92 1.07976539172e-05
284.93 1.07552410519e-05
284.94 1.07130897175e-05
284.95 1.06711976512e-05
284.96 1.06295626159e-05
284.97 1.05881824002e-05
284.98 1.05470548175e-05
284.99 1.05061777061e-05
285.0 1.04655489286e-05
285.01 1.04251663716e-05
285.02 1.03850279454e-05
285.03 1.03451315836e-05
285.04 1.0305475243e-05
285.05 1.02660569028e-05
285.06 1.02268745649e-05
285.07 1.01879262528e-05
285.08 1.01492100123e-05
285.09 1.01107239102e-05
285.1 1.00724660346e-05
285.11 1.00344344947e-05
285.12 9.99662741997e-06
285.13 9.95904296024e-06
285.14 9.92167928541e-06
285.15 9.88453458512e-06
285.16 9.84760706845e-06
285.17 9.81089496373e-06
285.18 9.7743965182e-06
285.19 9.73810999785e-06
285.2 9.70203368706e-06
285.21 9.66616588844e-06
285.22 9.63050492257e-06
285.23 9.59504912771e-06
285.24 9.55979685964e-06
285.25 9.52474649135e-06
285.26 9.48989641291e-06
285.27 9.45524503114e-06
285.28 9.42079076946e-06
285.29 9.38653206765e-06
285.3 9.35246738166e-06
285.31 9.31859518335e-06
285.32 9.28491396034e-06
285.33 9.25142221575e-06
285.34 9.21811846807e-06
285.35 9.18500125089e-06
285.36 9.15206911275e-06
285.37 9.11932061695e-06
285.38 9.08675434134e-06
285.39 9.05436887814e-06
285.4 9.02216283379e-06
285.41 8.99013482871e-06
285.42 8.95828349719e-06
285.43 8.92660748715e-06
285.44 8.89510546004e-06
285.45 8.86377609061e-06
285.46 8.83261806676e-06
285.47 8.80163008943e-06
285.48 8.77081087233e-06
285.49 8.7401591419e-06
285.5 8.70967363707e-06
285.51 8.67935310914e-06
285.52 8.64919632163e-06
285.53 8.61920205011e-06
285.54 8.58936908209e-06
285.55 8.55969621682e-06
285.56 8.5301822652e-06
285.57 8.50082604962e-06
285.58 8.47162640382e-06
285.59 8.44258217273e-06
285.6 8.41369221239e-06
285.61 8.38495538976e-06
285.62 8.35637058263e-06
285.63 8.32793667946e-06
285.64 8.2996525793e-06
285.65 8.27151719161e-06
285.66 8.24352943615e-06
285.67 8.21568824289e-06
285.68 8.18799255187e-06
285.69 8.16044131306e-06
285.7 8.13303348629e-06
285.71 8.10576804108e-06
285.72 8.07864395659e-06
285.73 8.05166022145e-06
285.74 8.02481583367e-06
285.75 7.99810980056e-06
285.76 7.97154113859e-06
285.77 7.94510887329e-06
285.78 7.91881203913e-06
285.79 7.89264967948e-06
285.8 7.86662084643e-06
285.81 7.84072460075e-06
285.82 7.81496001174e-06
285.83 7.7893261572e-06
285.84 7.76382212324e-06
285.85 7.7384470043e-06
285.86 7.71319990296e-06
285.87 7.68807992989e-06
285.88 7.66308620377e-06
285.89 7.63821785117e-06
285.9 7.61347400648e-06
285.91 7.58885381183e-06
285.92 7.56435641699e-06
285.93 7.53998097928e-06
285.94 7.51572666352e-06
285.95 7.49159264189e-06
285.96 7.46757809391e-06
285.97 7.44368220632e-06
285.98 7.41990417303e-06
285.99 7.396243195e-06
286.0 7.37269848021e-06
286.01 7.34926924354e-06
286.02 7.32595470674e-06
286.03 7.30275409832e-06
286.04 7.2796666535e-06
286.05 7.2566916141e-06
286.06 7.23382822853e-06
286.07 7.21107575167e-06
286.08 7.18843344482e-06
286.09 7.16590057562e-06
286.1 7.14347641801e-06
286.11 7.12116025211e-06
286.12 7.09895136422e-06
286.13 7.07684904671e-06
286.14 7.05485259797e-06
286.15 7.03296132234e-06
286.16 7.01117453006e-06
286.17 6.98949153719e-06
286.18 6.96791166558e-06
286.19 6.94643424275e-06
286.2 6.92505860192e-06
286.21 6.90378408187e-06
286.22 6.8826100269e-06
286.23 6.86153578683e-06
286.24 6.84056071685e-06
286.25 6.81968417756e-06
286.26 6.79890553482e-06
286.27 6.77822415978e-06
286.28 6.75763942878e-06
286.29 6.73715072329e-06
286.3 6.71675742989e-06
286.31 6.69645894021e-06
286.32 6.67625465085e-06
286.33 6.65614396335e-06
286.34 6.63612628417e-06
286.35 6.61620102457e-06
286.36 6.59636760064e-06
286.37 6.57662543318e-06
286.38 6.5569739477e-06
286.39 6.53741257437e-06
286.4 6.51794074796e-06
286.41 6.49855790777e-06
286.42 6.47926349763e-06
286.43 6.46005696586e-06
286.44 6.44093776516e-06
286.45 6.42190535263e-06
286.46 6.4029591897e-06
286.47 6.3840987421e-06
286.48 6.36532347981e-06
286.49 6.346632877e-06
286.5 6.32802641202e-06
286.51 6.30950356736e-06
286.52 6.29106382957e-06
286.53 6.27270668927e-06
286.54 6.25443164106e-06
286.55 6.23623818354e-06
286.56 6.21812581921e-06
286.57 6.20009405449e-06
286.58 6.18214239962e-06
286.59 6.16427036869e-06
286.6 6.14647747956e-06
286.61 6.12876325382e-06
286.62 6.11112721679e-06
286.63 6.09356889743e-06
286.64 6.07608782839e-06
286.65 6.05868354587e-06
286.66 6.04135558967e-06
286.67 6.02410350312e-06
286.68 6.00692683305e-06
286.69 5.98982512974e-06
286.7 5.97279794695e-06
286.71 5.95584484179e-06
286.72 5.93896537478e-06
286.73 5.92215910978e-06
286.74 5.90542561393e-06
286.75 5.88876445766e-06
286.76 5.87217521467e-06
286.77 5.85565746186e-06
286.78 5.8392107793e-06
286.79 5.82283475024e-06
286.8 5.80652896106e-06
286.81 5.79029300122e-06
286.82 5.77412646327e-06
286.83 5.7580289428e-06
286.84 5.74200003841e-06
286.85 5.72603935167e-06
286.86 5.71014648715e-06
286.87 5.69432105232e-06
286.88 5.67856265756e-06
286.89 5.66287091615e-06
286.9 5.6472454442e-06
286.91 5.63168586065e-06
286.92 5.61619178726e-06
286.93 5.60076284855e-06
286.94 5.5853986718e-06
286.95 5.57009888701e-06
286.96 5.55486312688e-06
286.97 5.5396910268e-06
286.98 5.52458222481e-06
286.99 5.50953636157e-06
287.0 5.49455308037e-06
287.01 5.47963202704e-06
287.02 5.46477285003e-06
287.03 5.44997520027e-06
287.04 5.43523873125e-06
287.05 5.42056309892e-06
287.06 5.40594796173e-06
287.07 5.39139298056e-06
287.08 5.37689781872e-06
287.09 5.36246214193e-06
287.1 5.3480856183e-06
287.11 5.33376791829e-06
287.12 5.31950871472e-06
287.13 5.30530768272e-06
287.14 5.29116449974e-06
287.15 5.27707884549e-06
287.16 5.26305040196e-06
287.17 5.24907885338e-06
287.18 5.2351638862e-06
287.19 5.22130518908e-06
287.2 5.20750245286e-06
287.21 5.19375537055e-06
287.22 5.18006363732e-06
287.23 5.16642695045e-06
287.24 5.15284500934e-06
287.25 5.13931751549e-06
287.26 5.12584417246e-06
287.27 5.1124246859e-06
287.28 5.09905876346e-06
287.29 5.08574611483e-06
287.3 5.07248645173e-06
287.31 5.05927948783e-06
287.32 5.04612493879e-06
287.33 5.03302252224e-06
287.34 5.01997195772e-06
287.35 5.00697296672e-06
287.36 4.99402527261e-06
287.37 4.98112860068e-06
287.38 4.96828267808e-06
287.39 4.95548723381e-06
287.4 4.94274199872e-06
287.41 4.93004670551e-06
287.42 4.91740108866e-06
287.43 4.90480488446e-06
287.44 4.892257831e-06
287.45 4.87975966812e-06
287.46 4.86731013741e-06
287.47 4.85490898222e-06
287.48 4.8425559476e-06
287.49 4.83025078034e-06
287.5 4.81799322889e-06
287.51 4.80578304342e-06
287.52 4.79361997574e-06
287.53 4.78150377934e-06
287.54 4.76943420933e-06
287.55 4.75741102246e-06
287.56 4.74543397709e-06
287.57 4.73350283319e-06
287.58 4.72161735232e-06
287.59 4.70977729761e-06
287.6 4.69798243375e-06
287.61 4.68623252698e-06
287.62 4.67452734509e-06
287.63 4.66286665739e-06
287.64 4.65125023471e-06
287.65 4.63967784937e-06
287.66 4.62814927519e-06
287.67 4.61666428745e-06
287.68 4.60522266292e-06
287.69 4.59382417981e-06
287.7 4.58246861777e-06
287.71 4.5711557579e-06
287.72 4.5598853827e-06
287.73 4.54865727608e-06
287.74 4.53747122336e-06
287.75 4.52632701124e-06
287.76 4.51522442779e-06
287.77 4.50416326244e-06
287.78 4.49314330601e-06
287.79 4.48216435061e-06
287.8 4.47122618971e-06
287.81 4.46032861812e-06
287.82 4.44947143193e-06
287.83 4.43865442854e-06
287.84 4.42787740666e-06
287.85 4.41714016626e-06
287.86 4.40644250859e-06
287.87 4.39578423616e-06
287.88 4.38516515274e-06
287.89 4.37458506332e-06
287.9 4.36404377414e-06
287.91 4.35354109268e-06
287.92 4.34307682759e-06
287.93 4.33265078876e-06
287.94 4.32226278726e-06
287.95 4.31191263536e-06
287.96 4.30160014648e-06
287.97 4.29132513523e-06
287.98 4.28108741738e-06
287.99 4.27088680983e-06
288.0 4.26072313065e-06
288.01 4.25059619901e-06
288.02 4.24050583523e-06
288.03 4.23045186073e-06
288.04 4.22043409805e-06
288.05 4.21045237082e-06
288.06 4.20050650376e-06
288.07 4.19059632268e-06
288.08 4.18072165445e-06
288.09 4.17088232701e-06
288.1 4.16107816938e-06
288.11 4.1513090116e-06
288.12 4.14157468476e-06
288.13 4.131875021e-06
288.14 4.12220985347e-06
288.15 4.11257901634e-06
288.16 4.10298234479e-06
288.17 4.09341967503e-06
288.18 4.08389084423e-06
288.19 4.07439569056e-06
288.2 4.06493405319e-06
288.21 4.05550577224e-06
288.22 4.04611068881e-06
288.23 4.03674864496e-06
288.24 4.0274194837e-06
288.25 4.01812304898e-06
288.26 4.00885918571e-06
288.27 3.99962773971e-06
288.28 3.99042855774e-06
288.29 3.98126148745e-06
288.3 3.97212637745e-06
288.31 3.96302307722e-06
288.32 3.95395143714e-06
288.33 3.9449113085e-06
288.34 3.93590254345e-06
288.35 3.92692499506e-06
288.36 3.91797851722e-06
288.37 3.90906296474e-06
288.38 3.90017819324e-06
288.39 3.89132405923e-06
288.4 3.88250042006e-06
288.41 3.8737071339e-06
288.42 3.8649440598e-06
288.43 3.85621105759e-06
288.44 3.84750798796e-06
288.45 3.8388347124e-06
288.46 3.83019109321e-06
288.47 3.82157699352e-06
288.48 3.81299227723e-06
288.49 3.80443680905e-06
288.5 3.79591045449e-06
288.51 3.78741307981e-06
288.52 3.77894455209e-06
288.53 3.77050473915e-06
288.54 3.76209350958e-06
288.55 3.75371073277e-06
288.56 3.7453562788e-06
288.57 3.73703001857e-06
288.58 3.72873182367e-06
288.59 3.72046156646e-06
288.6 3.71221912003e-06
288.61 3.7040043582e-06
288.62 3.69581715551e-06
288.63 3.68765738723e-06
288.64 3.67952492934e-06
288.65 3.67141965851e-06
288.66 3.66334145215e-06
288.67 3.65529018834e-06
288.68 3.64726574589e-06
288.69 3.63926800425e-06
288.7 3.63129684361e-06
288.71 3.62335214479e-06
288.72 3.61543378933e-06
288.73 3.60754165942e-06
288.74 3.59967563791e-06
288.75 3.59183560833e-06
288.76 3.58402145486e-06
288.77 3.57623306232e-06
288.78 3.5684703162e-06
288.79 3.56073310263e-06
288.8 3.55302130836e-06
288.81 3.5453348208e-06
288.82 3.53767352798e-06
288.83 3.53003731856e-06
288.84 3.52242608182e-06
288.85 3.51483970765e-06
288.86 3.50727808658e-06
288.87 3.49974110972e-06
288.88 3.4922286688e-06
288.89 3.48474065616e-06
288.9 3.47727696472e-06
288.91 3.469837488e-06
288.92 3.46242212012e-06
288.93 3.45503075577e-06
288.94 3.44766329024e-06
288.95 3.44031961937e-06
288.96 3.4329996396e-06
288.97 3.42570324793e-06
288.98 3.41843034192e-06
288.99 3.41118081972e-06
289.0 3.40395458e-06
289.01 3.39675152201e-06
289.02 3.38957154554e-06
289.03 3.38241455093e-06
289.04 3.37528043908e-06
289.05 3.36816911141e-06
289.06 3.36108046988e-06
289.07 3.35401441699e-06
289.08 3.34697085576e-06
289.09 3.33994968976e-06
289.1 3.33295082305e-06
289.11 3.32597416023e-06
289.12 3.31901960641e-06
289.13 3.31208706722e-06
289.14 3.30517644879e-06
289.15 3.29828765775e-06
289.16 3.29142060125e-06
289.17 3.28457518693e-06
289.18 3.27775132293e-06
289.19 3.27094891787e-06
289.2 3.26416788088e-06
289.21 3.25740812156e-06
289.22 3.25066954999e-06
289.23 3.24395207675e-06
289.24 3.23725561288e-06
289.25 3.23058006991e-06
289.26 3.22392535982e-06
289.27 3.21729139506e-06
289.28 3.21067808858e-06
289.29 3.20408535373e-06
289.3 3.19751310439e-06
289.31 3.19096125483e-06
289.32 3.18442971981e-06
289.33 3.17791841454e-06
289.34 3.17142725466e-06
289.35 3.16495615627e-06
289.36 3.15850503591e-06
289.37 3.15207381054e-06
289.38 3.14566239758e-06
289.39 3.13927071486e-06
289.4 3.13289868067e-06
289.41 3.1265462137e-06
289.42 3.12021323308e-06
289.43 3.11389965835e-06
289.44 3.10760540948e-06
289.45 3.10133040685e-06
289.46 3.09507457127e-06
289.47 3.08883782394e-06
289.48 3.08262008648e-06
289.49 3.07642128092e-06
289.5 3.07024132968e-06
289.51 3.06408015559e-06
289.52 3.05793768188e-06
289.53 3.05181383218e-06
289.54 3.04570853051e-06
289.55 3.03962170127e-06
289.56 3.03355326926e-06
289.57 3.02750315968e-06
289.58 3.02147129809e-06
289.59 3.01545761043e-06
289.6 3.00946202305e-06
289.61 3.00348446265e-06
289.62 2.9975248563e-06
289.63 2.99158313147e-06
289.64 2.98565921598e-06
289.65 2.97975303803e-06
289.66 2.97386452616e-06
289.67 2.9679936093e-06
289.68 2.96214021673e-06
289.69 2.95630427809e-06
289.7 2.95048572338e-06
289.71 2.94468448295e-06
289.72 2.9389004875e-06
289.73 2.93313366809e-06
289.74 2.92738395611e-06
289.75 2.92165128331e-06
289.76 2.91593558179e-06
289.77 2.91023678397e-06
289.78 2.90455482263e-06
289.79 2.89888963087e-06
289.8 2.89324114214e-06
289.81 2.88760929022e-06
289.82 2.88199400921e-06
289.83 2.87639523355e-06
289.84 2.870812898e-06
289.85 2.86524693767e-06
289.86 2.85969728795e-06
289.87 2.85416388458e-06
289.88 2.84864666363e-06
289.89 2.84314556145e-06
289.9 2.83766051474e-06
289.91 2.8321914605e-06
289.92 2.82673833604e-06
289.93 2.82130107898e-06
289.94 2.81587962726e-06
289.95 2.81047391911e-06
289.96 2.80508389307e-06
289.97 2.79970948798e-06
289.98 2.79435064299e-06
289.99 2.78900729755e-06
290.0 2.78367939139e-06
290.01 2.77836686455e-06
290.02 2.77306965737e-06
290.03 2.76778771045e-06
290.04 2.76252096472e-06
290.05 2.75726936137e-06
290.06 2.7520328419e-06
290.07 2.74681134807e-06
290.08 2.74160482194e-06
290.09 2.73641320584e-06
290.1 2.73123644241e-06
290.11 2.72607447452e-06
290.12 2.72092724536e-06
290.13 2.71579469837e-06
290.14 2.71067677727e-06
290.15 2.70557342606e-06
290.16 2.700484589e-06
290.17 2.69541021062e-06
290.18 2.69035023573e-06
290.19 2.68530460938e-06
290.2 2.68027327691e-06
290.21 2.67525618392e-06
290.22 2.67025327624e-06
290.23 2.66526450001e-06
290.24 2.66028980157e-06
290.25 2.65532912758e-06
290.26 2.6503824249e-06
290.27 2.64544964067e-06
290.28 2.64053072228e-06
290.29 2.63562561737e-06
290.3 2.63073427383e-06
290.31 2.62585663978e-06
290.32 2.62099266362e-06
290.33 2.61614229398e-06
290.34 2.61130547971e-06
290.35 2.60648216993e-06
290.36 2.601672314e-06
290.37 2.59687586151e-06
290.38 2.59209276229e-06
290.39 2.58732296641e-06
290.4 2.58256642416e-06
290.41 2.57782308609e-06
290.42 2.57309290296e-06
290.43 2.56837582577e-06
290.44 2.56367180576e-06
290.45 2.55898079438e-06
290.46 2.55430274332e-06
290.47 2.54963760449e-06
290.48 2.54498533002e-06
290.49 2.54034587229e-06
290.5 2.53571918386e-06
290.51 2.53110521755e-06
290.52 2.52650392637e-06
290.53 2.52191526357e-06
290.54 2.51733918262e-06
290.55 2.51277563717e-06
290.56 2.50822458113e-06
290.57 2.5036859686e-06
290.58 2.49915975389e-06
290.59 2.49464589153e-06
290.6 2.49014433626e-06
290.61 2.48565504302e-06
290.62 2.48117796697e-06
290.63 2.47671306348e-06
290.64 2.47226028809e-06
290.65 2.4678195966e-06
290.66 2.46339094496e-06
290.67 2.45897428936e-06
290.68 2.45456958617e-06
290.69 2.45017679197e-06
290.7 2.44579586353e-06
290.71 2.44142675782e-06
290.72 2.43706943202e-06
290.73 2.43272384348e-06
290.74 2.42838994978e-06
290.75 2.42406770865e-06
290.76 2.41975707804e-06
290.77 2.41545801609e-06
290.78 2.41117048113e-06
290.79 2.40689443166e-06
290.8 2.40262982639e-06
290.81 2.39837662421e-06
290.82 2.39413478419e-06
290.83 2.3899042656e-06
290.84 2.38568502787e-06
290.85 2.38147703064e-06
290.86 2.37728023371e-06
290.87 2.37309459708e-06
290.88 2.3689200809e-06
290.89 2.36475664554e-06
290.9 2.36060425152e-06
290.91 2.35646285954e-06
290.92 2.35233243048e-06
290.93 2.34821292539e-06
290.94 2.34410430551e-06
290.95 2.34000653224e-06
290.96 2.33591956714e-06
290.97 2.33184337198e-06
290.98 2.32777790865e-06
290.99 2.32372313926e-06
291.0 2.31967902605e-06
291.01 2.31564553144e-06
291.02 2.31162261803e-06
291.03 2.30761024856e-06
291.04 2.30360838597e-06
291.05 2.29961699332e-06
291.06 2.29563603388e-06
291.07 2.29166547104e-06
291.08 2.28770526838e-06
291.09 2.28375538963e-06
291.1 2.27981579868e-06
291.11 2.27588645958e-06
291.12 2.27196733655e-06
291.13 2.26805839394e-06
291.14 2.26415959627e-06
291.15 2.26027090824e-06
291.16 2.25639229466e-06
291.17 2.25252372052e-06
291.18 2.24866515097e-06
291.19 2.24481655129e-06
291.2 2.24097788693e-06
291.21 2.23714912348e-06
291.22 2.23333022669e-06
291.23 2.22952116245e-06
291.24 2.22572189679e-06
291.25 2.22193239592e-06
291.26 2.21815262616e-06
291.27 2.21438255399e-06
291.28 2.21062214605e-06
291.29 2.2068713691e-06
291.3 2.20313019007e-06
291.31 2.199398576e-06
291.32 2.19567649409e-06
291.33 2.1919639117e-06
291.34 2.1882607963e-06
291.35 2.18456711552e-06
291.36 2.18088283712e-06
291.37 2.17720792899e-06
291.38 2.17354235917e-06
291.39 2.16988609585e-06
291.4 2.16623910734e-06
291.41 2.16260136207e-06
291.42 2.15897282864e-06
291.43 2.15535347576e-06
291.44 2.15174327228e-06
291.45 2.14814218719e-06
291.46 2.14455018959e-06
291.47 2.14096724875e-06
291.48 2.13739333403e-06
291.49 2.13382841495e-06
291.5 2.13027246114e-06
291.51 2.12672544237e-06
291.52 2.12318732853e-06
291.53 2.11965808966e-06
291.54 2.11613769589e-06
291.55 2.11262611751e-06
291.56 2.10912332491e-06
291.57 2.10562928862e-06
291.58 2.1021439793e-06
291.59 2.09866736771e-06
291.6 2.09519942476e-06
291.61 2.09174012146e-06
291.62 2.08828942896e-06
291.63 2.08484731852e-06
291.64 2.08141376152e-06
291.65 2.07798872947e-06
291.66 2.074572194e-06
291.67 2.07116412683e-06
291.68 2.06776449984e-06
291.69 2.064373285e-06
291.7 2.0609904544e-06
291.71 2.05761598026e-06
291.72 2.0542498349e-06
291.73 2.05089199077e-06
291.74 2.04754242042e-06
291.75 2.04420109652e-06
291.76 2.04086799186e-06
291.77 2.03754307933e-06
291.78 2.03422633194e-06
291.79 2.03091772283e-06
291.8 2.0276172252e-06
291.81 2.02432481242e-06
291.82 2.02104045794e-06
291.83 2.01776413531e-06
291.84 2.01449581821e-06
291.85 2.01123548042e-06
291.86 2.00798309583e-06
291.87 2.00473863843e-06
291.88 2.00150208233e-06
291.89 1.99827340174e-06
291.9 1.99505257097e-06
291.91 1.99183956444e-06
291.92 1.98863435668e-06
291.93 1.98543692231e-06
291.94 1.98224723607e-06
291.95 1.9790652728e-06
291.96 1.97589100744e-06
291.97 1.97272441501e-06
291.98 1.96956547068e-06
291.99 1.96641414968e-06
292.0 1.96327042736e-06
292.01 1.96013427917e-06
292.02 1.95700568064e-06
292.03 1.95388460742e-06
292.04 1.95077103526e-06
292.05 1.94766493999e-06
292.06 1.94456629756e-06
292.07 1.941475084e-06
292.08 1.93839127545e-06
292.09 1.93531484813e-06
292.1 1.93224577837e-06
292.11 1.92918404258e-06
292.12 1.9261296173e-06
292.13 1.92308247912e-06
292.14 1.92004260475e-06
292.15 1.917009971e-06
292.16 1.91398455474e-06
292.17 1.91096633296e-06
292.18 1.90795528274e-06
292.19 1.90495138126e-06
292.2 1.90195460575e-06
292.21 1.89896493359e-06
292.22 1.8959823422e-06
292.23 1.89300680912e-06
292.24 1.89003831196e-06
292.25 1.88707682844e-06
292.26 1.88412233636e-06
292.27 1.8811748136e-06
292.28 1.87823423813e-06
292.29 1.87530058802e-06
292.3 1.87237384142e-06
292.31 1.86945397656e-06
292.32 1.86654097176e-06
292.33 1.86363480543e-06
292.34 1.86073545606e-06
292.35 1.85784290224e-06
292.36 1.85495712261e-06
292.37 1.85207809594e-06
292.38 1.84920580105e-06
292.39 1.84634021685e-06
292.4 1.84348132234e-06
292.41 1.8406290966e-06
292.42 1.83778351879e-06
292.43 1.83494456816e-06
292.44 1.83211222403e-06
292.45 1.8292864658e-06
292.46 1.82646727296e-06
292.47 1.82365462508e-06
292.48 1.8208485018e-06
292.49 1.81804888285e-06
292.5 1.81525574804e-06
292.51 1.81246907725e-06
292.52 1.80968885044e-06
292.53 1.80691504766e-06
292.54 1.80414764901e-06
292.55 1.8013866347e-06
292.56 1.798631985e-06
292.57 1.79588368025e-06
292.58 1.79314170089e-06
292.59 1.7904060274e-06
292.6 1.78767664038e-06
292.61 1.78495352047e-06
292.62 1.7822366484e-06
292.63 1.77952600496e-06
292.64 1.77682157104e-06
292.65 1.77412332758e-06
292.66 1.7714312556e-06
292.67 1.7687453362e-06
292.68 1.76606555055e-06
292.69 1.76339187988e-06
292.7 1.76072430552e-06
292.71 1.75806280884e-06
292.72 1.7554073713e-06
292.73 1.75275797442e-06
292.74 1.75011459981e-06
292.75 1.74747722913e-06
292.76 1.74484584412e-06
292.77 1.74222042658e-06
292.78 1.7396009584e-06
292.79 1.73698742151e-06
292.8 1.73437979795e-06
292.81 1.73177806978e-06
292.82 1.72918221915e-06
292.83 1.7265922283e-06
292.84 1.72400807951e-06
292.85 1.72142975512e-06
292.86 1.71885723757e-06
292.87 1.71629050933e-06
292.88 1.71372955297e-06
292.89 1.7111743511e-06
292.9 1.70862488642e-06
292.91 1.70608114166e-06
292.92 1.70354309965e-06
292.93 1.70101074327e-06
292.94 1.69848405546e-06
292.95 1.69596301924e-06
292.96 1.69344761768e-06
292.97 1.69093783391e-06
292.98 1.68843365114e-06
292.99 1.68593505263e-06
293.0 1.6834420217e-06
293.01 1.68095454176e-06
293.02 1.67847259624e-06
293.03 1.67599616867e-06
293.04 1.67352524261e-06
293.05 1.67105980171e-06
293.06 1.66859982966e-06
293.07 1.66614531021e-06
293.08 1.6636962272e-06
293.09 1.6612525645e-06
293.1 1.65881430604e-06
293.11 1.65638143583e-06
293.12 1.65395393793e-06
293.13 1.65153179645e-06
293.14 1.64911499557e-06
293.15 1.64670351953e-06
293.16 1.64429735262e-06
293.17 1.64189647919e-06
293.18 1.63950088364e-06
293.19 1.63711055046e-06
293.2 1.63472546417e-06
293.21 1.63234560934e-06
293.22 1.62997097061e-06
293.23 1.62760153269e-06
293.24 1.62523728031e-06
293.25 1.6228781983e-06
293.26 1.62052427152e-06
293.27 1.61817548488e-06
293.28 1.61583182335e-06
293.29 1.61349327198e-06
293.3 1.61115981584e-06
293.31 1.60883144008e-06
293.32 1.60650812989e-06
293.33 1.60418987051e-06
293.34 1.60187664725e-06
293.35 1.59956844546e-06
293.36 1.59726525056e-06
293.37 1.594967048e-06
293.38 1.59267382331e-06
293.39 1.59038556205e-06
293.4 1.58810224983e-06
293.41 1.58582387234e-06
293.42 1.5835504153e-06
293.43 1.58128186449e-06
293.44 1.57901820573e-06
293.45 1.5767594249e-06
293.46 1.57450550794e-06
293.47 1.57225644083e-06
293.48 1.57001220959e-06
293.49 1.56777280032e-06
293.5 1.56553819915e-06
293.51 1.56330839226e-06
293.52 1.56108336588e-06
293.53 1.55886310629e-06
293.54 1.55664759984e-06
293.55 1.55443683289e-06
293.56 1.55223079189e-06
293.57 1.55002946331e-06
293.58 1.54783283367e-06
293.59 1.54564088956e-06
293.6 1.5434536176e-06
293.61 1.54127100446e-06
293.62 1.53909303686e-06
293.63 1.53691970157e-06
293.64 1.5347509854e-06
293.65 1.53258687522e-06
293.66 1.53042735792e-06
293.67 1.52827242048e-06
293.68 1.52612204989e-06
293.69 1.5239762332e-06
293.7 1.5218349575e-06
293.71 1.51969820993e-06
293.72 1.51756597769e-06
293.73 1.51543824799e-06
293.74 1.51331500812e-06
293.75 1.51119624541e-06
293.76 1.5090819472e-06
293.77 1.50697210093e-06
293.78 1.50486669404e-06
293.79 1.50276571403e-06
293.8 1.50066914846e-06
293.81 1.4985769849e-06
293.82 1.49648921099e-06
293.83 1.4944058144e-06
293.84 1.49232678286e-06
293.85 1.49025210413e-06
293.86 1.48818176601e-06
293.87 1.48611575635e-06
293.88 1.48405406305e-06
293.89 1.48199667403e-06
293.9 1.47994357727e-06
293.91 1.4778947608e-06
293.92 1.47585021266e-06
293.93 1.47380992097e-06
293.94 1.47177387387e-06
293.95 1.46974205953e-06
293.96 1.4677144662e-06
293.97 1.46569108212e-06
293.98 1.46367189563e-06
293.99 1.46165689505e-06
294.0 1.45964606878e-06
294.01 1.45763940526e-06
294.02 1.45563689295e-06
294.03 1.45363852036e-06
294.04 1.45164427604e-06
294.05 1.44965414858e-06
294.06 1.44766812662e-06
294.07 1.44568619881e-06
294.08 1.44370835388e-06
294.09 1.44173458056e-06
294.1 1.43976486764e-06
294.11 1.43779920395e-06
294.12 1.43583757835e-06
294.13 1.43387997974e-06
294.14 1.43192639706e-06
294.15 1.42997681929e-06
294.16 1.42803123545e-06
294.17 1.42608963459e-06
294.18 1.4241520058e-06
294.19 1.42221833821e-06
294.2 1.42028862099e-06
294.21 1.41836284334e-06
294.22 1.4164409945e-06
294.23 1.41452306375e-06
294.24 1.41260904041e-06
294.25 1.41069891381e-06
294.26 1.40879267336e-06
294.27 1.40689030847e-06
294.28 1.40499180861e-06
294.29 1.40309716327e-06
294.3 1.40120636197e-06
294.31 1.3993193943e-06
294.32 1.39743624984e-06
294.33 1.39555691824e-06
294.34 1.39368138917e-06
294.35 1.39180965234e-06
294.36 1.3899416975e-06
294.37 1.38807751441e-06
294.38 1.3862170929e-06
294.39 1.3843604228e-06
294.4 1.38250749401e-06
294.41 1.38065829643e-06
294.42 1.37881282002e-06
294.43 1.37697105476e-06
294.44 1.37513299066e-06
294.45 1.37329861779e-06
294.46 1.37146792622e-06
294.47 1.36964090607e-06
294.48 1.36781754749e-06
294.49 1.36599784067e-06
294.5 1.36418177583e-06
294.51 1.36236934321e-06
294.52 1.3605605331e-06
294.53 1.35875533582e-06
294.54 1.35695374171e-06
294.55 1.35515574115e-06
294.56 1.35336132456e-06
294.57 1.35157048238e-06
294.58 1.34978320509e-06
294.59 1.34799948319e-06
294.6 1.34621930723e-06
294.61 1.34444266778e-06
294.62 1.34266955544e-06
294.63 1.34089996085e-06
294.64 1.33913387468e-06
294.65 1.33737128761e-06
294.66 1.33561219038e-06
294.67 1.33385657374e-06
294.68 1.33210442849e-06
294.69 1.33035574545e-06
294.7 1.32861051546e-06
294.71 1.32686872941e-06
294.72 1.32513037821e-06
294.73 1.32339545279e-06
294.74 1.32166394414e-06
294.75 1.31993584324e-06
294.76 1.31821114114e-06
294.77 1.31648982888e-06
294.78 1.31477189757e-06
294.79 1.31305733832e-06
294.8 1.31134614227e-06
294.81 1.30963830061e-06
294.82 1.30793380454e-06
294.83 1.30623264529e-06
294.84 1.30453481414e-06
294.85 1.30284030237e-06
294.86 1.30114910131e-06
294.87 1.2994612023e-06
294.88 1.29777659672e-06
294.89 1.29609527598e-06
294.9 1.29441723152e-06
294.91 1.29274245479e-06
294.92 1.29107093729e-06
294.93 1.28940267053e-06
294.94 1.28773764606e-06
294.95 1.28607585546e-06
294.96 1.28441729032e-06
294.97 1.28276194228e-06
294.98 1.28110980299e-06
294.99 1.27946086412e-06
295.0 1.2778151174e-06
295.01 1.27617255455e-06
295.02 1.27453316735e-06
295.03 1.27289694758e-06
295.04 1.27126388705e-06
295.05 1.26963397762e-06
295.06 1.26800721114e-06
295.07 1.26638357953e-06
295.08 1.26476307469e-06
295.09 1.26314568858e-06
295.1 1.26153141317e-06
295.11 1.25992024046e-06
295.12 1.25831216248e-06
295.13 1.25670717128e-06
295.14 1.25510525894e-06
295.15 1.25350641755e-06
295.16 1.25191063926e-06
295.17 1.2503179162e-06
295.18 1.24872824056e-06
295.19 1.24714160455e-06
295.2 1.24555800039e-06
295.21 1.24397742033e-06
295.22 1.24239985666e-06
295.23 1.24082530167e-06
295.24 1.2392537477e-06
295.25 1.2376851871e-06
295.26 1.23611961224e-06
295.27 1.23455701553e-06
295.28 1.23299738939e-06
295.29 1.23144072627e-06
295.3 1.22988701864e-06
295.31 1.228336259e-06
295.32 1.22678843988e-06
295.33 1.22524355381e-06
295.34 1.22370159337e-06
295.35 1.22216255116e-06
295.36 1.22062641977e-06
295.37 1.21909319186e-06
295.38 1.21756286009e-06
295.39 1.21603541714e-06
295.4 1.21451085573e-06
295.41 1.21298916858e-06
295.42 1.21147034845e-06
295.43 1.20995438812e-06
295.44 1.20844128039e-06
295.45 1.20693101808e-06
295.46 1.20542359404e-06
295.47 1.20391900114e-06
295.48 1.20241723226e-06
295.49 1.20091828034e-06
295.5 1.19942213829e-06
295.51 1.19792879907e-06
295.52 1.19643825568e-06
295.53 1.1949505011e-06
295.54 1.19346552837e-06
295.55 1.19198333053e-06
295.56 1.19050390065e-06
295.57 1.18902723181e-06
295.58 1.18755331714e-06
295.59 1.18608214975e-06
295.6 1.18461372282e-06
295.61 1.1831480295e-06
295.62 1.181685063e-06
295.63 1.18022481654e-06
295.64 1.17876728336e-06
295.65 1.17731245671e-06
295.66 1.17586032988e-06
295.67 1.17441089617e-06
295.68 1.17296414891e-06
295.69 1.17152008143e-06
295.7 1.17007868711e-06
295.71 1.16863995932e-06
295.72 1.16720389147e-06
295.73 1.16577047699e-06
295.74 1.16433970933e-06
295.75 1.16291158195e-06
295.76 1.16148608834e-06
295.77 1.160063222e-06
295.78 1.15864297647e-06
295.79 1.15722534529e-06
295.8 1.15581032203e-06
295.81 1.15439790027e-06
295.82 1.15298807362e-06
295.83 1.15158083571e-06
295.84 1.15017618018e-06
295.85 1.1487741007e-06
295.86 1.14737459095e-06
295.87 1.14597764464e-06
295.88 1.1445832555e-06
295.89 1.14319141726e-06
295.9 1.14180212368e-06
295.91 1.14041536856e-06
295.92 1.13903114568e-06
295.93 1.13764944888e-06
295.94 1.13627027197e-06
295.95 1.13489360884e-06
295.96 1.13351945334e-06
295.97 1.13214779937e-06
295.98 1.13077864085e-06
295.99 1.12941197172e-06
296.0 1.12804778591e-06
296.01 1.12668607739e-06
296.02 1.12532684017e-06
296.03 1.12397006823e-06
296.04 1.1226157556e-06
296.05 1.12126389633e-06
296.06 1.11991448448e-06
296.07 1.11856751412e-06
296.08 1.11722297935e-06
296.09 1.11588087428e-06
296.1 1.11454119304e-06
296.11 1.11320392979e-06
296.12 1.11186907869e-06
296.13 1.11053663392e-06
296.14 1.10920658968e-06
296.15 1.10787894021e-06
296.16 1.10655367973e-06
296.17 1.10523080249e-06
296.18 1.10391030278e-06
296.19 1.10259217487e-06
296.2 1.10127641308e-06
296.21 1.09996301173e-06
296.22 1.09865196516e-06
296.23 1.09734326772e-06
296.24 1.0960369138e-06
296.25 1.09473289778e-06
296.26 1.09343121406e-06
296.27 1.09213185708e-06
296.28 1.09083482128e-06
296.29 1.08954010112e-06
296.3 1.08824769106e-06
296.31 1.0869575856e-06
296.32 1.08566977926e-06
296.33 1.08438426654e-06
296.34 1.083101042e-06
296.35 1.08182010019e-06
296.36 1.08054143569e-06
296.37 1.07926504307e-06
296.38 1.07799091695e-06
296.39 1.07671905196e-06
296.4 1.07544944272e-06
296.41 1.07418208388e-06
296.42 1.07291697013e-06
296.43 1.07165409614e-06
296.44 1.07039345662e-06
296.45 1.06913504627e-06
296.46 1.06787885985e-06
296.47 1.06662489208e-06
296.48 1.06537313773e-06
296.49 1.06412359159e-06
296.5 1.06287624845e-06
296.51 1.06163110311e-06
296.52 1.0603881504e-06
296.53 1.05914738517e-06
296.54 1.05790880226e-06
296.55 1.05667239655e-06
296.56 1.05543816293e-06
296.57 1.05420609629e-06
296.58 1.05297619154e-06
296.59 1.05174844363e-06
296.6 1.0505228475e-06
296.61 1.0492993981e-06
296.62 1.04807809041e-06
296.63 1.04685891943e-06
296.64 1.04564188015e-06
296.65 1.04442696759e-06
296.66 1.0432141768e-06
296.67 1.04200350281e-06
296.68 1.04079494069e-06
296.69 1.03958848552e-06
296.7 1.03838413239e-06
296.71 1.0371818764e-06
296.72 1.03598171268e-06
296.73 1.03478363636e-06
296.74 1.03358764259e-06
296.75 1.03239372652e-06
296.76 1.03120188335e-06
296.77 1.03001210825e-06
296.78 1.02882439644e-06
296.79 1.02763874313e-06
296.8 1.02645514356e-06
296.81 1.02527359297e-06
296.82 1.02409408662e-06
296.83 1.02291661978e-06
296.84 1.02174118775e-06
296.85 1.02056778583e-06
296.86 1.01939640932e-06
296.87 1.01822705356e-06
296.88 1.01705971389e-06
296.89 1.01589438567e-06
296.9 1.01473106427e-06
296.91 1.01356974506e-06
296.92 1.01241042344e-06
296.93 1.01125309482e-06
296.94 1.01009775463e-06
296.95 1.00894439829e-06
296.96 1.00779302126e-06
296.97 1.006643619e-06
296.98 1.00549618698e-06
296.99 1.00435072069e-06
297.0 1.00320721563e-06
297.01 1.00206566732e-06
297.02 1.00092607127e-06
297.03 9.99788423035e-07
297.04 9.98652718158e-07
297.05 9.97518952206e-07
297.06 9.96387120755e-07
297.07 9.95257219396e-07
297.08 9.9412924373e-07
297.09 9.93003189374e-07
297.1 9.91879051954e-07
297.11 9.9075682711e-07
297.12 9.89636510494e-07
297.13 9.88518097771e-07
297.14 9.87401584619e-07
297.15 9.86286966726e-07
297.16 9.85174239795e-07
297.17 9.84063399538e-07
297.18 9.82954441682e-07
297.19 9.81847361965e-07
297.2 9.80742156137e-07
297.21 9.7963881996e-07
297.22 9.78537349209e-07
297.23 9.7743773967e-07
297.24 9.76339987141e-07
297.25 9.75244087432e-07
297.26 9.74150036365e-07
297.27 9.73057829773e-07
297.28 9.71967463502e-07
297.29 9.7087893341e-07
297.3 9.69792235364e-07
297.31 9.68707365245e-07
297.32 9.67624318946e-07
297.33 9.6654309237e-07
297.34 9.65463681432e-07
297.35 9.64386082059e-07
297.36 9.63310290189e-07
297.37 9.62236301772e-07
297.38 9.61164112768e-07
297.39 9.60093719149e-07
297.4 9.590251169e-07
297.41 9.57958302014e-07
297.42 9.56893270498e-07
297.43 9.5583001837e-07
297.44 9.54768541656e-07
297.45 9.53708836397e-07
297.46 9.52650898643e-07
297.47 9.51594724456e-07
297.48 9.50540309909e-07
297.49 9.49487651083e-07
297.5 9.48436744075e-07
297.51 9.47387584989e-07
297.52 9.46340169941e-07
297.53 9.45294495058e-07
297.54 9.44250556479e-07
297.55 9.4320835035e-07
297.56 9.42167872832e-07
297.57 9.41129120095e-07
297.58 9.40092088318e-07
297.59 9.39056773693e-07
297.6 9.38023172421e-07
297.61 9.36991280714e-07
297.62 9.35961094795e-07
297.63 9.34932610898e-07
297.64 9.33905825264e-07
297.65 9.32880734149e-07
297.66 9.31857333817e-07
297.67 9.30835620542e-07
297.68 9.29815590608e-07
297.69 9.28797240311e-07
297.7 9.27780565957e-07
297.71 9.2676556386e-07
297.72 9.25752230346e-07
297.73 9.24740561751e-07
297.74 9.23730554421e-07
297.75 9.22722204711e-07
297.76 9.21715508987e-07
297.77 9.20710463626e-07
297.78 9.19707065012e-07
297.79 9.18705309542e-07
297.8 9.17705193621e-07
297.81 9.16706713664e-07
297.82 9.15709866097e-07
297.83 9.14714647355e-07
297.84 9.13721053883e-07
297.85 9.12729082134e-07
297.86 9.11738728574e-07
297.87 9.10749989675e-07
297.88 9.09762861922e-07
297.89 9.08777341807e-07
297.9 9.07793425834e-07
297.91 9.06811110513e-07
297.92 9.05830392367e-07
297.93 9.04851267927e-07
297.94 9.03873733734e-07
297.95 9.02897786336e-07
297.96 9.01923422295e-07
297.97 9.00950638178e-07
297.98 8.99979430562e-07
297.99 8.99009796037e-07
298.0 8.98041731197e-07
298.01 8.97075232649e-07
298.02 8.96110297008e-07
298.03 8.95146920897e-07
298.04 8.94185100951e-07
298.05 8.9322483381e-07
298.06 8.92266116127e-07
298.07 8.91308944562e-07
298.08 8.90353315785e-07
298.09 8.89399226474e-07
298.1 8.88446673315e-07
298.11 8.87495653007e-07
298.12 8.86546162253e-07
298.13 8.85598197769e-07
298.14 8.84651756276e-07
298.15 8.83706834506e-07
298.16 8.82763429201e-07
298.17 8.81821537109e-07
298.18 8.80881154989e-07
298.19 8.79942279606e-07
298.2 8.79004907737e-07
298.21 8.78069036166e-07
298.22 8.77134661684e-07
298.23 8.76201781094e-07
298.24 8.75270391205e-07
298.25 8.74340488835e-07
298.26 8.73412070812e-07
298.27 8.7248513397e-07
298.28 8.71559675153e-07
298.29 8.70635691214e-07
298.3 8.69713179012e-07
298.31 8.68792135417e-07
298.32 8.67872557307e-07
298.33 8.66954441566e-07
298.34 8.66037785089e-07
298.35 8.65122584777e-07
298.36 8.64208837542e-07
298.37 8.63296540301e-07
298.38 8.62385689982e-07
298.39 8.61476283519e-07
298.4 8.60568317855e-07
298.41 8.59661789942e-07
298.42 8.58756696739e-07
298.43 8.57853035213e-07
298.44 8.56950802339e-07
298.45 8.56049995101e-07
298.46 8.5515061049e-07
298.47 8.54252645505e-07
298.48 8.53356097154e-07
298.49 8.52460962451e-07
298.5 8.5156723842e-07
298.51 8.50674922091e-07
298.52 8.49784010503e-07
298.53 8.48894500702e-07
298.54 8.48006389743e-07
298.55 8.47119674687e-07
298.56 8.46234352605e-07
298.57 8.45350420572e-07
298.58 8.44467875676e-07
298.59 8.43586715008e-07
298.6 8.42706935669e-07
298.61 8.41828534766e-07
298.62 8.40951509416e-07
298.63 8.4007585674e-07
298.64 8.39201573871e-07
298.65 8.38328657946e-07
298.66 8.37457106111e-07
298.67 8.36586915518e-07
298.68 8.35718083329e-07
298.69 8.34850606711e-07
298.7 8.3398448284e-07
298.71 8.33119708898e-07
298.72 8.32256282075e-07
298.73 8.31394199569e-07
298.74 8.30533458585e-07
298.75 8.29674056335e-07
298.76 8.28815990037e-07
298.77 8.27959256918e-07
298.78 8.27103854212e-07
298.79 8.26249779159e-07
298.8 8.25397029008e-07
298.81 8.24545601015e-07
298.82 8.2369549244e-07
298.83 8.22846700553e-07
298.84 8.21999222632e-07
298.85 8.21153055959e-07
298.86 8.20308197825e-07
298.87 8.19464645528e-07
298.88 8.18622396372e-07
298.89 8.17781447669e-07
298.9 8.16941796736e-07
298.91 8.161034409e-07
298.92 8.15266377493e-07
298.93 8.14430603853e-07
298.94 8.13596117328e-07
298.95 8.12762915269e-07
298.96 8.11930995037e-07
298.97 8.11100353997e-07
298.98 8.10270989524e-07
298.99 8.09442898997e-07
299.0 8.08616079802e-07
299.01 8.07790529334e-07
299.02 8.06966244993e-07
299.03 8.06143224184e-07
299.04 8.05321464323e-07
299.05 8.04500962828e-07
299.06 8.03681717127e-07
299.07 8.02863724652e-07
299.08 8.02046982844e-07
299.09 8.0123148915e-07
299.1 8.00417241021e-07
299.11 7.99604235917e-07
299.12 7.98792471305e-07
299.13 7.97981944657e-07
299.14 7.97172653451e-07
299.15 7.96364595173e-07
299.16 7.95557767314e-07
299.17 7.94752167373e-07
299.18 7.93947792854e-07
299.19 7.93144641268e-07
299.2 7.92342710131e-07
299.21 7.91541996968e-07
299.22 7.90742499308e-07
299.23 7.89944214688e-07
299.24 7.89147140648e-07
299.25 7.88351274738e-07
299.26 7.87556614513e-07
299.27 7.86763157533e-07
299.28 7.85970901366e-07
299.29 7.85179843585e-07
299.3 7.84389981768e-07
299.31 7.83601313502e-07
299.32 7.82813836378e-07
299.33 7.82027547995e-07
299.34 7.81242445954e-07
299.35 7.80458527867e-07
299.36 7.7967579135e-07
299.37 7.78894234023e-07
299.38 7.78113853516e-07
299.39 7.77334647461e-07
299.4 7.76556613499e-07
299.41 7.75779749274e-07
299.42 7.7500405244e-07
299.43 7.74229520653e-07
299.44 7.73456151577e-07
299.45 7.7268394288e-07
299.46 7.71912892239e-07
299.47 7.71142997334e-07
299.48 7.70374255852e-07
299.49 7.69606665485e-07
299.5 7.68840223932e-07
299.51 7.68074928897e-07
299.52 7.6731077809e-07
299.53 7.66547769226e-07
299.54 7.65785900026e-07
299.55 7.65025168219e-07
299.56 7.64265571535e-07
299.57 7.63507107714e-07
299.58 7.627497745e-07
299.59 7.61993569642e-07
299.6 7.61238490895e-07
299.61 7.6048453602e-07
299.62 7.59731702783e-07
299.63 7.58979988957e-07
299.64 7.58229392319e-07
299.65 7.57479910652e-07
299.66 7.56731541744e-07
299.67 7.55984283389e-07
299.68 7.55238133387e-07
299.69 7.54493089543e-07
299.7 7.53749149666e-07
299.71 7.53006311574e-07
299.72 7.52264573086e-07
299.73 7.5152393203e-07
299.74 7.50784386237e-07
299.75 7.50045933546e-07
299.76 7.49308571798e-07
299.77 7.48572298841e-07
299.78 7.47837112529e-07
299.79 7.47103010721e-07
299.8 7.4636999128e-07
299.81 7.45638052076e-07
299.82 7.44907190983e-07
299.83 7.4417740588e-07
299.84 7.43448694653e-07
299.85 7.42721055191e-07
299.86 7.4199448539e-07
299.87 7.41268983151e-07
299.88 7.40544546378e-07
299.89 7.39821172983e-07
299.9 7.39098860882e-07
299.91 7.38377607995e-07
299.92 7.37657412248e-07
299.93 7.36938271574e-07
299.94 7.36220183907e-07
299.95 7.3550314719e-07
299.96 7.34787159368e-07
299.97 7.34072218393e-07
299.98 7.33358322222e-07
299.99 7.32645468815e-07
