270.0 1.16081168086e-05
270.01 1.16304270455e-05
270.02 1.16528016653e-05
270.03 1.16752409162e-05
270.04 1.16977450472e-05
270.05 1.17203143088e-05
270.06 1.17429489525e-05
270.07 1.17656492311e-05
270.08 1.17884153988e-05
270.09 1.18112477106e-05
270.1 1.18341464232e-05
270.11 1.18571117942e-05
270.12 1.18801440827e-05
270.13 1.19032435489e-05
270.14 1.19264104543e-05
270.15 1.19496450617e-05
270.16 1.19729476351e-05
270.17 1.199631844e-05
270.18 1.2019757743e-05
270.19 1.20432658121e-05
270.2 1.20668429165e-05
270.21 1.20904893268e-05
270.22 1.21142053149e-05
270.23 1.21379911542e-05
270.24 1.21618471191e-05
270.25 1.21857734856e-05
270.26 1.22097705311e-05
270.27 1.22338385343e-05
270.28 1.22579777751e-05
270.29 1.22821885349e-05
270.3 1.23064710967e-05
270.31 1.23308257447e-05
270.32 1.23552527644e-05
270.33 1.23797524429e-05
270.34 1.24043250688e-05
270.35 1.24289709318e-05
270.36 1.24536903233e-05
270.37 1.24784835362e-05
270.38 1.25033508647e-05
270.39 1.25282926045e-05
270.4 1.25533090528e-05
270.41 1.25784005083e-05
270.42 1.26035672711e-05
270.43 1.26288096431e-05
270.44 1.26541279273e-05
270.45 1.26795224284e-05
270.46 1.27049934528e-05
270.47 1.27305413081e-05
270.48 1.27561663038e-05
270.49 1.27818687508e-05
270.5 1.28076489614e-05
270.51 1.28335072497e-05
270.52 1.28594439315e-05
270.53 1.28854593238e-05
270.54 1.29115537455e-05
270.55 1.2937727517e-05
270.56 1.29639809605e-05
270.57 1.29903143997e-05
270.58 1.30167281598e-05
270.59 1.30432225679e-05
270.6 1.30697979527e-05
270.61 1.30964546445e-05
270.62 1.31231929754e-05
270.63 1.3150013279e-05
270.64 1.3176915891e-05
270.65 1.32039011483e-05
270.66 1.32309693899e-05
270.67 1.32581209564e-05
270.68 1.32853561902e-05
270.69 1.33126754354e-05
270.7 1.3340079038e-05
270.71 1.33675673456e-05
270.72 1.33951407077e-05
270.73 1.34227994756e-05
270.74 1.34505440025e-05
270.75 1.34783746431e-05
270.76 1.35062917544e-05
270.77 1.35342956949e-05
270.78 1.35623868251e-05
270.79 1.35905655073e-05
270.8 1.36188321059e-05
270.81 1.36471869868e-05
270.82 1.36756305183e-05
270.83 1.37041630702e-05
270.84 1.37327850144e-05
270.85 1.37614967248e-05
270.86 1.37902985772e-05
270.87 1.38191909492e-05
270.88 1.38481742208e-05
270.89 1.38772487736e-05
270.9 1.39064149913e-05
270.91 1.39356732598e-05
270.92 1.39650239667e-05
270.93 1.39944675021e-05
270.94 1.40240042577e-05
270.95 1.40536346275e-05
270.96 1.40833590076e-05
270.97 1.41131777961e-05
270.98 1.41430913933e-05
270.99 1.41731002016e-05
271.0 1.42032046254e-05
271.01 1.42334050715e-05
271.02 1.42637019487e-05
271.03 1.42940956681e-05
271.04 1.43245866427e-05
271.05 1.43551752881e-05
271.06 1.43858620218e-05
271.07 1.44166472637e-05
271.08 1.44475314361e-05
271.09 1.44785149631e-05
271.1 1.45095982715e-05
271.11 1.45407817903e-05
271.12 1.45720659506e-05
271.13 1.46034511861e-05
271.14 1.46349379328e-05
271.15 1.46665266288e-05
271.16 1.46982177148e-05
271.17 1.47300116339e-05
271.18 1.47619088315e-05
271.19 1.47939097553e-05
271.2 1.48260148558e-05
271.21 1.48582245855e-05
271.22 1.48905393997e-05
271.23 1.4922959756e-05
271.24 1.49554861146e-05
271.25 1.49881189381e-05
271.26 1.50208586917e-05
271.27 1.50537058432e-05
271.28 1.50866608628e-05
271.29 1.51197242235e-05
271.3 1.51528964006e-05
271.31 1.51861778723e-05
271.32 1.52195691193e-05
271.33 1.52530706249e-05
271.34 1.5286682875e-05
271.35 1.53204063586e-05
271.36 1.53542415668e-05
271.37 1.53881889938e-05
271.38 1.54222491365e-05
271.39 1.54564224945e-05
271.4 1.54907095702e-05
271.41 1.55251108686e-05
271.42 1.55596268978e-05
271.43 1.55942581686e-05
271.44 1.56290051945e-05
271.45 1.56638684922e-05
271.46 1.5698848581e-05
271.47 1.57339459832e-05
271.48 1.5769161224e-05
271.49 1.58044948317e-05
271.5 1.58399473372e-05
271.51 1.58755192747e-05
271.52 1.59112111814e-05
271.53 1.59470235973e-05
271.54 1.59829570657e-05
271.55 1.60190121327e-05
271.56 1.60551893478e-05
271.57 1.60914892633e-05
271.58 1.61279124348e-05
271.59 1.6164459421e-05
271.6 1.62011307838e-05
271.61 1.62379270882e-05
271.62 1.62748489026e-05
271.63 1.63118967985e-05
271.64 1.63490713506e-05
271.65 1.63863731369e-05
271.66 1.64238027389e-05
271.67 1.64613607412e-05
271.68 1.64990477319e-05
271.69 1.65368643023e-05
271.7 1.65748110473e-05
271.71 1.6612888565e-05
271.72 1.66510974571e-05
271.73 1.66894383287e-05
271.74 1.67279117885e-05
271.75 1.67665184485e-05
271.76 1.68052589243e-05
271.77 1.68441338353e-05
271.78 1.68831438042e-05
271.79 1.69222894574e-05
271.8 1.6961571425e-05
271.81 1.70009903406e-05
271.82 1.70405468418e-05
271.83 1.70802415695e-05
271.84 1.71200751686e-05
271.85 1.71600482879e-05
271.86 1.72001615795e-05
271.87 1.72404156999e-05
271.88 1.7280811309e-05
271.89 1.73213490709e-05
271.9 1.73620296532e-05
271.91 1.74028537279e-05
271.92 1.74438219707e-05
271.93 1.74849350612e-05
271.94 1.75261936832e-05
271.95 1.75675985244e-05
271.96 1.76091502767e-05
271.97 1.7650849636e-05
271.98 1.76926973023e-05
271.99 1.77346939799e-05
272.0 1.77768403771e-05
272.01 1.78191372065e-05
272.02 1.78615851851e-05
272.03 1.79041850339e-05
272.04 1.79469374784e-05
272.05 1.79898432483e-05
272.06 1.80329030778e-05
272.07 1.80761177054e-05
272.08 1.81194878741e-05
272.09 1.81630143313e-05
272.1 1.82066978291e-05
272.11 1.82505391237e-05
272.12 1.82945389763e-05
272.13 1.83386981525e-05
272.14 1.83830174225e-05
272.15 1.84274975612e-05
272.16 1.84721393483e-05
272.17 1.8516943568e-05
272.18 1.85619110094e-05
272.19 1.86070424665e-05
272.2 1.86523387379e-05
272.21 1.86978006273e-05
272.22 1.87434289431e-05
272.23 1.87892244988e-05
272.24 1.88351881129e-05
272.25 1.88813206087e-05
272.26 1.89276228147e-05
272.27 1.89740955645e-05
272.28 1.90207396967e-05
272.29 1.90675560553e-05
272.3 1.91145454893e-05
272.31 1.9161708853e-05
272.32 1.92090470059e-05
272.33 1.9256560813e-05
272.34 1.93042511445e-05
272.35 1.9352118876e-05
272.36 1.94001648887e-05
272.37 1.94483900691e-05
272.38 1.94967953092e-05
272.39 1.95453815068e-05
272.4 1.9594149565e-05
272.41 1.96431003928e-05
272.42 1.96922349047e-05
272.43 1.9741554021e-05
272.44 1.97910586679e-05
272.45 1.98407497771e-05
272.46 1.98906282864e-05
272.47 1.99406951396e-05
272.48 1.99909512861e-05
272.49 2.00413976816e-05
272.5 2.00920352877e-05
272.51 2.01428650722e-05
272.52 2.01938880089e-05
272.53 2.02451050778e-05
272.54 2.02965172652e-05
272.55 2.03481255635e-05
272.56 2.03999309717e-05
272.57 2.0451934495e-05
272.58 2.05041371449e-05
272.59 2.05565399397e-05
272.6 2.06091439038e-05
272.61 2.06619500685e-05
272.62 2.07149594716e-05
272.63 2.07681731576e-05
272.64 2.08215921776e-05
272.65 2.08752175896e-05
272.66 2.09290504584e-05
272.67 2.09830918556e-05
272.68 2.10373428598e-05
272.69 2.10918045567e-05
272.7 2.11464780388e-05
272.71 2.12013644058e-05
272.72 2.12564647646e-05
272.73 2.13117802292e-05
272.74 2.1367311921e-05
272.75 2.14230609686e-05
272.76 2.14790285081e-05
272.77 2.15352156828e-05
272.78 2.15916236437e-05
272.79 2.16482535493e-05
272.8 2.17051065657e-05
272.81 2.17621838667e-05
272.82 2.18194866337e-05
272.83 2.18770160562e-05
272.84 2.19347733311e-05
272.85 2.19927596637e-05
272.86 2.20509762668e-05
272.87 2.21094243617e-05
272.88 2.21681051775e-05
272.89 2.22270199516e-05
272.9 2.22861699296e-05
272.91 2.23455563653e-05
272.92 2.24051805212e-05
272.93 2.24650436678e-05
272.94 2.25251470844e-05
272.95 2.25854920587e-05
272.96 2.26460798873e-05
272.97 2.27069118753e-05
272.98 2.27679893365e-05
272.99 2.28293135938e-05
273.0 2.28908859788e-05
273.01 2.29527078323e-05
273.02 2.3014780504e-05
273.03 2.30771053528e-05
273.04 2.31396837469e-05
273.05 2.32025170637e-05
273.06 2.326560669e-05
273.07 2.3328954022e-05
273.08 2.33925604655e-05
273.09 2.34564274358e-05
273.1 2.3520556358e-05
273.11 2.35849486669e-05
273.12 2.36496058072e-05
273.13 2.37145292333e-05
273.14 2.37797204099e-05
273.15 2.38451808117e-05
273.16 2.39109119233e-05
273.17 2.39769152401e-05
273.18 2.40431922672e-05
273.19 2.41097445206e-05
273.2 2.41765735266e-05
273.21 2.42436808223e-05
273.22 2.43110679551e-05
273.23 2.43787364836e-05
273.24 2.4446687977e-05
273.25 2.45149240155e-05
273.26 2.45834461905e-05
273.27 2.46522561044e-05
273.28 2.47213553708e-05
273.29 2.47907456148e-05
273.3 2.48604284727e-05
273.31 2.49304055926e-05
273.32 2.50006786341e-05
273.33 2.50712492683e-05
273.34 2.51421191784e-05
273.35 2.52132900596e-05
273.36 2.52847636187e-05
273.37 2.5356541575e-05
273.38 2.542862566e-05
273.39 2.55010176173e-05
273.4 2.55737192031e-05
273.41 2.56467321861e-05
273.42 2.57200583478e-05
273.43 2.57936994823e-05
273.44 2.58676573965e-05
273.45 2.59419339105e-05
273.46 2.60165308574e-05
273.47 2.60914500834e-05
273.48 2.61666934481e-05
273.49 2.62422628246e-05
273.5 2.63181600995e-05
273.51 2.63943871731e-05
273.52 2.64709459595e-05
273.53 2.65478383865e-05
273.54 2.66250663963e-05
273.55 2.6702631945e-05
273.56 2.67805370031e-05
273.57 2.68587835554e-05
273.58 2.69373736012e-05
273.59 2.70163091547e-05
273.6 2.70955922446e-05
273.61 2.71752249148e-05
273.62 2.7255209224e-05
273.63 2.73355472462e-05
273.64 2.74162410707e-05
273.65 2.74972928023e-05
273.66 2.75787045613e-05
273.67 2.76604784839e-05
273.68 2.7742616722e-05
273.69 2.78251214436e-05
273.7 2.79079948327e-05
273.71 2.79912390899e-05
273.72 2.80748564321e-05
273.73 2.81588490926e-05
273.74 2.82432193218e-05
273.75 2.83279693868e-05
273.76 2.84131015717e-05
273.77 2.84986181779e-05
273.78 2.85845215241e-05
273.79 2.86708139467e-05
273.8 2.87574977995e-05
273.81 2.88445754543e-05
273.82 2.89320493009e-05
273.83 2.90199217471e-05
273.84 2.91081952194e-05
273.85 2.91968721623e-05
273.86 2.92859550394e-05
273.87 2.93754463329e-05
273.88 2.9465348544e-05
273.89 2.95556641933e-05
273.9 2.96463958206e-05
273.91 2.97375459852e-05
273.92 2.98291172662e-05
273.93 2.99211122627e-05
273.94 3.00135335936e-05
273.95 3.01063838985e-05
273.96 3.01996658371e-05
273.97 3.02933820898e-05
273.98 3.03875353582e-05
273.99 3.04821283644e-05
274.0 3.05771638523e-05
274.01 3.06726445868e-05
274.02 3.07685733547e-05
274.03 3.08649529645e-05
274.04 3.09617862469e-05
274.05 3.10590760547e-05
274.06 3.11568252633e-05
274.07 3.12550367708e-05
274.08 3.13537134981e-05
274.09 3.14528583891e-05
274.1 3.15524744115e-05
274.11 3.1652564556e-05
274.12 3.17531318375e-05
274.13 3.18541792947e-05
274.14 3.19557099906e-05
274.15 3.20577270127e-05
274.16 3.21602334732e-05
274.17 3.22632325092e-05
274.18 3.23667272831e-05
274.19 3.24707209826e-05
274.2 3.25752168212e-05
274.21 3.26802180383e-05
274.22 3.27857278993e-05
274.23 3.28917496964e-05
274.24 3.29982867481e-05
274.25 3.31053424001e-05
274.26 3.32129200253e-05
274.27 3.3321023024e-05
274.28 3.34296548243e-05
274.29 3.35388188823e-05
274.3 3.36485186823e-05
274.31 3.37587577375e-05
274.32 3.38695395896e-05
274.33 3.39808678096e-05
274.34 3.40927459979e-05
274.35 3.42051777848e-05
274.36 3.43181668303e-05
274.37 3.4431716825e-05
274.38 3.454583149e-05
274.39 3.46605145774e-05
274.4 3.47757698703e-05
274.41 3.48916011838e-05
274.42 3.50080123643e-05
274.43 3.51250072909e-05
274.44 3.5242589875e-05
274.45 3.53607640607e-05
274.46 3.54795338256e-05
274.47 3.55989031804e-05
274.48 3.571887617e-05
274.49 3.58394568733e-05
274.5 3.59606494038e-05
274.51 3.60824579098e-05
274.52 3.62048865751e-05
274.53 3.63279396188e-05
274.54 3.64516212962e-05
274.55 3.65759358987e-05
274.56 3.67008877547e-05
274.57 3.68264812294e-05
274.58 3.69527207257e-05
274.59 3.70796106843e-05
274.6 3.72071555841e-05
274.61 3.73353599426e-05
274.62 3.74642283166e-05
274.63 3.75937653021e-05
274.64 3.7723975535e-05
274.65 3.78548636916e-05
274.66 3.79864344888e-05
274.67 3.81186926847e-05
274.68 3.8251643079e-05
274.69 3.83852905132e-05
274.7 3.85196398715e-05
274.71 3.86546960809e-05
274.72 3.87904641116e-05
274.73 3.89269489778e-05
274.74 3.90641557379e-05
274.75 3.92020894949e-05
274.76 3.93407553973e-05
274.77 3.9480158639e-05
274.78 3.96203044604e-05
274.79 3.97611981482e-05
274.8 3.99028450366e-05
274.81 4.00452505073e-05
274.82 4.01884199903e-05
274.83 4.03323589643e-05
274.84 4.04770729573e-05
274.85 4.06225675468e-05
274.86 4.0768848361e-05
274.87 4.09159210788e-05
274.88 4.10637914304e-05
274.89 4.12124651982e-05
274.9 4.13619482169e-05
274.91 4.15122463746e-05
274.92 4.16633656129e-05
274.93 4.18153119278e-05
274.94 4.196809137e-05
274.95 4.2121710046e-05
274.96 4.22761741181e-05
274.97 4.24314898057e-05
274.98 4.25876633851e-05
274.99 4.27447011909e-05
275.0 4.29026096163e-05
275.01 4.30613951138e-05
275.02 4.32210641958e-05
275.03 4.33816234353e-05
275.04 4.35430794667e-05
275.05 4.37054389863e-05
275.06 4.38687087531e-05
275.07 4.40328955897e-05
275.08 4.41980063826e-05
275.09 4.43640480831e-05
275.1 4.45310277083e-05
275.11 4.46989523415e-05
275.12 4.4867829133e-05
275.13 4.5037665301e-05
275.14 4.52084681324e-05
275.15 4.53802449835e-05
275.16 4.55530032806e-05
275.17 4.57267505213e-05
275.18 4.59014942747e-05
275.19 4.60772421829e-05
275.2 4.62540019612e-05
275.21 4.64317813994e-05
275.22 4.66105883625e-05
275.23 4.67904307915e-05
275.24 4.69713167045e-05
275.25 4.71532541973e-05
275.26 4.73362514447e-05
275.27 4.7520316701e-05
275.28 4.77054583011e-05
275.29 4.78916846618e-05
275.3 4.80790042822e-05
275.31 4.82674257449e-05
275.32 4.84569577172e-05
275.33 4.86476089517e-05
275.34 4.88393882877e-05
275.35 4.90323046521e-05
275.36 4.92263670603e-05
275.37 4.94215846173e-05
275.38 4.9617966519e-05
275.39 4.98155220531e-05
275.4 5.00142606003e-05
275.41 5.02141916351e-05
275.42 5.04153247276e-05
275.43 5.0617669544e-05
275.44 5.08212358479e-05
275.45 5.1026033502e-05
275.46 5.12320724685e-05
275.47 5.14393628111e-05
275.48 5.16479146956e-05
275.49 5.18577383914e-05
275.5 5.20688442732e-05
275.51 5.22812428213e-05
275.52 5.2494944624e-05
275.53 5.27099603782e-05
275.54 5.29263008909e-05
275.55 5.3143977081e-05
275.56 5.33629999799e-05
275.57 5.35833807336e-05
275.58 5.38051306038e-05
275.59 5.40282609695e-05
275.6 5.42527833283e-05
275.61 5.4478709298e-05
275.62 5.47060506183e-05
275.63 5.49348191517e-05
275.64 5.51650268861e-05
275.65 5.53966859352e-05
275.66 5.56298085411e-05
275.67 5.58644070754e-05
275.68 5.61004940409e-05
275.69 5.63380820735e-05
275.7 5.65771839437e-05
275.71 5.68178125584e-05
275.72 5.70599809626e-05
275.73 5.73037023414e-05
275.74 5.75489900215e-05
275.75 5.77958574734e-05
275.76 5.80443183127e-05
275.77 5.82943863027e-05
275.78 5.85460753559e-05
275.79 5.87993995359e-05
275.8 5.90543730596e-05
275.81 5.93110102993e-05
275.82 5.95693257844e-05
275.83 5.98293342035e-05
275.84 6.00910504071e-05
275.85 6.0354489409e-05
275.86 6.06196663889e-05
275.87 6.08865966944e-05
275.88 6.11552958435e-05
275.89 6.14257795265e-05
275.9 6.16980636089e-05
275.91 6.19721641331e-05
275.92 6.22480973211e-05
275.93 6.2525879577e-05
275.94 6.28055274895e-05
275.95 6.3087057834e-05
275.96 6.33704875757e-05
275.97 6.36558338718e-05
275.98 6.39431140743e-05
275.99 6.42323457325e-05
276.0 6.4523546596e-05
276.01 6.48167346172e-05
276.02 6.51119279542e-05
276.03 6.54091449738e-05
276.04 6.57084042539e-05
276.05 6.60097245872e-05
276.06 6.63131249834e-05
276.07 6.66186246729e-05
276.08 6.69262431095e-05
276.09 6.72359999737e-05
276.1 6.75479151756e-05
276.11 6.78620088587e-05
276.12 6.81783014028e-05
276.13 6.84968134273e-05
276.14 6.88175657949e-05
276.15 6.91405796148e-05
276.16 6.94658762466e-05
276.17 6.97934773034e-05
276.18 7.01234046557e-05
276.19 7.04556804352e-05
276.2 7.07903270383e-05
276.21 7.11273671304e-05
276.22 7.14668236492e-05
276.23 7.18087198091e-05
276.24 7.21530791052e-05
276.25 7.24999253171e-05
276.26 7.28492825136e-05
276.27 7.32011750563e-05
276.28 7.35556276046e-05
276.29 7.39126651196e-05
276.3 7.42723128687e-05
276.31 7.46345964303e-05
276.32 7.49995416985e-05
276.33 7.53671748873e-05
276.34 7.5737522536e-05
276.35 7.61106115139e-05
276.36 7.64864690251e-05
276.37 7.68651226136e-05
276.38 7.72466001686e-05
276.39 7.763092993e-05
276.4 7.80181404928e-05
276.41 7.84082608137e-05
276.42 7.88013202159e-05
276.43 7.91973483948e-05
276.44 7.95963754239e-05
276.45 7.99984317609e-05
276.46 8.04035482529e-05
276.47 8.08117561432e-05
276.48 8.12230870771e-05
276.49 8.16375731082e-05
276.5 8.20552467051e-05
276.51 8.24761407574e-05
276.52 8.29002885827e-05
276.53 8.33277239334e-05
276.54 8.37584810034e-05
276.55 8.41925944352e-05
276.56 8.46300993271e-05
276.57 8.50710312405e-05
276.58 8.55154262071e-05
276.59 8.59633207368e-05
276.6 8.64147518254e-05
276.61 8.68697569621e-05
276.62 8.73283741379e-05
276.63 8.77906418535e-05
276.64 8.82565991279e-05
276.65 8.87262855067e-05
276.66 8.91997410708e-05
276.67 8.96770064454e-05
276.68 9.01581228085e-05
276.69 9.06431319007e-05
276.7 9.11320760342e-05
276.71 9.16249981026e-05
276.72 9.21219415902e-05
276.73 9.26229505825e-05
276.74 9.31280697757e-05
276.75 9.36373444878e-05
276.76 9.41508206684e-05
276.77 9.466854491e-05
276.78 9.51905644586e-05
276.79 9.57169272254e-05
276.8 9.62476817976e-05
276.81 9.67828774505e-05
276.82 9.73225641595e-05
276.83 9.78667926117e-05
276.84 9.84156142192e-05
276.85 9.89690811309e-05
276.86 9.95272462459e-05
276.87 0.000100090163227
276.88 0.000100657886513
276.89 0.000101230471334
276.9 0.000101807973724
276.91 0.000102390450538
276.92 0.000102977959464
276.93 0.000103570559036
276.94 0.000104168308656
276.95 0.000104771268605
276.96 0.000105379500057
276.97 0.000105993065102
276.98 0.000106612026757
276.99 0.000107236448985
277.0 0.000107866396712
277.01 0.000108501935848
277.02 0.000109143133299
277.03 0.000109790056992
277.04 0.000110442775892
277.05 0.000111101360018
277.06 0.000111765880468
277.07 0.000112436409439
277.08 0.000113113020244
277.09 0.000113795787336
277.1 0.000114484786332
277.11 0.000115180094032
277.12 0.000115881788443
277.13 0.000116589948802
277.14 0.000117304655603
277.15 0.000118025990619
277.16 0.000118754036926
277.17 0.000119488878934
277.18 0.000120230602407
277.19 0.000120979294495
277.2 0.000121735043761
277.21 0.000122497940206
277.22 0.000123268075304
277.23 0.000124045542028
277.24 0.000124830434881
277.25 0.000125622849928
277.26 0.00012642288483
277.27 0.000127230638875
277.28 0.000128046213012
277.29 0.000128869709889
277.3 0.000129701233882
277.31 0.000130540891141
277.32 0.00013138878962
277.33 0.00013224503912
277.34 0.000133109751326
277.35 0.000133983039851
277.36 0.000134865020275
277.37 0.000135755810191
277.38 0.000136655529246
277.39 0.00013756429919
277.4 0.00013848224392
277.41 0.000139409489529
277.42 0.000140346164359
277.43 0.000141292399045
277.44 0.000142248326575
277.45 0.000143214082337
277.46 0.00014418980418
277.47 0.000145175632469
277.48 0.000146171710145
277.49 0.000147178182783
277.5 0.000148195198658
277.51 0.000149222908806
277.52 0.000150261467096
277.53 0.000151311030291
277.54 0.000152371758125
277.55 0.000153443813374
277.56 0.000154527361929
277.57 0.000155622572879
277.58 0.000156729618584
277.59 0.000157848674765
277.6 0.000158979920585
277.61 0.000160123538742
277.62 0.000161279715556
277.63 0.000162448641064
277.64 0.000163630509124
277.65 0.000164825517508
277.66 0.000166033868015
277.67 0.000167255766574
277.68 0.00016849142336
277.69 0.00016974105291
277.7 0.000171004874244
277.71 0.000172283110991
277.72 0.000173575991521
277.73 0.000174883749077
277.74 0.00017620662192
277.75 0.000177544853474
277.76 0.000178898692477
277.77 0.000180268393141
277.78 0.000181654215313
277.79 0.000183056424654
277.8 0.000184475292811
277.81 0.000185911097606
277.82 0.00018736412323
277.83 0.000188834660446
277.84 0.0001903230068
277.85 0.000191829466843
277.86 0.000193354352362
277.87 0.000194897982619
277.88 0.00019646068461
277.89 0.000198042793323
277.9 0.000199644652019
277.91 0.000201266612521
277.92 0.000202909035523
277.93 0.000204572290904
277.94 0.000206256758069
277.95 0.000207962826302
277.96 0.000209690895136
277.97 0.000211441374743
277.98 0.000213214686352
277.99 0.000215011262678
278.0 0.000216831548382
278.01 0.000218676000555
278.02 0.000220545089229
278.03 0.000222439297916
278.04 0.000224359124182
278.05 0.000226305080249
278.06 0.000228277693637
278.07 0.000230277507846
278.08 0.000232305083075
278.09 0.000234360996988
278.1 0.000236445845529
278.11 0.000238560243787
278.12 0.000240704826922
278.13 0.00024288025114
278.14 0.000245087194745
278.15 0.000247326359255
278.16 0.000249598470593
278.17 0.000251904280363
278.18 0.00025424456721
278.19 0.00025662013828
278.2 0.000259031830776
278.21 0.000261480513633
278.22 0.000263967089308
278.23 0.000266492495699
278.24 0.00026905770821
278.25 0.000271663741957
278.26 0.000274311654148
278.27 0.000277002546633
278.28 0.000279737568641
278.29 0.000282517919727
278.3 0.000285344852931
278.31 0.000288219678177
278.32 0.000291143765916
278.33 0.000294118551039
278.34 0.000297145537071
278.35 0.000300226300665
278.36 0.000303362496405
278.37 0.000306555861938
278.38 0.00030980822344
278.39 0.00031312150142
278.4 0.000316497716872
278.41 0.00031993899776
278.42 0.000323447585809
278.43 0.000327025843591
278.44 0.000330676261839
278.45 0.000334401466917
278.46 0.00033820422834
278.47 0.000342087466212
278.48 0.000346054258362
278.49 0.000350107846949
278.5 0.000354251644175
278.51 0.000358489236696
278.52 0.00036282438816
278.53 0.000367261039187
278.54 0.000371803303911
278.55 0.000376455462005
278.56 0.000381221944865
278.57 0.000386107314332
278.58 0.000391116232056
278.59 0.000396253417202
278.6 0.00040152358991
278.61 0.000406931397549
278.62 0.000412481320525
278.63 0.000418177554262
278.64 0.00042402386401
278.65 0.000430023409481
278.66 0.000436178537143
278.67 0.000442490539401
278.68 0.00044895938206
278.69 0.000455583404555
278.7 0.000462359001391
278.71 0.000469280298118
278.72 0.000476338840577
278.73 0.000483523321617
278.74 0.000490819374237
278.75 0.000498209463119
278.76 0.000505672906943
278.77 0.000513186060898
278.78 0.000520722682249
278.79 0.000528254492162
278.8 0.000535751935115
278.81 0.000543185124338
278.82 0.000550524948329
278.83 0.000557744299654
278.84 0.000564819371944
278.85 0.000571730954129
278.86 0.000578465633596
278.87 0.000585016806256
278.88 0.000591385387547
278.89 0.000597580130409
278.9 0.000603617487677
278.91 0.000609521004684
278.92 0.000615320284985
278.93 0.000621049625833
278.94 0.000626746458362
278.95 0.000632449742605
278.96 0.000638198458054
278.97 0.000644030301282
278.98 0.000649980661619
278.99 0.000656081903563
279.0 0.000662362947802
279.01 0.000668849116097
279.02 0.000675562189838
279.03 0.000682520626817
279.04 0.000689739883074
279.05 0.00069723279375
279.06 0.000705009976193
279.07 0.000713080228237
279.08 0.000721450903325
279.09 0.000730128251505
279.1 0.000739117720946
279.11 0.000748424218709
279.12 0.000758052332253
279.13 0.000768006514794
279.14 0.000778291238554
279.15 0.000788911120201
279.16 0.000799871022784
279.17 0.00081117613815
279.18 0.000822832053457
279.19 0.000834844804963
279.2 0.000847220921805
279.21 0.000859967462087
279.22 0.000873092043203
279.23 0.000886602868003
279.24 0.000900508748097
279.25 0.000914819125411
279.26 0.000929544092831
279.27 0.000944694414692
279.28 0.000960281547673
279.29 0.000976317662593
279.3 0.000992815667502
279.31 0.00100978923242
279.32 0.00102725281599
279.33 0.00104522169434
279.34 0.00106371199234
279.35 0.00108274071748
279.36 0.00110232579665
279.37 0.00112248611587
279.38 0.00114324156335
279.39 0.00116461307596
279.4 0.00118662268942
279.41 0.00120929359241
279.42 0.0012326501848
279.43 0.00125671814043
279.44 0.00128152447453
279.45 0.00130709761625
279.46 0.00133346748666
279.47 0.00136066558241
279.48 0.0013887250657
279.49 0.00141768086087
279.5 0.00144756975808
279.51 0.00147843052477
279.52 0.00151030402523
279.53 0.00154323334916
279.54 0.00157726394975
279.55 0.00161244379204
279.56 0.00164882351247
279.57 0.00168645659039
279.58 0.00172539953252
279.59 0.00176571207146
279.6 0.00180745737932
279.61 0.00185070229768
279.62 0.00189551758534
279.63 0.00194197818517
279.64 0.00199016351162
279.65 0.00204015776079
279.66 0.00209205024462
279.67 0.00214593575132
279.68 0.00220191493422
279.69 0.00226009473119
279.7 0.00232058881712
279.71 0.00238351809217
279.72 0.00244901120835
279.73 0.00251720513761
279.74 0.0025882457843
279.75 0.00266228864526
279.76 0.00273949952095
279.77 0.00282005528072
279.78 0.00290414468578
279.79 0.00299196927297
279.8 0.00308374430236
279.81 0.00317969977143
279.82 0.00328008149781
279.83 0.00338515227187
279.84 0.00349519307949
279.85 0.00361050439318
279.86 0.00373140752838
279.87 0.00385824605827
279.88 0.00399138727716
279.89 0.00413122369755
279.9 0.00427817456015
279.91 0.00443268732789
279.92 0.00459523912578
279.93 0.00476633807583
279.94 0.00494652446124
279.95 0.00513637163567
279.96 0.00533648657055
279.97 0.00554750990667
279.98 0.0057701153441
279.99 0.00600500816771
280.0 0.00625292266364
280.01 0.00651461813638
280.02 0.00679087318817
280.03 0.00708247787657
280.04 0.00739022332639
280.05 0.00771488834948
280.06 0.00805722263004
280.07 0.00841792608346
280.08 0.00879762411349
280.09 0.00919683870296
280.1 0.00961595560738
280.11 0.010055188406
280.12 0.0105145408216
280.13 0.0109937695486
280.14 0.0114923507896
280.15 0.0120094547026
280.16 0.0125439328408
280.17 0.013094324168
280.18 0.0136588850508
280.19 0.0142356474144
280.2 0.0148225067368
280.21 0.0154173376655
280.22 0.0160181300234
280.23 0.0166231324831
280.24 0.0172309862936
280.25 0.0178408283826
280.26 0.0184523430613
280.27 0.0190657450106
280.28 0.0196816830213
280.29 0.0203010630176
280.3 0.0209247986035
280.31 0.0215535060367
280.32 0.0221871669345
280.33 0.022824785698
280.34 0.0234640699045
280.35 0.024101161529
280.36 0.0247304455745
280.37 0.0253444608779
280.38 0.0259339352405
280.39 0.0264879627551
280.4 0.0269943340917
280.41 0.0274400195531
280.42 0.0278117896644
280.43 0.0280969398695
280.44 0.0282840670425
280.45 0.0283638297226
280.46 0.0283296155423
280.47 0.0281780418362
280.48 0.0279092304787
280.49 0.0275268241789
280.5 0.0270377443104
280.51 0.0264517233987
280.52 0.0257806719724
280.53 0.0250379547214
280.54 0.0242376529552
280.55 0.0233938806178
280.56 0.0225202033708
280.57 0.0216291892205
280.58 0.0207320991347
280.59 0.0198387100173
280.6 0.0189572516435
280.61 0.0180944336688
280.62 0.0172555376909
280.63 0.016444551251
280.64 0.0156643243057
280.65 0.0149167330164
280.66 0.014202839945
280.67 0.0135230434685
280.68 0.0128772122437
280.69 0.0122648028314
280.7 0.0116849601968
280.71 0.011136601859
280.72 0.010618487083
280.73 0.0101292728204
280.74 0.00966755819447
280.75 0.00923191928225
280.76 0.00882093581358
280.77 0.00843321123788
280.78 0.00806738742015
280.79 0.0077221550425
280.8 0.0073962606125
280.81 0.00708851082165
280.82 0.00679777485786
280.83 0.00652298515599
280.84 0.00626313696965
280.85 0.00601728706511
280.86 0.00578455177237
280.87 0.00556410457821
280.88 0.00535517340852
280.89 0.00515703771909
280.9 0.0049690254935
280.91 0.00479051022903
280.92 0.00462090797687
280.93 0.00445967448732
280.94 0.00430630249637
280.95 0.00416031917552
280.96 0.0040212837533
280.97 0.00388878530579
280.98 0.00376244070489
280.99 0.00364189270788
281.0 0.00352680817011
281.01 0.00341687636413
281.02 0.00331180739239
281.03 0.00321133068543
281.04 0.00311519358257
281.05 0.00302315999555
281.06 0.00293500915775
281.07 0.00285053446156
281.08 0.00276954238534
281.09 0.00269185150908
281.1 0.00261729161577
281.11 0.00254570287331
281.12 0.00247693509045
281.13 0.00241084703972
281.14 0.00234730583986
281.15 0.00228618639117
281.16 0.00222737085727
281.17 0.00217074818808
281.18 0.00211621367922
281.19 0.00206366856408
281.2 0.00201301963513
281.21 0.00196417889195
281.22 0.00191706321345
281.23 0.00187159405256
281.24 0.00182769715137
281.25 0.0017853022755
281.26 0.00174434296614
281.27 0.00170475630859
281.28 0.0016664827162
281.29 0.00162946572857
281.3 0.00159365182315
281.31 0.00155899023922
281.32 0.00152543281351
281.33 0.00149293382657
281.34 0.0014614498592
281.35 0.00143093965829
281.36 0.00140136401126
281.37 0.0013726856288
281.38 0.00134486903495
281.39 0.00131788046439
281.4 0.00129168776619
281.41 0.00126626031367
281.42 0.00124156891993
281.43 0.00121758575869
281.44 0.00119428429005
281.45 0.00117163919083
281.46 0.00114962628914
281.47 0.00112822250308
281.48 0.00110740578297
281.49 0.00108715505723
281.5 0.00106745018134
281.51 0.00104827188998
281.52 0.00102960175186
281.53 0.00101142212728
281.54 0.00099371612809
281.55 0.000976467580053
281.56 0.000959660987257
281.57 0.000943281498628
281.58 0.000927314876304
281.59 0.000911747465792
281.6 0.000896566167783
281.61 0.00088175841153
281.62 0.000867312129686
281.63 0.000853215734515
281.64 0.000839458095392
281.65 0.000826028517515
281.66 0.000812916721747
281.67 0.00080011282554
281.68 0.000787607324851
281.69 0.000775391077012
281.7 0.000763455284489
281.71 0.000751791479478
281.72 0.000740391509291
281.73 0.000729247522488
281.74 0.000718351955707
281.75 0.000707697521159
281.76 0.000697277194748
281.77 0.000687084204773
281.78 0.000677112021197
281.79 0.000667354345434
281.8 0.000657805100633
281.81 0.000648458422432
281.82 0.000639308650162
281.83 0.000630350318457
281.84 0.000621578149276
281.85 0.000612987044291
281.86 0.000604572077633
281.87 0.00059632848898
281.88 0.000588251676958
281.89 0.000580337192848
281.9 0.000572580734581
281.91 0.000564978141005
281.92 0.000557525386407
281.93 0.000550218575284
281.94 0.000543053937348
281.95 0.000536027822748
281.96 0.000529136697502
281.97 0.000522377139138
281.98 0.000515745832509
281.99 0.000509239565803
282.0 0.000502855226717
282.01 0.000496589798795
282.02 0.000490440357925
282.03 0.000484404068979
282.04 0.000478478182598
282.05 0.000472660032111
282.06 0.000466947030576
282.07 0.000461336667954
282.08 0.000455826508386
282.09 0.000450414187594
282.1 0.000445097410377
282.11 0.000439873948212
282.12 0.000434741636954
282.13 0.000429698374624
282.14 0.000424742119287
282.15 0.000419870887009
282.16 0.000415082749902
282.17 0.00041037583424
282.18 0.000405748318649
282.19 0.000401198432367
282.2 0.000396724453573
282.21 0.000392324707775
282.22 0.000387997566266
282.23 0.000383741444631
282.24 0.000379554801316
282.25 0.000375436136249
282.26 0.000371383989509
282.27 0.00036739694005
282.28 0.000363473604468
282.29 0.000359612635814
282.3 0.000355812722449
282.31 0.000352072586947
282.32 0.000348390985027
282.33 0.000344766704533
282.34 0.000341198564444
282.35 0.000337685413924
282.36 0.000334226131402
282.37 0.000330819623688
282.38 0.000327464825112
282.39 0.000324160696709
282.4 0.00032090622541
282.41 0.000317700423282
282.42 0.000314542326784
282.43 0.000311430996045
282.44 0.000308365514177
282.45 0.000305344986599
282.46 0.0003023685404
282.47 0.000299435323702
282.48 0.000296544505066
282.49 0.000293695272903
282.5 0.000290886834908
282.51 0.000288118417518
282.52 0.000285389265382
282.53 0.000282698640847
282.54 0.000280045823471
282.55 0.000277430109534
282.56 0.000274850811587
282.57 0.000272307257994
282.58 0.000269798792504
282.59 0.000267324773827
282.6 0.000264884575233
282.61 0.000262477584151
282.62 0.000260103201793
282.63 0.000257760842781
282.64 0.000255449934791
282.65 0.000253169918205
282.66 0.000250920245775
282.67 0.000248700382296
282.68 0.00024650980429
282.69 0.000244347999702
282.7 0.000242214467599
282.71 0.000240108717885
282.72 0.000238030271019
282.73 0.000235978657747
282.74 0.000233953418835
282.75 0.000231954104816
282.76 0.000229980275743
282.77 0.000228031500944
282.78 0.000226107358795
282.79 0.00022420743649
282.8 0.000222331329821
282.81 0.000220478642962
282.82 0.000218648988268
282.83 0.000216841986066
282.84 0.000215057264466
282.85 0.000213294459164
282.86 0.000211553213264
282.87 0.000209833177093
282.88 0.000208134008028
282.89 0.000206455370329
282.9 0.00020479693497
282.91 0.000203158379482
282.92 0.000201539387795
282.93 0.000199939650087
282.94 0.000198358862637
282.95 0.000196796727682
282.96 0.000195252953275
282.97 0.000193727253154
282.98 0.000192219346603
282.99 0.000190728958332
283.0 0.000189255818346
283.01 0.000187799661824
283.02 0.000186360229003
283.03 0.00018493726506
283.04 0.000183530520003
283.05 0.000182139748559
283.06 0.000180764710068
283.07 0.000179405168379
283.08 0.000178060891753
283.09 0.000176731652758
283.1 0.00017541722818
283.11 0.000174117398925
283.12 0.000172831949929
283.13 0.000171560670073
283.14 0.000170303352091
283.15 0.00016905979249
283.16 0.000167829791467
283.17 0.000166613152829
283.18 0.000165409683915
283.19 0.000164219195519
283.2 0.000163041501818
283.21 0.0001618764203
283.22 0.00016072377169
283.23 0.000159583379885
283.24 0.000158455071886
283.25 0.000157338677732
283.26 0.000156234030437
283.27 0.000155140965927
283.28 0.00015405932298
283.29 0.000152988943167
283.3 0.000151929670793
283.31 0.000150881352842
283.32 0.000149843838922
283.33 0.000148816981209
283.34 0.000147800634397
283.35 0.000146794655647
283.36 0.000145798904534
283.37 0.000144813243001
283.38 0.000143837535312
283.39 0.000142871648001
283.4 0.000141915449831
283.41 0.000140968811749
283.42 0.00014003160684
283.43 0.000139103710287
283.44 0.000138184999328
283.45 0.000137275353218
283.46 0.000136374653187
283.47 0.000135482782401
283.48 0.000134599625926
283.49 0.000133725070693
283.5 0.000132859005455
283.51 0.000132001320761
283.52 0.000131151908913
283.53 0.000130310663937
283.54 0.000129477481551
283.55 0.000128652259129
283.56 0.00012783489567
283.57 0.000127025291773
283.58 0.000126223349598
283.59 0.000125428972842
283.6 0.000124642066712
283.61 0.000123862537891
283.62 0.000123090294514
283.63 0.000122325246141
283.64 0.000121567303728
283.65 0.000120816379607
283.66 0.000120072387454
283.67 0.000119335242268
283.68 0.000118604860344
283.69 0.000117881159255
283.7 0.000117164057823
283.71 0.000116453476097
283.72 0.000115749335336
283.73 0.000115051557978
283.74 0.000114360067629
283.75 0.000113674789035
283.76 0.000112995648064
283.77 0.000112322571686
283.78 0.000111655487954
283.79 0.000110994325981
283.8 0.000110339015929
283.81 0.000109689488983
283.82 0.000109045677335
283.83 0.00010840751417
283.84 0.000107774933644
283.85 0.000107147870869
283.86 0.000106526261899
283.87 0.000105910043707
283.88 0.000105299154175
283.89 0.000104693532079
283.9 0.000104093117067
283.91 0.000103497849652
283.92 0.000102907671192
283.93 0.000102322523876
283.94 0.000101742350714
283.95 0.000101167095517
283.96 0.000100596702889
283.97 0.00010003111821
283.98 9.94702876249e-05
283.99 9.89141580306e-05
284.0 9.83626770621e-05
284.01 9.78157930813e-05
284.02 9.72734551648e-05
284.03 9.67356130921e-05
284.04 9.62022173336e-05
284.05 9.56732190397e-05
284.06 9.51485700294e-05
284.07 9.46282227794e-05
284.08 9.41121304134e-05
284.09 9.36002466915e-05
284.1 9.30925259999e-05
284.11 9.25889233406e-05
284.12 9.20893943219e-05
284.13 9.15938951482e-05
284.14 9.11023826105e-05
284.15 9.06148140772e-05
284.16 9.01311474846e-05
284.17 8.9651341328e-05
284.18 8.9175354653e-05
284.19 8.87031470463e-05
284.2 8.82346786276e-05
284.21 8.77699100411e-05
284.22 8.73088024468e-05
284.23 8.68513175133e-05
284.24 8.63974174088e-05
284.25 8.59470647941e-05
284.26 8.55002228147e-05
284.27 8.5056855093e-05
284.28 8.46169257213e-05
284.29 8.41803992543e-05
284.3 8.37472407022e-05
284.31 8.33174155233e-05
284.32 8.28908896176e-05
284.33 8.24676293198e-05
284.34 8.20476013925e-05
284.35 8.16307730202e-05
284.36 8.12171118025e-05
284.37 8.08065857476e-05
284.38 8.03991632669e-05
284.39 7.99948131681e-05
284.4 7.95935046498e-05
284.41 7.91952072954e-05
284.42 7.87998910674e-05
284.43 7.84075263017e-05
284.44 7.80180837023e-05
284.45 7.76315343353e-05
284.46 7.7247849624e-05
284.47 7.68670013437e-05
284.48 7.64889616161e-05
284.49 7.61137029043e-05
284.5 7.57411980083e-05
284.51 7.53714200593e-05
284.52 7.50043425154e-05
284.53 7.46399391569e-05
284.54 7.42781840812e-05
284.55 7.39190516984e-05
284.56 7.3562516727e-05
284.57 7.32085541891e-05
284.58 7.28571394062e-05
284.59 7.25082479952e-05
284.6 7.21618558635e-05
284.61 7.18179392055e-05
284.62 7.14764744981e-05
284.63 7.11374384969e-05
284.64 7.08008082321e-05
284.65 7.0466561005e-05
284.66 7.01346743834e-05
284.67 6.98051261988e-05
284.68 6.94778945419e-05
284.69 6.91529577593e-05
284.7 6.88302944502e-05
284.71 6.85098834623e-05
284.72 6.81917038888e-05
284.73 6.78757350647e-05
284.74 6.75619565637e-05
284.75 6.72503481947e-05
284.76 6.69408899987e-05
284.77 6.66335622455e-05
284.78 6.63283454305e-05
284.79 6.60252202721e-05
284.8 6.57241677078e-05
284.81 6.54251688919e-05
284.82 6.51282051925e-05
284.83 6.48332581881e-05
284.84 6.45403096654e-05
284.85 6.42493416159e-05
284.86 6.39603362337e-05
284.87 6.36732759123e-05
284.88 6.33881432421e-05
284.89 6.31049210079e-05
284.9 6.28235921861e-05
284.91 6.25441399424e-05
284.92 6.22665476288e-05
284.93 6.19907987818e-05
284.94 6.17168771193e-05
284.95 6.14447665387e-05
284.96 6.11744511141e-05
284.97 6.09059150947e-05
284.98 6.06391429014e-05
284.99 6.03741191256e-05
285.0 6.01108285264e-05
285.01 5.98492560285e-05
285.02 5.95893867202e-05
285.03 5.93312058511e-05
285.04 5.90746988302e-05
285.05 5.88198512236e-05
285.06 5.85666487526e-05
285.07 5.83150772918e-05
285.08 5.80651228669e-05
285.09 5.78167716531e-05
285.1 5.75700099727e-05
285.11 5.73248242937e-05
285.12 5.70812012278e-05
285.13 5.68391275284e-05
285.14 5.65985900889e-05
285.15 5.63595759411e-05
285.16 5.61220722532e-05
285.17 5.58860663282e-05
285.18 5.56515456022e-05
285.19 5.54184976428e-05
285.2 5.51869101473e-05
285.21 5.49567709412e-05
285.22 5.47280679765e-05
285.23 5.45007893302e-05
285.24 5.42749232027e-05
285.25 5.40504579165e-05
285.26 5.38273819143e-05
285.27 5.36056837577e-05
285.28 5.33853521259e-05
285.29 5.31663758138e-05
285.3 5.29487437313e-05
285.31 5.27324449011e-05
285.32 5.2517468458e-05
285.33 5.23038036469e-05
285.34 5.2091439822e-05
285.35 5.18803664453e-05
285.36 5.16705730851e-05
285.37 5.14620494149e-05
285.38 5.12547852123e-05
285.39 5.10487703572e-05
285.4 5.08439948312e-05
285.41 5.06404487159e-05
285.42 5.04381221921e-05
285.43 5.02370055382e-05
285.44 5.00370891294e-05
285.45 4.98383634364e-05
285.46 4.9640819024e-05
285.47 4.94444465507e-05
285.48 4.92492367666e-05
285.49 4.90551805134e-05
285.5 4.88622687224e-05
285.51 4.86704924139e-05
285.52 4.84798426962e-05
285.53 4.82903107642e-05
285.54 4.8101887899e-05
285.55 4.79145654661e-05
285.56 4.77283349152e-05
285.57 4.75431877786e-05
285.58 4.73591156708e-05
285.59 4.71761102869e-05
285.6 4.69941634022e-05
285.61 4.68132668713e-05
285.62 4.66334126266e-05
285.63 4.6454592678e-05
285.64 4.62767991117e-05
285.65 4.61000240897e-05
285.66 4.59242598483e-05
285.67 4.57494986978e-05
285.68 4.55757330214e-05
285.69 4.54029552745e-05
285.7 4.52311579839e-05
285.71 4.50603337467e-05
285.72 4.48904752299e-05
285.73 4.47215751694e-05
285.74 4.45536263691e-05
285.75 4.43866217005e-05
285.76 4.42205541017e-05
285.77 4.40554165766e-05
285.78 4.38912021943e-05
285.79 4.37279040884e-05
285.8 4.3565515456e-05
285.81 4.34040295574e-05
285.82 4.32434397152e-05
285.83 4.30837393135e-05
285.84 4.29249217973e-05
285.85 4.27669806721e-05
285.86 4.26099095028e-05
285.87 4.24537019133e-05
285.88 4.22983515857e-05
285.89 4.21438522599e-05
285.9 4.19901977328e-05
285.91 4.18373818576e-05
285.92 4.16853985434e-05
285.93 4.15342417544e-05
285.94 4.13839055096e-05
285.95 4.12343838816e-05
285.96 4.10856709968e-05
285.97 4.09377610343e-05
285.98 4.07906482253e-05
285.99 4.06443268529e-05
286.0 4.04987912513e-05
286.01 4.03540358054e-05
286.02 4.02100549498e-05
286.03 4.00668431691e-05
286.04 3.99243949966e-05
286.05 3.97827050142e-05
286.06 3.96417678516e-05
286.07 3.95015781861e-05
286.08 3.9362130742e-05
286.09 3.92234202898e-05
286.1 3.90854416463e-05
286.11 3.89481896735e-05
286.12 3.88116592786e-05
286.13 3.86758454132e-05
286.14 3.8540743073e-05
286.15 3.84063472973e-05
286.16 3.82726531685e-05
286.17 3.81396558119e-05
286.18 3.80073503949e-05
286.19 3.78757321267e-05
286.2 3.77447962578e-05
286.21 3.76145380799e-05
286.22 3.7484952925e-05
286.23 3.73560361655e-05
286.24 3.72277832131e-05
286.25 3.71001895191e-05
286.26 3.69732505737e-05
286.27 3.68469619053e-05
286.28 3.67213190806e-05
286.29 3.65963177042e-05
286.3 3.64719534176e-05
286.31 3.63482218996e-05
286.32 3.62251188654e-05
286.33 3.61026400664e-05
286.34 3.598078129e-05
286.35 3.58595383588e-05
286.36 3.57389071307e-05
286.37 3.56188834984e-05
286.38 3.54994633888e-05
286.39 3.5380642763e-05
286.4 3.5262417616e-05
286.41 3.51447839758e-05
286.42 3.50277379037e-05
286.43 3.49112754938e-05
286.44 3.47953928724e-05
286.45 3.46800861979e-05
286.46 3.45653516607e-05
286.47 3.44511854823e-05
286.48 3.43375839155e-05
286.49 3.42245432439e-05
286.5 3.41120597818e-05
286.51 3.40001298735e-05
286.52 3.38887498932e-05
286.53 3.37779162449e-05
286.54 3.36676253618e-05
286.55 3.35578737063e-05
286.56 3.34486577694e-05
286.57 3.33399740708e-05
286.58 3.32318191582e-05
286.59 3.31241896074e-05
286.6 3.30170820217e-05
286.61 3.29104930319e-05
286.62 3.28044192961e-05
286.63 3.2698857499e-05
286.64 3.25938043521e-05
286.65 3.2489256593e-05
286.66 3.23852109859e-05
286.67 3.22816643203e-05
286.68 3.21786134117e-05
286.69 3.20760551007e-05
286.7 3.19739862533e-05
286.71 3.18724037602e-05
286.72 3.17713045366e-05
286.73 3.16706855226e-05
286.74 3.15705436819e-05
286.75 3.14708760025e-05
286.76 3.13716794962e-05
286.77 3.12729511979e-05
286.78 3.11746881662e-05
286.79 3.10768874826e-05
286.8 3.09795462514e-05
286.81 3.08826615995e-05
286.82 3.07862306763e-05
286.83 3.06902506535e-05
286.84 3.05947187246e-05
286.85 3.0499632105e-05
286.86 3.04049880318e-05
286.87 3.03107837632e-05
286.88 3.02170165789e-05
286.89 3.01236837795e-05
286.9 3.00307826863e-05
286.91 2.99383106413e-05
286.92 2.98462650069e-05
286.93 2.97546431658e-05
286.94 2.96634425207e-05
286.95 2.95726604941e-05
286.96 2.94822945283e-05
286.97 2.9392342085e-05
286.98 2.93028006454e-05
286.99 2.92136677095e-05
287.0 2.91249407966e-05
287.01 2.90366174448e-05
287.02 2.89486952105e-05
287.03 2.8861171669e-05
287.04 2.87740444135e-05
287.05 2.86873110557e-05
287.06 2.86009692249e-05
287.07 2.85150165684e-05
287.08 2.84294507512e-05
287.09 2.83442694557e-05
287.1 2.82594703816e-05
287.11 2.81750512458e-05
287.12 2.80910097822e-05
287.13 2.80073437417e-05
287.14 2.79240508917e-05
287.15 2.78411290163e-05
287.16 2.7758575916e-05
287.17 2.76763894076e-05
287.18 2.7594567324e-05
287.19 2.7513107514e-05
287.2 2.74320078425e-05
287.21 2.73512661898e-05
287.22 2.7270880452e-05
287.23 2.71908485405e-05
287.24 2.7111168382e-05
287.25 2.70318379185e-05
287.26 2.69528551069e-05
287.27 2.6874217919e-05
287.28 2.67959243414e-05
287.29 2.67179723753e-05
287.3 2.66403600364e-05
287.31 2.6563085355e-05
287.32 2.64861463754e-05
287.33 2.6409541156e-05
287.34 2.63332677695e-05
287.35 2.62573243022e-05
287.36 2.61817088544e-05
287.37 2.61064195399e-05
287.38 2.60314544862e-05
287.39 2.59568118339e-05
287.4 2.58824897372e-05
287.41 2.58084863635e-05
287.42 2.5734799893e-05
287.43 2.56614285192e-05
287.44 2.55883704483e-05
287.45 2.55156238991e-05
287.46 2.54431871033e-05
287.47 2.5371058305e-05
287.48 2.52992357607e-05
287.49 2.52277177393e-05
287.5 2.51565025218e-05
287.51 2.50855884014e-05
287.52 2.50149736833e-05
287.53 2.49446566846e-05
287.54 2.48746357341e-05
287.55 2.48049091725e-05
287.56 2.4735475352e-05
287.57 2.46663326364e-05
287.58 2.45974794006e-05
287.59 2.45289140313e-05
287.6 2.44606349261e-05
287.61 2.43926404938e-05
287.62 2.43249291542e-05
287.63 2.42574993382e-05
287.64 2.41903494875e-05
287.65 2.41234780543e-05
287.66 2.4056883502e-05
287.67 2.3990564304e-05
287.68 2.39245189447e-05
287.69 2.38587459187e-05
287.7 2.37932437308e-05
287.71 2.37280108963e-05
287.72 2.36630459405e-05
287.73 2.35983473988e-05
287.74 2.35339138167e-05
287.75 2.34697437494e-05
287.76 2.34058357621e-05
287.77 2.33421884298e-05
287.78 2.3278800337e-05
287.79 2.32156700779e-05
287.8 2.31527962561e-05
287.81 2.30901774849e-05
287.82 2.30278123867e-05
287.83 2.29656995932e-05
287.84 2.29038377455e-05
287.85 2.28422254938e-05
287.86 2.27808614971e-05
287.87 2.27197444236e-05
287.88 2.26588729506e-05
287.89 2.25982457638e-05
287.9 2.25378615581e-05
287.91 2.24777190368e-05
287.92 2.2417816912e-05
287.93 2.23581539044e-05
287.94 2.22987287431e-05
287.95 2.22395401656e-05
287.96 2.21805869178e-05
287.97 2.2121867754e-05
287.98 2.20633814367e-05
287.99 2.20051267364e-05
288.0 2.19471024319e-05
288.01 2.18893073099e-05
288.02 2.18317401652e-05
288.03 2.17743998003e-05
288.04 2.17172850259e-05
288.05 2.16603946602e-05
288.06 2.16037275292e-05
288.07 2.15472824666e-05
288.08 2.14910583136e-05
288.09 2.14350539191e-05
288.1 2.13792681395e-05
288.11 2.13236998384e-05
288.12 2.12683478869e-05
288.13 2.12132111636e-05
288.14 2.11582885541e-05
288.15 2.11035789513e-05
288.16 2.10490812553e-05
288.17 2.09947943731e-05
288.18 2.0940717219e-05
288.19 2.0886848714e-05
288.2 2.08331877863e-05
288.21 2.07797333708e-05
288.22 2.07264844093e-05
288.23 2.06734398503e-05
288.24 2.06205986491e-05
288.25 2.05679597675e-05
288.26 2.05155221742e-05
288.27 2.04632848443e-05
288.28 2.04112467593e-05
288.29 2.03594069073e-05
288.3 2.03077642828e-05
288.31 2.02563178867e-05
288.32 2.02050667262e-05
288.33 2.01540098148e-05
288.34 2.0103146172e-05
288.35 2.00524748237e-05
288.36 2.0001994802e-05
288.37 1.99517051449e-05
288.38 1.99016048964e-05
288.39 1.98516931068e-05
288.4 1.98019688319e-05
288.41 1.97524311339e-05
288.42 1.97030790803e-05
288.43 1.9653911745e-05
288.44 1.96049282072e-05
288.45 1.9556127552e-05
288.46 1.95075088704e-05
288.47 1.94590712586e-05
288.48 1.94108138188e-05
288.49 1.93627356585e-05
288.5 1.93148358909e-05
288.51 1.92671136346e-05
288.52 1.92195680135e-05
288.53 1.91721981572e-05
288.54 1.91250032003e-05
288.55 1.90779822831e-05
288.56 1.90311345508e-05
288.57 1.89844591541e-05
288.58 1.89379552489e-05
288.59 1.8891621996e-05
288.6 1.88454585616e-05
288.61 1.87994641169e-05
288.62 1.87536378382e-05
288.63 1.87079789066e-05
288.64 1.86624865084e-05
288.65 1.86171598348e-05
288.66 1.85719980819e-05
288.67 1.85270004505e-05
288.68 1.84821661466e-05
288.69 1.84374943806e-05
288.7 1.83929843678e-05
288.71 1.83486353284e-05
288.72 1.83044464872e-05
288.73 1.82604170734e-05
288.74 1.82165463213e-05
288.75 1.81728334694e-05
288.76 1.81292777609e-05
288.77 1.80858784435e-05
288.78 1.80426347696e-05
288.79 1.79995459958e-05
288.8 1.79566113831e-05
288.81 1.79138301972e-05
288.82 1.78712017079e-05
288.83 1.78287251895e-05
288.84 1.77863999205e-05
288.85 1.77442251836e-05
288.86 1.77022002661e-05
288.87 1.7660324459e-05
288.88 1.7618597058e-05
288.89 1.75770173625e-05
288.9 1.75355846765e-05
288.91 1.74942983076e-05
288.92 1.74531575678e-05
288.93 1.7412161773e-05
288.94 1.73713102433e-05
288.95 1.73306023024e-05
288.96 1.72900372785e-05
288.97 1.72496145032e-05
288.98 1.72093333122e-05
288.99 1.71691930453e-05
289.0 1.71291930458e-05
289.01 1.7089332661e-05
289.02 1.7049611242e-05
289.03 1.70100281435e-05
289.04 1.69705827241e-05
289.05 1.69312743461e-05
289.06 1.68921023755e-05
289.07 1.68530661819e-05
289.08 1.68141651385e-05
289.09 1.67753986223e-05
289.1 1.67367660136e-05
289.11 1.66982666966e-05
289.12 1.66599000586e-05
289.13 1.6621665491e-05
289.14 1.65835623881e-05
289.15 1.6545590148e-05
289.16 1.65077481722e-05
289.17 1.64700358656e-05
289.18 1.64324526364e-05
289.19 1.63949978964e-05
289.2 1.63576710604e-05
289.21 1.63204715469e-05
289.22 1.62833987774e-05
289.23 1.62464521769e-05
289.24 1.62096311736e-05
289.25 1.61729351987e-05
289.26 1.6136363687e-05
289.27 1.60999160762e-05
289.28 1.60635918074e-05
289.29 1.60273903247e-05
289.3 1.59913110752e-05
289.31 1.59553535094e-05
289.32 1.59195170807e-05
289.33 1.58838012457e-05
289.34 1.58482054638e-05
289.35 1.58127291978e-05
289.36 1.5777371913e-05
289.37 1.57421330782e-05
289.38 1.57070121648e-05
289.39 1.56720086474e-05
289.4 1.56371220032e-05
289.41 1.56023517127e-05
289.42 1.5567697259e-05
289.43 1.55331581282e-05
289.44 1.54987338091e-05
289.45 1.54644237936e-05
289.46 1.5430227576e-05
289.47 1.53961446539e-05
289.48 1.53621745272e-05
289.49 1.53283166988e-05
289.5 1.52945706744e-05
289.51 1.52609359621e-05
289.52 1.52274120732e-05
289.53 1.51939985211e-05
289.54 1.51606948223e-05
289.55 1.51275004958e-05
289.56 1.50944150633e-05
289.57 1.50614380489e-05
289.58 1.50285689795e-05
289.59 1.49958073845e-05
289.6 1.49631527959e-05
289.61 1.49306047482e-05
289.62 1.48981627785e-05
289.63 1.48658264264e-05
289.64 1.48335952338e-05
289.65 1.48014687454e-05
289.66 1.47694465082e-05
289.67 1.47375280715e-05
289.68 1.47057129873e-05
289.69 1.46740008098e-05
289.7 1.46423910958e-05
289.71 1.46108834044e-05
289.72 1.45794772969e-05
289.73 1.45481723372e-05
289.74 1.45169680914e-05
289.75 1.44858641281e-05
289.76 1.44548600179e-05
289.77 1.44239553339e-05
289.78 1.43931496515e-05
289.79 1.43624425483e-05
289.8 1.43318336041e-05
289.81 1.43013224011e-05
289.82 1.42709085236e-05
289.83 1.4240591558e-05
289.84 1.42103710932e-05
289.85 1.418024672e-05
289.86 1.41502180314e-05
289.87 1.41202846227e-05
289.88 1.40904460913e-05
289.89 1.40607020366e-05
289.9 1.40310520601e-05
289.91 1.40014957657e-05
289.92 1.39720327591e-05
289.93 1.3942662648e-05
289.94 1.39133850425e-05
289.95 1.38841995544e-05
289.96 1.38551057978e-05
289.97 1.38261033886e-05
289.98 1.37971919448e-05
289.99 1.37683710865e-05
290.0 1.37396404356e-05
290.01 1.37109996161e-05
290.02 1.36824482539e-05
290.03 1.36539859768e-05
290.04 1.36256124146e-05
290.05 1.35973271991e-05
290.06 1.35691299639e-05
290.07 1.35410203444e-05
290.08 1.35129979781e-05
290.09 1.34850625043e-05
290.1 1.3457213564e-05
290.11 1.34294508003e-05
290.12 1.3401773858e-05
290.13 1.33741823838e-05
290.14 1.33466760261e-05
290.15 1.33192544352e-05
290.16 1.32919172632e-05
290.17 1.32646641639e-05
290.18 1.3237494793e-05
290.19 1.32104088078e-05
290.2 1.31834058675e-05
290.21 1.3156485633e-05
290.22 1.31296477668e-05
290.23 1.31028919333e-05
290.24 1.30762177985e-05
290.25 1.30496250302e-05
290.26 1.30231132978e-05
290.27 1.29966822723e-05
290.28 1.29703316266e-05
290.29 1.2944061035e-05
290.3 1.29178701736e-05
290.31 1.28917587202e-05
290.32 1.2865726354e-05
290.33 1.2839772756e-05
290.34 1.28138976088e-05
290.35 1.27881005965e-05
290.36 1.27623814048e-05
290.37 1.27367397211e-05
290.38 1.27111752342e-05
290.39 1.26856876346e-05
290.4 1.26602766144e-05
290.41 1.26349418669e-05
290.42 1.26096830873e-05
290.43 1.25844999723e-05
290.44 1.25593922198e-05
290.45 1.25343595295e-05
290.46 1.25094016025e-05
290.47 1.24845181414e-05
290.48 1.24597088502e-05
290.49 1.24349734346e-05
290.5 1.24103116014e-05
290.51 1.23857230591e-05
290.52 1.23612075177e-05
290.53 1.23367646884e-05
290.54 1.2312394284e-05
290.55 1.22880960186e-05
290.56 1.22638696079e-05
290.57 1.22397147688e-05
290.58 1.22156312196e-05
290.59 1.21916186802e-05
290.6 1.21676768715e-05
290.61 1.21438055163e-05
290.62 1.21200043382e-05
290.63 1.20962730625e-05
290.64 1.20726114157e-05
290.65 1.20490191257e-05
290.66 1.20254959218e-05
290.67 1.20020415345e-05
290.68 1.19786556955e-05
290.69 1.19553381381e-05
290.7 1.19320885968e-05
290.71 1.19089068071e-05
290.72 1.18857925062e-05
290.73 1.18627454324e-05
290.74 1.18397653252e-05
290.75 1.18168519254e-05
290.76 1.17940049751e-05
290.77 1.17712242176e-05
290.78 1.17485093975e-05
290.79 1.17258602606e-05
290.8 1.17032765538e-05
290.81 1.16807580255e-05
290.82 1.1658304425e-05
290.83 1.16359155029e-05
290.84 1.16135910112e-05
290.85 1.15913307028e-05
290.86 1.1569134332e-05
290.87 1.15470016541e-05
290.88 1.15249324257e-05
290.89 1.15029264045e-05
290.9 1.14809833493e-05
290.91 1.14591030203e-05
290.92 1.14372851784e-05
290.93 1.14155295861e-05
290.94 1.13938360068e-05
290.95 1.1372204205e-05
290.96 1.13506339463e-05
290.97 1.13291249976e-05
290.98 1.13076771268e-05
290.99 1.12862901027e-05
291.0 1.12649636955e-05
291.01 1.12436976763e-05
291.02 1.12224918174e-05
291.03 1.1201345892e-05
291.04 1.11802596745e-05
291.05 1.11592329404e-05
291.06 1.11382654661e-05
291.07 1.11173570291e-05
291.08 1.10965074082e-05
291.09 1.10757163827e-05
291.1 1.10549837335e-05
291.11 1.10343092422e-05
291.12 1.10136926914e-05
291.13 1.09931338649e-05
291.14 1.09726325474e-05
291.15 1.09521885246e-05
291.16 1.09318015831e-05
291.17 1.09114715108e-05
291.18 1.08911980963e-05
291.19 1.08709811293e-05
291.2 1.08508204004e-05
291.21 1.08307157013e-05
291.22 1.08106668244e-05
291.23 1.07906735634e-05
291.24 1.07707357127e-05
291.25 1.07508530679e-05
291.26 1.07310254252e-05
291.27 1.07112525819e-05
291.28 1.06915343365e-05
291.29 1.06718704879e-05
291.3 1.06522608364e-05
291.31 1.06327051829e-05
291.32 1.06132033294e-05
291.33 1.05937550788e-05
291.34 1.05743602347e-05
291.35 1.05550186018e-05
291.36 1.05357299856e-05
291.37 1.05164941926e-05
291.38 1.04973110301e-05
291.39 1.04781803062e-05
291.4 1.045910183e-05
291.41 1.04400754115e-05
291.42 1.04211008613e-05
291.43 1.04021779912e-05
291.44 1.03833066136e-05
291.45 1.03644865419e-05
291.46 1.03457175904e-05
291.47 1.03269995739e-05
291.48 1.03083323084e-05
291.49 1.02897156107e-05
291.5 1.02711492981e-05
291.51 1.02526331891e-05
291.52 1.02341671029e-05
291.53 1.02157508594e-05
291.54 1.01973842794e-05
291.55 1.01790671845e-05
291.56 1.0160799397e-05
291.57 1.01425807403e-05
291.58 1.01244110383e-05
291.59 1.01062901157e-05
291.6 1.00882177981e-05
291.61 1.00701939118e-05
291.62 1.00522182839e-05
291.63 1.00342907424e-05
291.64 1.00164111159e-05
291.65 9.99857923367e-06
291.66 9.98079492601e-06
291.67 9.9630580238e-06
291.68 9.94536835872e-06
291.69 9.92772576319e-06
291.7 9.91013007036e-06
291.71 9.89258111413e-06
291.72 9.87507872914e-06
291.73 9.85762275075e-06
291.74 9.84021301506e-06
291.75 9.82284935886e-06
291.76 9.8055316197e-06
291.77 9.78825963583e-06
291.78 9.77103324621e-06
291.79 9.75385229049e-06
291.8 9.73671660907e-06
291.81 9.719626043e-06
291.82 9.70258043406e-06
291.83 9.6855796247e-06
291.84 9.66862345809e-06
291.85 9.65171177805e-06
291.86 9.63484442911e-06
291.87 9.61802125647e-06
291.88 9.601242106e-06
291.89 9.58450682423e-06
291.9 9.5678152584e-06
291.91 9.55116725637e-06
291.92 9.53456266668e-06
291.93 9.51800133852e-06
291.94 9.50148312176e-06
291.95 9.48500786689e-06
291.96 9.46857542505e-06
291.97 9.45218564805e-06
291.98 9.43583838831e-06
291.99 9.41953349891e-06
292.0 9.40327083354e-06
292.01 9.38705024656e-06
292.02 9.37087159291e-06
292.03 9.35473472819e-06
292.04 9.33863950861e-06
292.05 9.32258579099e-06
292.06 9.30657343278e-06
292.07 9.29060229202e-06
292.08 9.27467222738e-06
292.09 9.25878309813e-06
292.1 9.24293476414e-06
292.11 9.22712708587e-06
292.12 9.21135992438e-06
292.13 9.19563314135e-06
292.14 9.179946599e-06
292.15 9.16430016018e-06
292.16 9.1486936883e-06
292.17 9.13312704736e-06
292.18 9.11760010194e-06
292.19 9.10211271719e-06
292.2 9.08666475884e-06
292.21 9.07125609317e-06
292.22 9.05588658706e-06
292.23 9.04055610791e-06
292.24 9.02526452371e-06
292.25 9.01001170301e-06
292.26 8.9947975149e-06
292.27 8.97962182903e-06
292.28 8.96448451559e-06
292.29 8.94938544533e-06
292.3 8.93432448954e-06
292.31 8.91930152005e-06
292.32 8.90431640922e-06
292.33 8.88936902995e-06
292.34 8.87445925569e-06
292.35 8.85958696039e-06
292.36 8.84475201856e-06
292.37 8.8299543052e-06
292.38 8.81519369586e-06
292.39 8.8004700666e-06
292.4 8.785783294e-06
292.41 8.77113325514e-06
292.42 8.75651982764e-06
292.43 8.7419428896e-06
292.44 8.72740231964e-06
292.45 8.71289799689e-06
292.46 8.69842980098e-06
292.47 8.68399761202e-06
292.48 8.66960131065e-06
292.49 8.65524077797e-06
292.5 8.64091589559e-06
292.51 8.62662654562e-06
292.52 8.61237261063e-06
292.53 8.5981539737e-06
292.54 8.58397051837e-06
292.55 8.56982212868e-06
292.56 8.55570868913e-06
292.57 8.54163008471e-06
292.58 8.52758620088e-06
292.59 8.51357692356e-06
292.6 8.49960213914e-06
292.61 8.48566173449e-06
292.62 8.47175559693e-06
292.63 8.45788361424e-06
292.64 8.44404567468e-06
292.65 8.43024166693e-06
292.66 8.41647148016e-06
292.67 8.40273500397e-06
292.68 8.38903212842e-06
292.69 8.37536274401e-06
292.7 8.3617267417e-06
292.71 8.34812401288e-06
292.72 8.33455444939e-06
292.73 8.32101794349e-06
292.74 8.30751438791e-06
292.75 8.29404367579e-06
292.76 8.28060570071e-06
292.77 8.26720035668e-06
292.78 8.25382753813e-06
292.79 8.24048713994e-06
292.8 8.22717905739e-06
292.81 8.2139031862e-06
292.82 8.20065942249e-06
292.83 8.18744766283e-06
292.84 8.17426780416e-06
292.85 8.16111974389e-06
292.86 8.14800337979e-06
292.87 8.13491861008e-06
292.88 8.12186533336e-06
292.89 8.10884344866e-06
292.9 8.09585285539e-06
292.91 8.08289345339e-06
292.92 8.06996514288e-06
292.93 8.05706782449e-06
292.94 8.04420139922e-06
292.95 8.03136576851e-06
292.96 8.01856083416e-06
292.97 8.00578649837e-06
292.98 7.99304266373e-06
292.99 7.98032923322e-06
293.0 7.96764611019e-06
293.01 7.9549931984e-06
293.02 7.94237040197e-06
293.03 7.92977762541e-06
293.04 7.9172147736e-06
293.05 7.90468175181e-06
293.06 7.89217846567e-06
293.07 7.8797048212e-06
293.08 7.86726072477e-06
293.09 7.85484608313e-06
293.1 7.8424608034e-06
293.11 7.83010479307e-06
293.12 7.81777795998e-06
293.13 7.80548021233e-06
293.14 7.79321145871e-06
293.15 7.78097160804e-06
293.16 7.76876056961e-06
293.17 7.75657825306e-06
293.18 7.74442456838e-06
293.19 7.73229942592e-06
293.2 7.72020273639e-06
293.21 7.70813441083e-06
293.22 7.69609436063e-06
293.23 7.68408249754e-06
293.24 7.67209873365e-06
293.25 7.66014298137e-06
293.26 7.64821515348e-06
293.27 7.63631516309e-06
293.28 7.62444292364e-06
293.29 7.61259834891e-06
293.3 7.60078135302e-06
293.31 7.58899185042e-06
293.32 7.57722975589e-06
293.33 7.56549498454e-06
293.34 7.5537874518e-06
293.35 7.54210707345e-06
293.36 7.53045376558e-06
293.37 7.51882744459e-06
293.38 7.50722802724e-06
293.39 7.49565543056e-06
293.4 7.48410957196e-06
293.41 7.47259036911e-06
293.42 7.46109774003e-06
293.43 7.44963160305e-06
293.44 7.43819187681e-06
293.45 7.42677848026e-06
293.46 7.41539133266e-06
293.47 7.40403035359e-06
293.48 7.39269546293e-06
293.49 7.38138658086e-06
293.5 7.37010362787e-06
293.51 7.35884652476e-06
293.52 7.34761519263e-06
293.53 7.33640955288e-06
293.54 7.3252295272e-06
293.55 7.31407503758e-06
293.56 7.30294600633e-06
293.57 7.29184235602e-06
293.58 7.28076400955e-06
293.59 7.26971089007e-06
293.6 7.25868292107e-06
293.61 7.2476800263e-06
293.62 7.23670212979e-06
293.63 7.22574915588e-06
293.64 7.2148210292e-06
293.65 7.20391767464e-06
293.66 7.19303901738e-06
293.67 7.18218498291e-06
293.68 7.17135549696e-06
293.69 7.16055048556e-06
293.7 7.14976987503e-06
293.71 7.13901359194e-06
293.72 7.12828156316e-06
293.73 7.11757371582e-06
293.74 7.10688997734e-06
293.75 7.09623027538e-06
293.76 7.08559453791e-06
293.77 7.07498269314e-06
293.78 7.06439466957e-06
293.79 7.05383039595e-06
293.8 7.0432898013e-06
293.81 7.03277281491e-06
293.82 7.02227936635e-06
293.83 7.01180938541e-06
293.84 7.00136280217e-06
293.85 6.99093954698e-06
293.86 6.98053955043e-06
293.87 6.97016274336e-06
293.88 6.9598090569e-06
293.89 6.9494784224e-06
293.9 6.93917077149e-06
293.91 6.92888603604e-06
293.92 6.91862414818e-06
293.93 6.90838504027e-06
293.94 6.89816864496e-06
293.95 6.8879748951e-06
293.96 6.87780372384e-06
293.97 6.86765506454e-06
293.98 6.85752885081e-06
293.99 6.84742501651e-06
294.0 6.83734349575e-06
294.01 6.82728422287e-06
294.02 6.81724713247e-06
294.03 6.80723215936e-06
294.04 6.79723923862e-06
294.05 6.78726830555e-06
294.06 6.77731929569e-06
294.07 6.76739214482e-06
294.08 6.75748678896e-06
294.09 6.74760316434e-06
294.1 6.73774120745e-06
294.11 6.72790085501e-06
294.12 6.71808204394e-06
294.13 6.70828471144e-06
294.14 6.69850879489e-06
294.15 6.68875423193e-06
294.16 6.67902096041e-06
294.17 6.66930891841e-06
294.18 6.65961804425e-06
294.19 6.64994827645e-06
294.2 6.64029955377e-06
294.21 6.63067181518e-06
294.22 6.62106499988e-06
294.23 6.61147904728e-06
294.24 6.60191389703e-06
294.25 6.59236948897e-06
294.26 6.58284576319e-06
294.27 6.57334265995e-06
294.28 6.56386011978e-06
294.29 6.55439808338e-06
294.3 6.54495649169e-06
294.31 6.53553528584e-06
294.32 6.52613440721e-06
294.33 6.51675379734e-06
294.34 6.50739339802e-06
294.35 6.49805315123e-06
294.36 6.48873299917e-06
294.37 6.47943288423e-06
294.38 6.47015274901e-06
294.39 6.46089253634e-06
294.4 6.45165218923e-06
294.41 6.44243165089e-06
294.42 6.43323086474e-06
294.43 6.42404977442e-06
294.44 6.41488832375e-06
294.45 6.40574645675e-06
294.46 6.39662411764e-06
294.47 6.38752125085e-06
294.48 6.378437801e-06
294.49 6.3693737129e-06
294.5 6.36032893158e-06
294.51 6.35130340223e-06
294.52 6.34229707026e-06
294.53 6.33330988126e-06
294.54 6.32434178102e-06
294.55 6.31539271553e-06
294.56 6.30646263095e-06
294.57 6.29755147365e-06
294.58 6.28865919017e-06
294.59 6.27978572725e-06
294.6 6.27093103182e-06
294.61 6.262095051e-06
294.62 6.25327773208e-06
294.63 6.24447902255e-06
294.64 6.23569887008e-06
294.65 6.22693722251e-06
294.66 6.2181940279e-06
294.67 6.20946923446e-06
294.68 6.20076279058e-06
294.69 6.19207464485e-06
294.7 6.18340474603e-06
294.71 6.17475304306e-06
294.72 6.16611948506e-06
294.73 6.15750402132e-06
294.74 6.14890660132e-06
294.75 6.14032717472e-06
294.76 6.13176569132e-06
294.77 6.12322210114e-06
294.78 6.11469635434e-06
294.79 6.10618840128e-06
294.8 6.09769819247e-06
294.81 6.08922567861e-06
294.82 6.08077081056e-06
294.83 6.07233353935e-06
294.84 6.06391381619e-06
294.85 6.05551159244e-06
294.86 6.04712681965e-06
294.87 6.03875944953e-06
294.88 6.03040943395e-06
294.89 6.02207672495e-06
294.9 6.01376127473e-06
294.91 6.00546303568e-06
294.92 5.99718196033e-06
294.93 5.98891800137e-06
294.94 5.98067111167e-06
294.95 5.97244124425e-06
294.96 5.96422835229e-06
294.97 5.95603238916e-06
294.98 5.94785330834e-06
294.99 5.93969106351e-06
295.0 5.93154560849e-06
295.01 5.92341689727e-06
295.02 5.91530488398e-06
295.03 5.90720952293e-06
295.04 5.89913076856e-06
295.05 5.8910685755e-06
295.06 5.88302289849e-06
295.07 5.87499369247e-06
295.08 5.8669809125e-06
295.09 5.8589845138e-06
295.1 5.85100445177e-06
295.11 5.84304068192e-06
295.12 5.83509315994e-06
295.13 5.82716184166e-06
295.14 5.81924668307e-06
295.15 5.81134764028e-06
295.16 5.80346466959e-06
295.17 5.79559772742e-06
295.18 5.78774677034e-06
295.19 5.77991175509e-06
295.2 5.77209263852e-06
295.21 5.76428937765e-06
295.22 5.75650192965e-06
295.23 5.74873025181e-06
295.24 5.74097430159e-06
295.25 5.73323403657e-06
295.26 5.72550941449e-06
295.27 5.71780039323e-06
295.28 5.71010693081e-06
295.29 5.70242898539e-06
295.3 5.69476651526e-06
295.31 5.68711947887e-06
295.32 5.6794878348e-06
295.33 5.67187154176e-06
295.34 5.66427055861e-06
295.35 5.65668484435e-06
295.36 5.6491143581e-06
295.37 5.64155905915e-06
295.38 5.63401890688e-06
295.39 5.62649386085e-06
295.4 5.61898388072e-06
295.41 5.61148892631e-06
295.42 5.60400895755e-06
295.43 5.59654393454e-06
295.44 5.58909381746e-06
295.45 5.58165856668e-06
295.46 5.57423814266e-06
295.47 5.566832506e-06
295.48 5.55944161744e-06
295.49 5.55206543786e-06
295.5 5.54470392824e-06
295.51 5.5373570497e-06
295.52 5.53002476351e-06
295.53 5.52270703104e-06
295.54 5.51540381381e-06
295.55 5.50811507345e-06
295.56 5.50084077172e-06
295.57 5.49358087052e-06
295.58 5.48633533185e-06
295.59 5.47910411786e-06
295.6 5.47188719082e-06
295.61 5.46468451311e-06
295.62 5.45749604724e-06
295.63 5.45032175586e-06
295.64 5.44316160171e-06
295.65 5.43601554769e-06
295.66 5.42888355679e-06
295.67 5.42176559214e-06
295.68 5.41466161698e-06
295.69 5.40757159468e-06
295.7 5.40049548872e-06
295.71 5.39343326271e-06
295.72 5.38638488037e-06
295.73 5.37935030553e-06
295.74 5.37232950217e-06
295.75 5.36532243436e-06
295.76 5.35832906629e-06
295.77 5.35134936227e-06
295.78 5.34438328674e-06
295.79 5.33743080422e-06
295.8 5.33049187938e-06
295.81 5.323566477e-06
295.82 5.31665456196e-06
295.83 5.30975609925e-06
295.84 5.302871054e-06
295.85 5.29599939144e-06
295.86 5.28914107689e-06
295.87 5.28229607582e-06
295.88 5.27546435378e-06
295.89 5.26864587646e-06
295.9 5.26184060964e-06
295.91 5.25504851921e-06
295.92 5.24826957118e-06
295.93 5.24150373166e-06
295.94 5.23475096689e-06
295.95 5.22801124319e-06
295.96 5.22128452701e-06
295.97 5.21457078489e-06
295.98 5.2078699835e-06
295.99 5.20118208959e-06
296.0 5.19450707004e-06
296.01 5.18784489183e-06
296.02 5.18119552203e-06
296.03 5.17455892785e-06
296.04 5.16793507656e-06
296.05 5.16132393557e-06
296.06 5.15472547238e-06
296.07 5.14813965459e-06
296.08 5.14156644992e-06
296.09 5.13500582617e-06
296.1 5.12845775127e-06
296.11 5.12192219323e-06
296.12 5.11539912016e-06
296.13 5.1088885003e-06
296.14 5.10239030195e-06
296.15 5.09590449354e-06
296.16 5.0894310436e-06
296.17 5.08296992075e-06
296.18 5.0765210937e-06
296.19 5.07008453128e-06
296.2 5.06366020241e-06
296.21 5.05724807611e-06
296.22 5.05084812149e-06
296.23 5.04446030776e-06
296.24 5.03808460425e-06
296.25 5.03172098035e-06
296.26 5.02536940556e-06
296.27 5.0190298495e-06
296.28 5.01270228186e-06
296.29 5.00638667242e-06
296.3 5.00008299109e-06
296.31 4.99379120782e-06
296.32 4.98751129271e-06
296.33 4.98124321593e-06
296.34 4.97498694773e-06
296.35 4.96874245848e-06
296.36 4.96250971862e-06
296.37 4.9562886987e-06
296.38 4.95007936934e-06
296.39 4.94388170129e-06
296.4 4.93769566535e-06
296.41 4.93152123244e-06
296.42 4.92535837356e-06
296.43 4.9192070598e-06
296.44 4.91306726233e-06
296.45 4.90693895243e-06
296.46 4.90082210147e-06
296.47 4.89471668088e-06
296.48 4.88862266221e-06
296.49 4.88254001709e-06
296.5 4.87646871723e-06
296.51 4.87040873443e-06
296.52 4.86436004059e-06
296.53 4.85832260768e-06
296.54 4.85229640777e-06
296.55 4.84628141301e-06
296.56 4.84027759564e-06
296.57 4.83428492798e-06
296.58 4.82830338244e-06
296.59 4.82233293151e-06
296.6 4.81637354778e-06
296.61 4.8104252039e-06
296.62 4.80448787263e-06
296.63 4.7985615268e-06
296.64 4.79264613933e-06
296.65 4.78674168321e-06
296.66 4.78084813153e-06
296.67 4.77496545745e-06
296.68 4.76909363422e-06
296.69 4.76323263518e-06
296.7 4.75738243373e-06
296.71 4.75154300336e-06
296.72 4.74571431766e-06
296.73 4.73989635028e-06
296.74 4.73408907495e-06
296.75 4.7282924655e-06
296.76 4.72250649581e-06
296.77 4.71673113987e-06
296.78 4.71096637173e-06
296.79 4.70521216554e-06
296.8 4.69946849549e-06
296.81 4.69373533589e-06
296.82 4.68801266111e-06
296.83 4.6823004456e-06
296.84 4.67659866388e-06
296.85 4.67090729056e-06
296.86 4.66522630033e-06
296.87 4.65955566793e-06
296.88 4.65389536821e-06
296.89 4.64824537609e-06
296.9 4.64260566654e-06
296.91 4.63697621463e-06
296.92 4.6313569955e-06
296.93 4.62574798437e-06
296.94 4.62014915652e-06
296.95 4.61456048733e-06
296.96 4.60898195222e-06
296.97 4.60341352672e-06
296.98 4.5978551864e-06
296.99 4.59230690694e-06
297.0 4.58676866406e-06
297.01 4.58124043357e-06
297.02 4.57572219136e-06
297.03 4.57021391337e-06
297.04 4.56471557563e-06
297.05 4.55922715423e-06
297.06 4.55374862535e-06
297.07 4.54827996523e-06
297.08 4.54282115018e-06
297.09 4.53737215657e-06
297.1 4.53193296087e-06
297.11 4.5265035396e-06
297.12 4.52108386935e-06
297.13 4.51567392678e-06
297.14 4.51027368864e-06
297.15 4.50488313172e-06
297.16 4.4995022329e-06
297.17 4.49413096912e-06
297.18 4.48876931739e-06
297.19 4.48341725478e-06
297.2 4.47807475846e-06
297.21 4.47274180562e-06
297.22 4.46741837356e-06
297.23 4.46210443963e-06
297.24 4.45679998124e-06
297.25 4.45150497588e-06
297.26 4.4462194011e-06
297.27 4.44094323452e-06
297.28 4.43567645383e-06
297.29 4.43041903677e-06
297.3 4.42517096117e-06
297.31 4.4199322049e-06
297.32 4.41470274592e-06
297.33 4.40948256223e-06
297.34 4.40427163192e-06
297.35 4.39906993312e-06
297.36 4.39387744406e-06
297.37 4.38869414299e-06
297.38 4.38352000825e-06
297.39 4.37835501825e-06
297.4 4.37319915144e-06
297.41 4.36805238635e-06
297.42 4.36291470158e-06
297.43 4.35778607577e-06
297.44 4.35266648764e-06
297.45 4.34755591597e-06
297.46 4.3424543396e-06
297.47 4.33736173742e-06
297.48 4.33227808841e-06
297.49 4.32720337159e-06
297.5 4.32213756605e-06
297.51 4.31708065093e-06
297.52 4.31203260544e-06
297.53 4.30699340885e-06
297.54 4.3019630405e-06
297.55 4.29694147977e-06
297.56 4.29192870611e-06
297.57 4.28692469904e-06
297.58 4.28192943812e-06
297.59 4.27694290299e-06
297.6 4.27196507333e-06
297.61 4.2669959289e-06
297.62 4.26203544949e-06
297.63 4.25708361497e-06
297.64 4.25214040527e-06
297.65 4.24720580038e-06
297.66 4.24227978032e-06
297.67 4.2373623252e-06
297.68 4.23245341518e-06
297.69 4.22755303046e-06
297.7 4.22266115132e-06
297.71 4.21777775809e-06
297.72 4.21290283114e-06
297.73 4.20803635093e-06
297.74 4.20317829794e-06
297.75 4.19832865274e-06
297.76 4.19348739592e-06
297.77 4.18865450817e-06
297.78 4.18382997019e-06
297.79 4.17901376277e-06
297.8 4.17420586673e-06
297.81 4.16940626297e-06
297.82 4.16461493243e-06
297.83 4.15983185609e-06
297.84 4.15505701503e-06
297.85 4.15029039033e-06
297.86 4.14553196316e-06
297.87 4.14078171473e-06
297.88 4.13603962632e-06
297.89 4.13130567923e-06
297.9 4.12657985486e-06
297.91 4.12186213461e-06
297.92 4.11715249999e-06
297.93 4.11245093251e-06
297.94 4.10775741377e-06
297.95 4.1030719254e-06
297.96 4.09839444909e-06
297.97 4.0937249666e-06
297.98 4.08906345971e-06
297.99 4.08440991027e-06
298.0 4.07976430018e-06
298.01 4.07512661139e-06
298.02 4.0704968259e-06
298.03 4.06587492576e-06
298.04 4.06126089308e-06
298.05 4.05665471002e-06
298.06 4.05205635877e-06
298.07 4.04746582159e-06
298.08 4.04288308079e-06
298.09 4.03830811872e-06
298.1 4.03374091779e-06
298.11 4.02918146046e-06
298.12 4.02462972922e-06
298.13 4.02008570663e-06
298.14 4.01554937529e-06
298.15 4.01102071787e-06
298.16 4.00649971705e-06
298.17 4.00198635558e-06
298.18 3.99748061628e-06
298.19 3.99298248198e-06
298.2 3.98849193557e-06
298.21 3.98400896001e-06
298.22 3.97953353828e-06
298.23 3.97506565342e-06
298.24 3.97060528852e-06
298.25 3.96615242671e-06
298.26 3.96170705117e-06
298.27 3.95726914513e-06
298.28 3.95283869186e-06
298.29 3.94841567469e-06
298.3 3.94400007699e-06
298.31 3.93959188217e-06
298.32 3.93519107368e-06
298.33 3.93079763505e-06
298.34 3.92641154982e-06
298.35 3.92203280159e-06
298.36 3.917661374e-06
298.37 3.91329725076e-06
298.38 3.90894041558e-06
298.39 3.90459085226e-06
298.4 3.90024854462e-06
298.41 3.89591347653e-06
298.42 3.8915856319e-06
298.43 3.88726499471e-06
298.44 3.88295154894e-06
298.45 3.87864527866e-06
298.46 3.87434616796e-06
298.47 3.87005420096e-06
298.48 3.86576936186e-06
298.49 3.86149163489e-06
298.5 3.8572210043e-06
298.51 3.85295745441e-06
298.52 3.84870096958e-06
298.53 3.84445153421e-06
298.54 3.84020913273e-06
298.55 3.83597374964e-06
298.56 3.83174536945e-06
298.57 3.82752397675e-06
298.58 3.82330955614e-06
298.59 3.81910209229e-06
298.6 3.81490156987e-06
298.61 3.81070797364e-06
298.62 3.80652128838e-06
298.63 3.80234149891e-06
298.64 3.79816859009e-06
298.65 3.79400254683e-06
298.66 3.78984335407e-06
298.67 3.78569099682e-06
298.68 3.78154546009e-06
298.69 3.77740672895e-06
298.7 3.77327478853e-06
298.71 3.76914962396e-06
298.72 3.76503122045e-06
298.73 3.76091956322e-06
298.74 3.75681463756e-06
298.75 3.75271642877e-06
298.76 3.7486249222e-06
298.77 3.74454010326e-06
298.78 3.74046195737e-06
298.79 3.73639047001e-06
298.8 3.73232562669e-06
298.81 3.72826741296e-06
298.82 3.72421581442e-06
298.83 3.72017081668e-06
298.84 3.71613240544e-06
298.85 3.71210056638e-06
298.86 3.70807528526e-06
298.87 3.70405654786e-06
298.88 3.70004434001e-06
298.89 3.69603864757e-06
298.9 3.69203945644e-06
298.91 3.68804675256e-06
298.92 3.68406052191e-06
298.93 3.6800807505e-06
298.94 3.67610742438e-06
298.95 3.67214052964e-06
298.96 3.66818005241e-06
298.97 3.66422597886e-06
298.98 3.66027829519e-06
298.99 3.65633698763e-06
299.0 3.65240204247e-06
299.01 3.64847344601e-06
299.02 3.64455118461e-06
299.03 3.64063524465e-06
299.04 3.63672561256e-06
299.05 3.63282227479e-06
299.06 3.62892521785e-06
299.07 3.62503442825e-06
299.08 3.62114989258e-06
299.09 3.61727159744e-06
299.1 3.61339952946e-06
299.11 3.60953367533e-06
299.12 3.60567402175e-06
299.13 3.60182055547e-06
299.14 3.59797326327e-06
299.15 3.59413213197e-06
299.16 3.59029714842e-06
299.17 3.58646829952e-06
299.18 3.58264557217e-06
299.19 3.57882895335e-06
299.2 3.57501843004e-06
299.21 3.57121398927e-06
299.22 3.56741561811e-06
299.23 3.56362330364e-06
299.24 3.55983703299e-06
299.25 3.55605679334e-06
299.26 3.55228257188e-06
299.27 3.54851435583e-06
299.28 3.54475213248e-06
299.29 3.54099588911e-06
299.3 3.53724561307e-06
299.31 3.53350129171e-06
299.32 3.52976291244e-06
299.33 3.52603046269e-06
299.34 3.52230392993e-06
299.35 3.51858330165e-06
299.36 3.5148685654e-06
299.37 3.51115970873e-06
299.38 3.50745671926e-06
299.39 3.50375958459e-06
299.4 3.50006829241e-06
299.41 3.4963828304e-06
299.42 3.4927031863e-06
299.43 3.48902934787e-06
299.44 3.4853613029e-06
299.45 3.48169903921e-06
299.46 3.47804254466e-06
299.47 3.47439180714e-06
299.48 3.47074681458e-06
299.49 3.46710755492e-06
299.5 3.46347401615e-06
299.51 3.45984618628e-06
299.52 3.45622405336e-06
299.53 3.45260760547e-06
299.54 3.44899683072e-06
299.55 3.44539171725e-06
299.56 3.44179225322e-06
299.57 3.43819842685e-06
299.58 3.43461022636e-06
299.59 3.43102764002e-06
299.6 3.42745065612e-06
299.61 3.42387926299e-06
299.62 3.42031344898e-06
299.63 3.41675320248e-06
299.64 3.41319851191e-06
299.65 3.4096493657e-06
299.66 3.40610575234e-06
299.67 3.40256766032e-06
299.68 3.3990350782e-06
299.69 3.39550799452e-06
299.7 3.39198639789e-06
299.71 3.38847027694e-06
299.72 3.3849596203e-06
299.73 3.38145441668e-06
299.74 3.37795465478e-06
299.75 3.37446032333e-06
299.76 3.37097141113e-06
299.77 3.36748790695e-06
299.78 3.36400979964e-06
299.79 3.36053707804e-06
299.8 3.35706973106e-06
299.81 3.35360774759e-06
299.82 3.35015111659e-06
299.83 3.34669982702e-06
299.84 3.3432538679e-06
299.85 3.33981322823e-06
299.86 3.33637789709e-06
299.87 3.33294786356e-06
299.88 3.32952311675e-06
299.89 3.32610364581e-06
299.9 3.32268943989e-06
299.91 3.3192804882e-06
299.92 3.31587677996e-06
299.93 3.31247830443e-06
299.94 3.30908505088e-06
299.95 3.30569700863e-06
299.96 3.302314167e-06
299.97 3.29893651535e-06
299.98 3.29556404308e-06
299.99 3.2921967396e-06
