270.0 4.76208232013e-06
270.01 4.77075166679e-06
270.02 4.77944473001e-06
270.03 4.78816159642e-06
270.04 4.7969023531e-06
270.05 4.8056670875e-06
270.06 4.81445588746e-06
270.07 4.82326884126e-06
270.08 4.83210603756e-06
270.09 4.84096756542e-06
270.1 4.84985351434e-06
270.11 4.85876397419e-06
270.12 4.8676990353e-06
270.13 4.87665878838e-06
270.14 4.88564332459e-06
270.15 4.89465273547e-06
270.16 4.90368711304e-06
270.17 4.91274654968e-06
270.18 4.92183113826e-06
270.19 4.93094097205e-06
270.2 4.94007614474e-06
270.21 4.94923675048e-06
270.22 4.95842288386e-06
270.23 4.96763463989e-06
270.24 4.97687211404e-06
270.25 4.98613540222e-06
270.26 4.99542460078e-06
270.27 5.00473980652e-06
270.28 5.01408111672e-06
270.29 5.02344862908e-06
270.3 5.03284244178e-06
270.31 5.04226265345e-06
270.32 5.0517093632e-06
270.33 5.06118267057e-06
270.34 5.07068267561e-06
270.35 5.08020947882e-06
270.36 5.08976318117e-06
270.37 5.09934388412e-06
270.38 5.10895168959e-06
270.39 5.11858670001e-06
270.4 5.12824901827e-06
270.41 5.13793874776e-06
270.42 5.14765599235e-06
270.43 5.15740085641e-06
270.44 5.16717344481e-06
270.45 5.17697386291e-06
270.46 5.18680221657e-06
270.47 5.19665861217e-06
270.48 5.20654315658e-06
270.49 5.21645595718e-06
270.5 5.22639712188e-06
270.51 5.23636675909e-06
270.52 5.24636497774e-06
270.53 5.2563918873e-06
270.54 5.26644759773e-06
270.55 5.27653221956e-06
270.56 5.28664586382e-06
270.57 5.29678864208e-06
270.58 5.30696066646e-06
270.59 5.31716204961e-06
270.6 5.32739290472e-06
270.61 5.33765334554e-06
270.62 5.34794348634e-06
270.63 5.35826344199e-06
270.64 5.36861332788e-06
270.65 5.37899325997e-06
270.66 5.38940335477e-06
270.67 5.39984372939e-06
270.68 5.41031450147e-06
270.69 5.42081578924e-06
270.7 5.43134771152e-06
270.71 5.44191038768e-06
270.72 5.4525039377e-06
270.73 5.46312848212e-06
270.74 5.47378414209e-06
270.75 5.48447103935e-06
270.76 5.49518929623e-06
270.77 5.50593903566e-06
270.78 5.51672038117e-06
270.79 5.52753345692e-06
270.8 5.53837838765e-06
270.81 5.54925529873e-06
270.82 5.56016431615e-06
270.83 5.57110556651e-06
270.84 5.58207917705e-06
270.85 5.59308527563e-06
270.86 5.60412399074e-06
270.87 5.61519545152e-06
270.88 5.62629978773e-06
270.89 5.6374371298e-06
270.9 5.64860760877e-06
270.91 5.65981135638e-06
270.92 5.67104850499e-06
270.93 5.68231918762e-06
270.94 5.69362353798e-06
270.95 5.70496169042e-06
270.96 5.71633377998e-06
270.97 5.72773994236e-06
270.98 5.73918031396e-06
270.99 5.75065503185e-06
271.0 5.76216423378e-06
271.01 5.7737080582e-06
271.02 5.78528664427e-06
271.03 5.79690013183e-06
271.04 5.80854866144e-06
271.05 5.82023237436e-06
271.06 5.83195141255e-06
271.07 5.84370591873e-06
271.08 5.85549603629e-06
271.09 5.86732190938e-06
271.1 5.87918368287e-06
271.11 5.89108150237e-06
271.12 5.90301551422e-06
271.13 5.91498586552e-06
271.14 5.9269927041e-06
271.15 5.93903617856e-06
271.16 5.95111643824e-06
271.17 5.96323363326e-06
271.18 5.9753879145e-06
271.19 5.98757943361e-06
271.2 5.99980834302e-06
271.21 6.01207479594e-06
271.22 6.02437894636e-06
271.23 6.03672094908e-06
271.24 6.04910095967e-06
271.25 6.06151913452e-06
271.26 6.07397563083e-06
271.27 6.08647060659e-06
271.28 6.09900422062e-06
271.29 6.11157663256e-06
271.3 6.12418800287e-06
271.31 6.13683849285e-06
271.32 6.14952826464e-06
271.33 6.16225748119e-06
271.34 6.17502630635e-06
271.35 6.18783490477e-06
271.36 6.20068344199e-06
271.37 6.2135720844e-06
271.38 6.22650099926e-06
271.39 6.23947035472e-06
271.4 6.25248031977e-06
271.41 6.26553106433e-06
271.42 6.27862275918e-06
271.43 6.29175557601e-06
271.44 6.3049296874e-06
271.45 6.31814526685e-06
271.46 6.33140248877e-06
271.47 6.34470152848e-06
271.48 6.35804256223e-06
271.49 6.37142576721e-06
271.5 6.38485132152e-06
271.51 6.39831940424e-06
271.52 6.41183019537e-06
271.53 6.42538387587e-06
271.54 6.43898062767e-06
271.55 6.45262063365e-06
271.56 6.46630407768e-06
271.57 6.4800311446e-06
271.58 6.49380202023e-06
271.59 6.50761689139e-06
271.6 6.52147594591e-06
271.61 6.5353793726e-06
271.62 6.54932736128e-06
271.63 6.56332010282e-06
271.64 6.57735778907e-06
271.65 6.59144061295e-06
271.66 6.6055687684e-06
271.67 6.61974245039e-06
271.68 6.63396185496e-06
271.69 6.64822717921e-06
271.7 6.66253862129e-06
271.71 6.67689638042e-06
271.72 6.69130065691e-06
271.73 6.70575165216e-06
271.74 6.72024956864e-06
271.75 6.73479460993e-06
271.76 6.74938698072e-06
271.77 6.76402688682e-06
271.78 6.77871453515e-06
271.79 6.79345013375e-06
271.8 6.80823389182e-06
271.81 6.82306601969e-06
271.82 6.83794672883e-06
271.83 6.85287623189e-06
271.84 6.86785474266e-06
271.85 6.88288247614e-06
271.86 6.89795964847e-06
271.87 6.91308647701e-06
271.88 6.9282631803e-06
271.89 6.9434899781e-06
271.9 6.95876709136e-06
271.91 6.97409474228e-06
271.92 6.98947315426e-06
271.93 7.00490255196e-06
271.94 7.02038316128e-06
271.95 7.03591520936e-06
271.96 7.05149892462e-06
271.97 7.06713453674e-06
271.98 7.08282227668e-06
271.99 7.09856237669e-06
272.0 7.11435507033e-06
272.01 7.13020059243e-06
272.02 7.14609917918e-06
272.03 7.16205106804e-06
272.04 7.17805649785e-06
272.05 7.19411570876e-06
272.06 7.21022894229e-06
272.07 7.22639644129e-06
272.08 7.24261845001e-06
272.09 7.25889521406e-06
272.1 7.27522698044e-06
272.11 7.29161399754e-06
272.12 7.30805651517e-06
272.13 7.32455478453e-06
272.14 7.34110905828e-06
272.15 7.35771959049e-06
272.16 7.37438663666e-06
272.17 7.39111045379e-06
272.18 7.40789130029e-06
272.19 7.42472943609e-06
272.2 7.44162512258e-06
272.21 7.45857862264e-06
272.22 7.47559020067e-06
272.23 7.49266012258e-06
272.24 7.5097886558e-06
272.25 7.5269760693e-06
272.26 7.54422263359e-06
272.27 7.56152862075e-06
272.28 7.57889430442e-06
272.29 7.59631995981e-06
272.3 7.61380586374e-06
272.31 7.63135229462e-06
272.32 7.64895953246e-06
272.33 7.66662785892e-06
272.34 7.68435755726e-06
272.35 7.70214891242e-06
272.36 7.72000221098e-06
272.37 7.73791774119e-06
272.38 7.75589579297e-06
272.39 7.77393665797e-06
272.4 7.79204062949e-06
272.41 7.81020800259e-06
272.42 7.82843907405e-06
272.43 7.84673414237e-06
272.44 7.86509350782e-06
272.45 7.88351747243e-06
272.46 7.90200634002e-06
272.47 7.92056041617e-06
272.48 7.9391800083e-06
272.49 7.95786542562e-06
272.5 7.97661697918e-06
272.51 7.99543498186e-06
272.52 8.01431974842e-06
272.53 8.03327159545e-06
272.54 8.05229084146e-06
272.55 8.07137780682e-06
272.56 8.09053281384e-06
272.57 8.10975618673e-06
272.58 8.12904825165e-06
272.59 8.14840933669e-06
272.6 8.16783977193e-06
272.61 8.1873398894e-06
272.62 8.20691002315e-06
272.63 8.22655050922e-06
272.64 8.24626168566e-06
272.65 8.26604389259e-06
272.66 8.28589747214e-06
272.67 8.30582276853e-06
272.68 8.32582012806e-06
272.69 8.34588989912e-06
272.7 8.36603243221e-06
272.71 8.38624807995e-06
272.72 8.40653719711e-06
272.73 8.42690014062e-06
272.74 8.44733726957e-06
272.75 8.46784894525e-06
272.76 8.48843553115e-06
272.77 8.50909739299e-06
272.78 8.52983489871e-06
272.79 8.55064841851e-06
272.8 8.57153832487e-06
272.81 8.59250499256e-06
272.82 8.61354879862e-06
272.83 8.63467012246e-06
272.84 8.65586934578e-06
272.85 8.67714685268e-06
272.86 8.69850302961e-06
272.87 8.7199382654e-06
272.88 8.74145295131e-06
272.89 8.76304748102e-06
272.9 8.78472225065e-06
272.91 8.80647765878e-06
272.92 8.82831410648e-06
272.93 8.85023199732e-06
272.94 8.87223173737e-06
272.95 8.89431373528e-06
272.96 8.9164784022e-06
272.97 8.9387261519e-06
272.98 8.96105740072e-06
272.99 8.98347256764e-06
273.0 9.00597207424e-06
273.01 9.02855634478e-06
273.02 9.05122580619e-06
273.03 9.07398088808e-06
273.04 9.09682202281e-06
273.05 9.11974964543e-06
273.06 9.14276419379e-06
273.07 9.16586610848e-06
273.08 9.18905583292e-06
273.09 9.21233381333e-06
273.1 9.23570049878e-06
273.11 9.2591563412e-06
273.12 9.28270179541e-06
273.13 9.30633731914e-06
273.14 9.33006337304e-06
273.15 9.35388042073e-06
273.16 9.37778892877e-06
273.17 9.40178936677e-06
273.18 9.42588220732e-06
273.19 9.45006792607e-06
273.2 9.47434700174e-06
273.21 9.49871991614e-06
273.22 9.5231871542e-06
273.23 9.54774920399e-06
273.24 9.57240655673e-06
273.25 9.59715970685e-06
273.26 9.622009152e-06
273.27 9.64695539304e-06
273.28 9.67199893411e-06
273.29 9.69714028267e-06
273.3 9.72237994944e-06
273.31 9.74771844854e-06
273.32 9.77315629741e-06
273.33 9.79869401693e-06
273.34 9.82433213136e-06
273.35 9.85007116845e-06
273.36 9.8759116594e-06
273.37 9.90185413892e-06
273.38 9.92789914526e-06
273.39 9.95404722022e-06
273.4 9.98029890919e-06
273.41 1.00066547612e-05
273.42 1.00331153289e-05
273.43 1.00596811686e-05
273.44 1.00863528403e-05
273.45 1.01131309079e-05
273.46 1.01400159389e-05
273.47 1.01670085045e-05
273.48 1.019410918e-05
273.49 1.02213185444e-05
273.5 1.02486371805e-05
273.51 1.02760656752e-05
273.52 1.03036046193e-05
273.53 1.03312546074e-05
273.54 1.03590162385e-05
273.55 1.03868901152e-05
273.56 1.04148768444e-05
273.57 1.04429770372e-05
273.58 1.04711913088e-05
273.59 1.04995202784e-05
273.6 1.05279645696e-05
273.61 1.05565248102e-05
273.62 1.05852016323e-05
273.63 1.06139956723e-05
273.64 1.06429075709e-05
273.65 1.06719379733e-05
273.66 1.0701087529e-05
273.67 1.07303568921e-05
273.68 1.07597467211e-05
273.69 1.07892576792e-05
273.7 1.08188904339e-05
273.71 1.08486456574e-05
273.72 1.08785240269e-05
273.73 1.09085262237e-05
273.74 1.09386529343e-05
273.75 1.09689048497e-05
273.76 1.0999282666e-05
273.77 1.10297870837e-05
273.78 1.10604188087e-05
273.79 1.10911785514e-05
273.8 1.11220670274e-05
273.81 1.11530849573e-05
273.82 1.11842330667e-05
273.83 1.12155120863e-05
273.84 1.1246922752e-05
273.85 1.12784658049e-05
273.86 1.13101419912e-05
273.87 1.13419520625e-05
273.88 1.13738967756e-05
273.89 1.14059768928e-05
273.9 1.14381931817e-05
273.91 1.14705464155e-05
273.92 1.15030373727e-05
273.93 1.15356668376e-05
273.94 1.15684355997e-05
273.95 1.16013444547e-05
273.96 1.16343942034e-05
273.97 1.16675856529e-05
273.98 1.17009196157e-05
273.99 1.17343969102e-05
274.0 1.17680183609e-05
274.01 1.18017847981e-05
274.02 1.18356970581e-05
274.03 1.18697559832e-05
274.04 1.19039624218e-05
274.05 1.19383172287e-05
274.06 1.19728212646e-05
274.07 1.20074753966e-05
274.08 1.2042280498e-05
274.09 1.20772374488e-05
274.1 1.2112347135e-05
274.11 1.21476104493e-05
274.12 1.2183028291e-05
274.13 1.22186015659e-05
274.14 1.22543311865e-05
274.15 1.22902180719e-05
274.16 1.23262631482e-05
274.17 1.23624673482e-05
274.18 1.23988316115e-05
274.19 1.24353568849e-05
274.2 1.2472044122e-05
274.21 1.25088942835e-05
274.22 1.25459083375e-05
274.23 1.25830872591e-05
274.24 1.26204320305e-05
274.25 1.26579436417e-05
274.26 1.26956230897e-05
274.27 1.27334713791e-05
274.28 1.27714895222e-05
274.29 1.28096785387e-05
274.3 1.2848039456e-05
274.31 1.28865733094e-05
274.32 1.29252811418e-05
274.33 1.29641640042e-05
274.34 1.30032229554e-05
274.35 1.30424590623e-05
274.36 1.30818734e-05
274.37 1.31214670515e-05
274.38 1.31612411084e-05
274.39 1.32011966704e-05
274.4 1.32413348457e-05
274.41 1.3281656751e-05
274.42 1.33221635114e-05
274.43 1.33628562609e-05
274.44 1.3403736142e-05
274.45 1.34448043061e-05
274.46 1.34860619136e-05
274.47 1.35275101336e-05
274.48 1.35691501444e-05
274.49 1.36109831335e-05
274.5 1.36530102975e-05
274.51 1.36952328424e-05
274.52 1.37376519835e-05
274.53 1.37802689456e-05
274.54 1.38230849632e-05
274.55 1.38661012803e-05
274.56 1.39093191507e-05
274.57 1.39527398382e-05
274.58 1.39963646161e-05
274.59 1.40401947683e-05
274.6 1.40842315884e-05
274.61 1.41284763804e-05
274.62 1.41729304586e-05
274.63 1.42175951477e-05
274.64 1.42624717829e-05
274.65 1.43075617101e-05
274.66 1.43528662858e-05
274.67 1.43983868774e-05
274.68 1.44441248632e-05
274.69 1.44900816326e-05
274.7 1.4536258586e-05
274.71 1.45826571351e-05
274.72 1.4629278703e-05
274.73 1.46761247242e-05
274.74 1.47231966449e-05
274.75 1.47704959229e-05
274.76 1.48180240276e-05
274.77 1.48657824407e-05
274.78 1.49137726557e-05
274.79 1.49619961783e-05
274.8 1.50104545264e-05
274.81 1.50591492303e-05
274.82 1.51080818331e-05
274.83 1.515725389e-05
274.84 1.52066669694e-05
274.85 1.52563226524e-05
274.86 1.53062225332e-05
274.87 1.5356368219e-05
274.88 1.54067613304e-05
274.89 1.54574035014e-05
274.9 1.55082963794e-05
274.91 1.55594416256e-05
274.92 1.5610840915e-05
274.93 1.56624959365e-05
274.94 1.5714408393e-05
274.95 1.5766580002e-05
274.96 1.58190124948e-05
274.97 1.58717076177e-05
274.98 1.59246671314e-05
274.99 1.59778928116e-05
275.0 1.60313864486e-05
275.01 1.60851498484e-05
275.02 1.61391848316e-05
275.03 1.61934932347e-05
275.04 1.62480769097e-05
275.05 1.63029377241e-05
275.06 1.63580775615e-05
275.07 1.64134983216e-05
275.08 1.64692019201e-05
275.09 1.65251902894e-05
275.1 1.65814653781e-05
275.11 1.66380291519e-05
275.12 1.66948835932e-05
275.13 1.67520307015e-05
275.14 1.68094724935e-05
275.15 1.68672110035e-05
275.16 1.69252482833e-05
275.17 1.69835864025e-05
275.18 1.70422274487e-05
275.19 1.71011735278e-05
275.2 1.71604267639e-05
275.21 1.72199892997e-05
275.22 1.72798632967e-05
275.23 1.73400509354e-05
275.24 1.74005544152e-05
275.25 1.74613759552e-05
275.26 1.75225177939e-05
275.27 1.75839821895e-05
275.28 1.76457714203e-05
275.29 1.77078877846e-05
275.3 1.77703336015e-05
275.31 1.78331112102e-05
275.32 1.78962229712e-05
275.33 1.79596712659e-05
275.34 1.80234584969e-05
275.35 1.80875870884e-05
275.36 1.81520594864e-05
275.37 1.82168781589e-05
275.38 1.82820455961e-05
275.39 1.83475643105e-05
275.4 1.84134368378e-05
275.41 1.8479665736e-05
275.42 1.8546253587e-05
275.43 1.86132029956e-05
275.44 1.86805165906e-05
275.45 1.87481970248e-05
275.46 1.88162469751e-05
275.47 1.88846691432e-05
275.48 1.89534662552e-05
275.49 1.90226410625e-05
275.5 1.90921963419e-05
275.51 1.91621348956e-05
275.52 1.9232459552e-05
275.53 1.93031731653e-05
275.54 1.93742786164e-05
275.55 1.94457788132e-05
275.56 1.95176766903e-05
275.57 1.95899752098e-05
275.58 1.96626773617e-05
275.59 1.97357861637e-05
275.6 1.9809304662e-05
275.61 1.98832359314e-05
275.62 1.99575830757e-05
275.63 2.0032349228e-05
275.64 2.01075375508e-05
275.65 2.0183151237e-05
275.66 2.02591935093e-05
275.67 2.03356676215e-05
275.68 2.04125768582e-05
275.69 2.04899245352e-05
275.7 2.05677140004e-05
275.71 2.06459486334e-05
275.72 2.07246318465e-05
275.73 2.08037670848e-05
275.74 2.08833578266e-05
275.75 2.09634075836e-05
275.76 2.10439199019e-05
275.77 2.11248983616e-05
275.78 2.12063465777e-05
275.79 2.12882682005e-05
275.8 2.13706669158e-05
275.81 2.14535464455e-05
275.82 2.15369105479e-05
275.83 2.16207630181e-05
275.84 2.17051076887e-05
275.85 2.17899484299e-05
275.86 2.18752891502e-05
275.87 2.19611337968e-05
275.88 2.20474863557e-05
275.89 2.2134350853e-05
275.9 2.22217313545e-05
275.91 2.23096319665e-05
275.92 2.23980568367e-05
275.93 2.24870101539e-05
275.94 2.25764961492e-05
275.95 2.26665190962e-05
275.96 2.27570833113e-05
275.97 2.28481931548e-05
275.98 2.2939853031e-05
275.99 2.30320673886e-05
276.0 2.31248407219e-05
276.01 2.32181775705e-05
276.02 2.33120825207e-05
276.03 2.34065602053e-05
276.04 2.35016153048e-05
276.05 2.35972525477e-05
276.06 2.36934767109e-05
276.07 2.37902926208e-05
276.08 2.38877051534e-05
276.09 2.39857192354e-05
276.1 2.40843398443e-05
276.11 2.41835720097e-05
276.12 2.42834208131e-05
276.13 2.43838913893e-05
276.14 2.44849889269e-05
276.15 2.45867186686e-05
276.16 2.46890859124e-05
276.17 2.47920960118e-05
276.18 2.4895754377e-05
276.19 2.50000664753e-05
276.2 2.51050378317e-05
276.21 2.52106740302e-05
276.22 2.53169807139e-05
276.23 2.54239635863e-05
276.24 2.55316284116e-05
276.25 2.56399810159e-05
276.26 2.57490272877e-05
276.27 2.58587731787e-05
276.28 2.59692247051e-05
276.29 2.60803879478e-05
276.3 2.61922690535e-05
276.31 2.63048742357e-05
276.32 2.64182097754e-05
276.33 2.6532282022e-05
276.34 2.66470973943e-05
276.35 2.67626623812e-05
276.36 2.6878983543e-05
276.37 2.6996067512e-05
276.38 2.71139209935e-05
276.39 2.72325507668e-05
276.4 2.73519636865e-05
276.41 2.74721666828e-05
276.42 2.75931667634e-05
276.43 2.77149710138e-05
276.44 2.78375865985e-05
276.45 2.79610207625e-05
276.46 2.8085280832e-05
276.47 2.82103742153e-05
276.48 2.83363084044e-05
276.49 2.84630909759e-05
276.5 2.85907295922e-05
276.51 2.87192320025e-05
276.52 2.88486060443e-05
276.53 2.89788596443e-05
276.54 2.91100008199e-05
276.55 2.924203768e-05
276.56 2.9374978427e-05
276.57 2.95088313574e-05
276.58 2.96436048635e-05
276.59 2.97793074344e-05
276.6 2.99159476578e-05
276.61 3.0053534221e-05
276.62 3.01920759125e-05
276.63 3.03315816232e-05
276.64 3.04720603482e-05
276.65 3.06135211879e-05
276.66 3.07559733497e-05
276.67 3.08994261493e-05
276.68 3.10438890128e-05
276.69 3.11893714775e-05
276.7 3.13358831939e-05
276.71 3.14834339274e-05
276.72 3.16320335598e-05
276.73 3.1781692091e-05
276.74 3.19324196406e-05
276.75 3.20842264498e-05
276.76 3.22371228831e-05
276.77 3.23911194301e-05
276.78 3.25462267072e-05
276.79 3.27024554597e-05
276.8 3.28598165633e-05
276.81 3.30183210265e-05
276.82 3.31779799922e-05
276.83 3.33388047397e-05
276.84 3.35008066868e-05
276.85 3.3663997392e-05
276.86 3.38283885563e-05
276.87 3.39939920255e-05
276.88 3.41608197922e-05
276.89 3.43288839982e-05
276.9 3.44981969367e-05
276.91 3.46687710544e-05
276.92 3.4840618954e-05
276.93 3.50137533965e-05
276.94 3.51881873036e-05
276.95 3.53639337599e-05
276.96 3.5541006016e-05
276.97 3.57194174903e-05
276.98 3.58991817721e-05
276.99 3.6080312624e-05
277.0 3.62628239845e-05
277.01 3.64467299709e-05
277.02 3.6632044882e-05
277.03 3.68187832008e-05
277.04 3.70069595975e-05
277.05 3.71965889324e-05
277.06 3.73876862587e-05
277.07 3.75802668258e-05
277.08 3.77743460823e-05
277.09 3.79699396789e-05
277.1 3.81670634719e-05
277.11 3.83657335263e-05
277.12 3.85659661192e-05
277.13 3.87677777429e-05
277.14 3.89711851088e-05
277.15 3.91762051506e-05
277.16 3.93828550278e-05
277.17 3.95911521297e-05
277.18 3.98011140787e-05
277.19 4.00127587343e-05
277.2 4.02261041969e-05
277.21 4.04411688116e-05
277.22 4.06579711725e-05
277.23 4.08765301264e-05
277.24 4.10968647773e-05
277.25 4.13189944903e-05
277.26 4.1542938896e-05
277.27 4.17687178953e-05
277.28 4.19963516631e-05
277.29 4.22258606537e-05
277.3 4.24572656048e-05
277.31 4.26905875425e-05
277.32 4.29258477863e-05
277.33 4.31630679538e-05
277.34 4.34022699657e-05
277.35 4.36434760513e-05
277.36 4.38867087531e-05
277.37 4.41319909328e-05
277.38 4.43793457765e-05
277.39 4.46287967998e-05
277.4 4.48803678543e-05
277.41 4.51340831328e-05
277.42 4.53899671751e-05
277.43 4.56480448747e-05
277.44 4.59083414842e-05
277.45 4.61708826218e-05
277.46 4.64356942779e-05
277.47 4.67028028213e-05
277.48 4.69722350063e-05
277.49 4.72440179788e-05
277.5 4.75181792838e-05
277.51 4.77947468725e-05
277.52 4.80737491091e-05
277.53 4.83552147783e-05
277.54 4.86391730933e-05
277.55 4.89256537027e-05
277.56 4.9214686699e-05
277.57 4.95063026263e-05
277.58 4.98005324885e-05
277.59 5.00974077579e-05
277.6 5.03969603832e-05
277.61 5.06992227988e-05
277.62 5.10042279333e-05
277.63 5.1312009219e-05
277.64 5.16226006006e-05
277.65 5.19360365452e-05
277.66 5.22523520518e-05
277.67 5.25715826613e-05
277.68 5.28937644663e-05
277.69 5.32189341221e-05
277.7 5.35471288565e-05
277.71 5.38783864812e-05
277.72 5.42127454025e-05
277.73 5.45502446327e-05
277.74 5.48909238018e-05
277.75 5.5234823169e-05
277.76 5.55819836351e-05
277.77 5.59324467544e-05
277.78 5.62862547478e-05
277.79 5.66434505152e-05
277.8 5.70040776494e-05
277.81 5.73681804486e-05
277.82 5.77358039313e-05
277.83 5.81069938493e-05
277.84 5.84817967032e-05
277.85 5.88602597563e-05
277.86 5.92424310505e-05
277.87 5.96283594209e-05
277.88 6.00180945125e-05
277.89 6.04116867958e-05
277.9 6.08091875836e-05
277.91 6.12106490478e-05
277.92 6.16161242373e-05
277.93 6.20256670949e-05
277.94 6.24393324765e-05
277.95 6.28571761687e-05
277.96 6.32792549089e-05
277.97 6.37056264041e-05
277.98 6.41363493514e-05
277.99 6.45714834579e-05
278.0 6.50110894626e-05
278.01 6.54552291569e-05
278.02 6.59039654075e-05
278.03 6.63573621785e-05
278.04 6.68154845546e-05
278.05 6.72783987648e-05
278.06 6.7746172207e-05
278.07 6.82188734723e-05
278.08 6.86965723712e-05
278.09 6.91793399592e-05
278.1 6.96672485639e-05
278.11 7.01603718125e-05
278.12 7.06587846599e-05
278.13 7.11625634178e-05
278.14 7.1671785784e-05
278.15 7.21865308732e-05
278.16 7.27068792478e-05
278.17 7.32329129503e-05
278.18 7.37647155359e-05
278.19 7.43023721063e-05
278.2 7.4845969344e-05
278.21 7.53955955481e-05
278.22 7.59513406705e-05
278.23 7.65132963535e-05
278.24 7.70815559678e-05
278.25 7.7656214652e-05
278.26 7.82373693534e-05
278.27 7.88251188689e-05
278.28 7.94195638881e-05
278.29 8.00208070369e-05
278.3 8.06289529224e-05
278.31 8.12441081793e-05
278.32 8.18663815173e-05
278.33 8.24958837696e-05
278.34 8.31327279435e-05
278.35 8.37770292714e-05
278.36 8.4428905264e-05
278.37 8.50884757648e-05
278.38 8.57558630058e-05
278.39 8.64311916649e-05
278.4 8.71145889255e-05
278.41 8.78061845369e-05
278.42 8.85061108769e-05
278.43 8.92145030163e-05
278.44 8.99314987846e-05
278.45 9.06572388389e-05
278.46 9.1391866733e-05
278.47 9.21355289903e-05
278.48 9.28883751774e-05
278.49 9.36505579807e-05
278.5 9.44222332851e-05
278.51 9.52035602547e-05
278.52 9.59947014163e-05
278.53 9.67958227453e-05
278.54 9.76070937538e-05
278.55 9.84286875818e-05
278.56 9.9260781091e-05
278.57 0.000100103554962
278.58 0.000100957193792
278.59 0.0001018218862
278.6 0.000102697824931
278.61 0.000103585206965
278.62 0.000104484233631
278.63 0.00010539511072
278.64 0.000106318048607
278.65 0.000107253262375
278.66 0.000108200971939
278.67 0.00010916140218
278.68 0.00011013478308
278.69 0.00011112134986
278.7 0.000112121343125
278.71 0.000113135009017
278.72 0.000114162599361
278.73 0.00011520437183
278.74 0.000116260590107
278.75 0.000117331524054
278.76 0.000118417449886
278.77 0.000119518650355
278.78 0.000120635414933
278.79 0.000121768040008
278.8 0.00012291682908
278.81 0.000124082092974
278.82 0.000125264150044
278.83 0.000126463326403
278.84 0.000127679956142
278.85 0.000128914381576
278.86 0.000130166953479
278.87 0.000131438031343
278.88 0.000132727983637
278.89 0.000134037188079
278.9 0.000135366031916
278.91 0.000136714912212
278.92 0.000138084236153
278.93 0.000139474421357
278.94 0.000140885896197
278.95 0.000142319100132
278.96 0.00014377448406
278.97 0.000145252510673
278.98 0.000146753654833
278.99 0.000148278403955
279.0 0.00014982725841
279.01 0.000151400731941
279.02 0.000152999352095
279.03 0.000154623660671
279.04 0.000156274214184
279.05 0.000157951584347
279.06 0.000159656358578
279.07 0.000161389140513
279.08 0.000163150550553
279.09 0.000164941226424
279.1 0.000166761823763
279.11 0.000168613016721
279.12 0.000170495498602
279.13 0.000172409982514
279.14 0.000174357202056
279.15 0.000176337912024
279.16 0.00017835288916
279.17 0.000180402932913
279.18 0.000182488866245
279.19 0.000184611536469
279.2 0.000186771816113
279.21 0.000188970603832
279.22 0.000191208825348
279.23 0.000193487434438
279.24 0.000195807413959
279.25 0.000198169776921
279.26 0.000200575567599
279.27 0.000203025862704
279.28 0.000205521772595
279.29 0.000208064442552
279.3 0.0002106550541
279.31 0.000213294826393
279.32 0.000215985017664
279.33 0.000218726926733
279.34 0.000221521894593
279.35 0.000224371306056
279.36 0.000227276591488
279.37 0.000230239228613
279.38 0.000233260744409
279.39 0.000236342717085
279.4 0.00023948677816
279.41 0.000242694614633
279.42 0.000245967971262
279.43 0.000249308652945
279.44 0.000252718527227
279.45 0.000256199526922
279.46 0.000259753652863
279.47 0.000263382976787
279.48 0.000267089644375
279.49 0.000270875878424
279.5 0.000274743982197
279.51 0.000278696342933
279.52 0.000282735435539
279.53 0.000286863826472
279.54 0.000291084177822
279.55 0.000295399251606
279.56 0.00029981191429
279.57 0.000304325141553
279.58 0.000308942023294
279.59 0.000313665768921
279.6 0.000318499712917
279.61 0.000323447320713
279.62 0.000328512194881
279.63 0.000333698081669
279.64 0.000339008877905
279.65 0.000344448638278
279.66 0.00035002158304
279.67 0.000355732106141
279.68 0.000361584783834
279.69 0.000367584383771
279.7 0.000373735874638
279.71 0.000380044436344
279.72 0.000386515470822
279.73 0.00039315461347
279.74 0.000399967745275
279.75 0.000406961005678
279.76 0.000414140806214
279.77 0.000421513844999
279.78 0.000429087122112
279.79 0.000436867955929
279.8 0.000444864000498
279.81 0.000453083264005
279.82 0.000461534128424
279.83 0.000470225370435
279.84 0.000479166183696
279.85 0.000488366202576
279.86 0.000497835527454
279.87 0.000507584751697
279.88 0.00051762499045
279.89 0.00052796791137
279.9 0.000538625767456
279.91 0.000549611432126
279.92 0.000560938436729
279.93 0.000572621010672
279.94 0.000584674124364
279.95 0.000597113535205
279.96 0.000609955836861
279.97 0.000623218512081
279.98 0.000636919989348
279.99 0.000651079703666
280.0 0.000665718161823
280.01 0.00068085701249
280.02 0.000696519121566
280.03 0.000712728653177
280.04 0.000729511156824
280.05 0.000746893661168
280.06 0.00076490477502
280.07 0.000783574796128
280.08 0.000802935828428
280.09 0.000823021908447
280.1 0.000843869141653
280.11 0.000865515849568
280.12 0.000888002728556
280.13 0.000911373021258
280.14 0.00093567270174
280.15 0.000960950675477
280.16 0.000987258995407
280.17 0.00101465309536
280.18 0.00104319204227
280.19 0.00107293880864
280.2 0.0011039605669
280.21 0.00113632900721
280.22 0.00117012068055
280.23 0.00120541736885
280.24 0.00124230648391
280.25 0.00128088149711
280.26 0.00132124240153
280.27 0.00136349620823
280.28 0.0014077574783
280.29 0.00145414889173
280.3 0.00150280185412
280.31 0.00155385714132
280.32 0.00160746558149
280.33 0.0016637887729
280.34 0.00172299983433
280.35 0.00178528418297
280.36 0.00185084033225
280.37 0.00191988069893
280.38 0.00199263240426
280.39 0.0020693380493
280.4 0.0021502564374
280.41 0.00223566320893
280.42 0.0023258513428
280.43 0.00242113146691
280.44 0.00252183190402
280.45 0.00262829836121
280.46 0.00274089314868
280.47 0.00285999378785
280.48 0.002985990839
280.49 0.00311928474526
280.5 0.00326028145387
280.51 0.00340938653907
280.52 0.00356699751671
280.53 0.00373349401339
280.54 0.00390922544109
280.55 0.00409449584056
280.56 0.00428954560818
280.57 0.00449452992892
280.58 0.00470949392155
280.59 0.00493434478423
280.6 0.00516882162592
280.61 0.00541246419087
280.62 0.00566458231895
280.63 0.00592422869115
280.64 0.00619017809975
280.65 0.00646091701619
280.66 0.00673464741265
280.67 0.00700930840349
280.68 0.00728261810475
280.69 0.00755213605767
280.7 0.00781534370677
280.71 0.00806973711641
280.72 0.00831292298461
280.73 0.00854270690097
280.74 0.00875716251411
280.75 0.00895467234713
280.76 0.00913393538833
280.77 0.00929394256881
280.78 0.00943392751989
280.79 0.00955330503445
280.8 0.00965161208412
280.81 0.00972846532048
280.82 0.0097835447961
280.83 0.00981660709629
280.84 0.00982752369956
280.85 0.00981633395277
280.86 0.00978329813435
280.87 0.00972893567303
280.88 0.00965403680924
280.89 0.00955964202841
280.9 0.00944699093823
280.91 0.00931744909292
280.92 0.00917242598028
280.93 0.00901329899979
280.94 0.00884135659869
280.95 0.00865776938708
280.96 0.00846359213485
280.97 0.00825979340112
280.98 0.00804730442678
280.99 0.00782707579758
281.0 0.00760012975207
281.01 0.00736759780824
281.02 0.00713073703607
281.03 0.0068909228613
281.04 0.00664962068358
281.05 0.00640834193125
281.06 0.00616859193548
281.07 0.00593181712716
281.08 0.0056993578644
281.09 0.00547241122704
281.1 0.00525200593393
281.11 0.00503898959583
281.12 0.00483402707288
281.13 0.00463760784026
281.14 0.00445005992368
281.15 0.00427156802077
281.16 0.00410219372918
281.17 0.00394189622783
281.18 0.00379055220662
281.19 0.00364797425065
281.2 0.0035139272264
281.21 0.00338814247871
281.22 0.00327032983427
281.23 0.00316018752902
281.24 0.00305741024817
281.25 0.00296169550137
281.26 0.00287274856255
281.27 0.00279028619423
281.28 0.00271403935615
281.29 0.00264375507238
281.3 0.00257919760342
281.31 0.00252014904212
281.32 0.0024664094254
281.33 0.00241779642879
281.34 0.00237414468737
281.35 0.00233530476548
281.36 0.00230114177788
281.37 0.00227153364744
281.38 0.00224636896894
281.39 0.00222554443618
281.4 0.00220896178075
281.41 0.00219652416833
281.42 0.00218813200373
281.43 0.00218367811329
281.44 0.0021830423064
281.45 0.00218608537177
281.46 0.00219264264332
281.47 0.00220251737839
281.48 0.00221547432786
281.49 0.00223123403841
281.5 0.00224946859714
281.51 0.00226979968287
281.52 0.0022917998871
281.53 0.00231499826157
281.54 0.00233889088269
281.55 0.00236295685231
281.56 0.00238667956223
281.57 0.00240957227286
281.58 0.00243120619428
281.59 0.0024512384741
281.6 0.00246943698631
281.61 0.0024856987565
281.62 0.00250005934349
281.63 0.00251269148817
281.64 0.0025238926592
281.65 0.00253406249952
281.66 0.00254367231896
281.67 0.00255322947266
281.68 0.00256323963121
281.69 0.00257416964531
281.7 0.00258641310107
281.71 0.00260025995687
281.72 0.00261587103767
281.73 0.00263325776391
281.74 0.00265226736297
281.75 0.00267257392925
281.76 0.00269367598753
281.77 0.00271490155226
281.78 0.00273542191759
281.79 0.00275427540769
281.8 0.00277040192946
281.81 0.00278268832168
281.82 0.00279002319836
281.83 0.00279135838635
281.84 0.00278577243765
281.85 0.00277253044209
281.86 0.00275113386892
281.87 0.0027213547087
281.88 0.0026832498152
281.89 0.00263715382033
281.9 0.00258365182227
281.91 0.00252353563209
281.92 0.00245774918012
281.93 0.00238732943066
281.94 0.00231334881957
281.95 0.0022368640513
281.96 0.00215887444854
281.97 0.00208029132907
281.98 0.00200191839425
281.99 0.00192444202516
282.0 0.00184842973924
282.01 0.001774334814
282.02 0.00170250513586
282.03 0.00163319457117
282.04 0.00156657548594
282.05 0.00150275138842
282.06 0.00144176898794
282.07 0.00138362923084
282.08 0.00132829708313
282.09 0.00127570998034
282.1 0.00122578496895
282.11 0.00117842462707
282.12 0.00113352188808
282.13 0.00109096390488
282.14 0.0010506350939
282.15 0.00101241949018
282.16 0.000976202532915
282.17 0.000941872386387
282.18 0.000909320886764
282.19 0.000878444191167
282.2 0.000849143192629
282.21 0.000821323753319
282.22 0.000794896798632
282.23 0.000769778306492
282.24 0.00074588921929
282.25 0.00072315530018
282.26 0.000701506950769
282.27 0.000680879003476
282.28 0.000661210498735
282.29 0.000642444454841
282.3 0.000624527636229
282.31 0.000607410324507
282.32 0.000591046095329
282.33 0.000575391603269
282.34 0.000560406376134
282.35 0.00054605261961
282.36 0.000532295032694
282.37 0.000519100634073
282.38 0.000506438599374
282.39 0.000494280109027
282.4 0.000482598206383
282.41 0.000471367665646
282.42 0.000460564869128
282.43 0.0004501676933
282.44 0.000440155403121
282.45 0.000430508554107
282.46 0.000421208901635
282.47 0.000412239316973
282.48 0.000403583709561
282.49 0.000395226955093
282.5 0.000387154828967
282.51 0.0003793539447
282.52 0.000371811696938
282.53 0.000364516208697
282.54 0.000357456282528
282.55 0.000350621355284
282.56 0.000344001456219
282.57 0.000337587168165
282.58 0.000331369591534
282.59 0.000325340310935
282.6 0.000319491364202
282.61 0.000313815213646
282.62 0.000308304719348
282.63 0.000302953114361
282.64 0.000297753981639
282.65 0.000292701232594
282.66 0.000287789087138
282.67 0.000283012055097
282.68 0.000278364918902
282.69 0.000273842717458
282.7 0.000269440731099
282.71 0.000265154467548
282.72 0.000260979648814
282.73 0.000256912198957
282.74 0.000252948232644
282.75 0.000249084044454
282.76 0.000245316098877
282.77 0.000241641020944
282.78 0.000238055587455
282.79 0.000234556718762
282.8 0.000231141471061
282.81 0.000227807029167
282.82 0.000224550699724
282.83 0.00022136990484
282.84 0.000218262176101
282.85 0.000215225148945
282.86 0.000212256557373
282.87 0.00020935422897
282.88 0.00020651608022
282.89 0.000203740112093
282.9 0.000201024405888
282.91 0.00019836711931
282.92 0.000195766482773
282.93 0.000193220795915
282.94 0.000190728424299
282.95 0.000188287796303
282.96 0.000185897400183
282.97 0.000183555781291
282.98 0.000181261539449
282.99 0.000179013326459
283.0 0.000176809843753
283.01 0.000174649840159
283.02 0.000172532109793
283.03 0.000170455490054
283.04 0.000168418859729
283.05 0.000166421137189
283.06 0.000164461278682
283.07 0.000162538276711
283.08 0.000160651158493
283.09 0.000158798984497
283.1 0.00015698084705
283.11 0.000155195869013
283.12 0.000153443202529
283.13 0.000151722027821
283.14 0.000150031552052
283.15 0.000148371008242
283.16 0.000146739654233
283.17 0.000145136771704
283.18 0.000143561665234
283.19 0.000142013661402
283.2 0.000140492107939
283.21 0.000138996372907
283.22 0.000137525843924
283.23 0.000136079927423
283.24 0.000134658047938
283.25 0.00013325964743
283.26 0.000131884184634
283.27 0.000130531134447
283.28 0.000129199987328
283.29 0.000127890248736
283.3 0.000126601438586
283.31 0.000125333090728
283.32 0.000124084752455
283.33 0.000122855984018
283.34 0.00012164635818
283.35 0.000120455459772
283.36 0.000119282885274
283.37 0.000118128242417
283.38 0.000116991149794
283.39 0.00011587123649
283.4 0.000114768141732
283.41 0.00011368151454
283.42 0.000112611013406
283.43 0.000111556305981
283.44 0.000110517068765
283.45 0.000109492986826
283.46 0.000108483753516
283.47 0.000107489070203
283.48 0.000106508646016
283.49 0.000105542197595
283.5 0.000104589448853
283.51 0.000103650130746
283.52 0.000102723981052
283.53 0.000101810744158
283.54 0.000100910170858
283.55 0.000100022018151
283.56 9.91460490531e-05
283.57 9.8282032416e-05
283.58 9.74297427472e-05
283.59 9.65889600419e-05
283.6 9.57594696176e-05
283.61 9.49410619567e-05
283.62 9.4133532553e-05
283.63 9.33366817649e-05
283.64 9.25503146724e-05
283.65 9.17742409406e-05
283.66 9.10082746866e-05
283.67 9.02522343516e-05
283.68 8.95059425772e-05
283.69 8.8769226086e-05
283.7 8.80419155664e-05
283.71 8.73238455606e-05
283.72 8.66148543571e-05
283.73 8.59147838862e-05
283.74 8.52234796197e-05
283.75 8.45407904728e-05
283.76 8.38665687102e-05
283.77 8.32006698549e-05
283.78 8.25429525995e-05
283.79 8.18932787213e-05
283.8 8.12515129991e-05
283.81 8.06175231337e-05
283.82 7.99911796698e-05
283.83 7.93723559213e-05
283.84 7.87609278981e-05
283.85 7.81567742364e-05
283.86 7.75597761297e-05
283.87 7.69698172629e-05
283.88 7.63867837483e-05
283.89 7.58105640631e-05
283.9 7.52410489895e-05
283.91 7.4678131556e-05
283.92 7.41217069805e-05
283.93 7.35716726158e-05
283.94 7.30279278959e-05
283.95 7.24903742844e-05
283.96 7.1958915224e-05
283.97 7.1433456088e-05
283.98 7.09139041329e-05
283.99 7.04001684521e-05
284.0 6.98921599319e-05
284.01 6.93897912077e-05
284.02 6.88929766219e-05
284.03 6.84016321832e-05
284.04 6.79156755269e-05
284.05 6.7435025876e-05
284.06 6.69596040038e-05
284.07 6.64893321978e-05
284.08 6.60241342236e-05
284.09 6.5563935291e-05
284.1 6.51086620201e-05
284.11 6.4658242409e-05
284.12 6.42126058019e-05
284.13 6.37716828583e-05
284.14 6.33354055233e-05
284.15 6.29037069979e-05
284.16 6.2476521711e-05
284.17 6.20537852918e-05
284.18 6.16354345425e-05
284.19 6.12214074125e-05
284.2 6.08116429729e-05
284.21 6.04060813915e-05
284.22 6.00046639087e-05
284.23 5.9607332814e-05
284.24 5.92140314231e-05
284.25 5.88247040556e-05
284.26 5.8439296013e-05
284.27 5.8057753558e-05
284.28 5.76800238934e-05
284.29 5.7306055142e-05
284.3 5.69357963274e-05
284.31 5.65691973546e-05
284.32 5.62062089912e-05
284.33 5.58467828494e-05
284.34 5.54908713686e-05
284.35 5.51384277976e-05
284.36 5.47894061779e-05
284.37 5.44437613277e-05
284.38 5.41014488251e-05
284.39 5.37624249933e-05
284.4 5.34266468846e-05
284.41 5.30940722661e-05
284.42 5.27646596049e-05
284.43 5.24383680538e-05
284.44 5.21151574379e-05
284.45 5.17949882406e-05
284.46 5.14778215907e-05
284.47 5.11636192497e-05
284.48 5.08523435987e-05
284.49 5.05439576266e-05
284.5 5.0238424918e-05
284.51 4.99357096415e-05
284.52 4.9635776538e-05
284.53 4.93385909101e-05
284.54 4.90441186107e-05
284.55 4.87523260324e-05
284.56 4.84631800975e-05
284.57 4.81766482472e-05
284.58 4.78926984324e-05
284.59 4.7611299103e-05
284.6 4.73324191996e-05
284.61 4.70560281432e-05
284.62 4.67820958265e-05
284.63 4.65105926053e-05
284.64 4.62414892893e-05
284.65 4.59747571342e-05
284.66 4.57103678327e-05
284.67 4.54482935072e-05
284.68 4.51885067011e-05
284.69 4.49309803716e-05
284.7 4.46756878817e-05
284.71 4.44226029933e-05
284.72 4.41716998593e-05
284.73 4.39229530169e-05
284.74 4.36763373805e-05
284.75 4.3431828235e-05
284.76 4.3189401229e-05
284.77 4.29490323685e-05
284.78 4.27106980101e-05
284.79 4.24743748552e-05
284.8 4.22400399437e-05
284.81 4.20076706479e-05
284.82 4.1777244667e-05
284.83 4.15487400209e-05
284.84 4.13221350448e-05
284.85 4.10974083838e-05
284.86 4.08745389872e-05
284.87 4.06535061037e-05
284.88 4.04342892758e-05
284.89 4.02168683348e-05
284.9 4.0001223396e-05
284.91 3.97873348538e-05
284.92 3.95751833768e-05
284.93 3.93647499033e-05
284.94 3.91560156366e-05
284.95 3.89489620407e-05
284.96 3.87435708355e-05
284.97 3.8539823993e-05
284.98 3.83377037328e-05
284.99 3.8137192518e-05
285.0 3.79382730511e-05
285.01 3.77409282703e-05
285.02 3.75451413452e-05
285.03 3.73508956731e-05
285.04 3.71581748755e-05
285.05 3.69669627942e-05
285.06 3.67772434877e-05
285.07 3.65890012278e-05
285.08 3.64022204959e-05
285.09 3.62168859799e-05
285.1 3.60329825706e-05
285.11 3.58504953587e-05
285.12 3.56694096314e-05
285.13 3.5489710869e-05
285.14 3.53113847425e-05
285.15 3.51344171101e-05
285.16 3.4958794014e-05
285.17 3.47845016783e-05
285.18 3.46115265051e-05
285.19 3.44398550725e-05
285.2 3.42694741316e-05
285.21 3.41003706037e-05
285.22 3.39325315775e-05
285.23 3.3765944307e-05
285.24 3.36005962084e-05
285.25 3.3436474858e-05
285.26 3.32735679894e-05
285.27 3.31118634913e-05
285.28 3.2951349405e-05
285.29 3.27920139223e-05
285.3 3.26338453828e-05
285.31 3.2476832272e-05
285.32 3.2320963219e-05
285.33 3.21662269941e-05
285.34 3.2012612507e-05
285.35 3.18601088047e-05
285.36 3.1708705069e-05
285.37 3.1558390615e-05
285.38 3.1409154889e-05
285.39 3.1260987466e-05
285.4 3.11138780489e-05
285.41 3.09678164653e-05
285.42 3.08227926667e-05
285.43 3.06787967261e-05
285.44 3.05358188366e-05
285.45 3.03938493093e-05
285.46 3.02528785716e-05
285.47 3.01128971659e-05
285.48 2.99738957473e-05
285.49 2.98358650827e-05
285.5 2.96987960486e-05
285.51 2.95626796297e-05
285.52 2.94275069175e-05
285.53 2.92932691084e-05
285.54 2.91599575028e-05
285.55 2.90275635028e-05
285.56 2.88960786117e-05
285.57 2.87654944316e-05
285.58 2.86358026629e-05
285.59 2.85069951022e-05
285.6 2.83790636413e-05
285.61 2.82520002658e-05
285.62 2.81257970538e-05
285.63 2.80004461746e-05
285.64 2.78759398874e-05
285.65 2.775227054e-05
285.66 2.76294305677e-05
285.67 2.7507412492e-05
285.68 2.73862089195e-05
285.69 2.72658125406e-05
285.7 2.71462161284e-05
285.71 2.70274125376e-05
285.72 2.69093947034e-05
285.73 2.67921556404e-05
285.74 2.66756884413e-05
285.75 2.65599862763e-05
285.76 2.64450423915e-05
285.77 2.63308501083e-05
285.78 2.62174028224e-05
285.79 2.61046940022e-05
285.8 2.59927171888e-05
285.81 2.58814659941e-05
285.82 2.57709341005e-05
285.83 2.56611152594e-05
285.84 2.5552003291e-05
285.85 2.54435920828e-05
285.86 2.53358755887e-05
285.87 2.52288478286e-05
285.88 2.51225028872e-05
285.89 2.50168349132e-05
285.9 2.49118381183e-05
285.91 2.48075067768e-05
285.92 2.47038352243e-05
285.93 2.46008178574e-05
285.94 2.44984491323e-05
285.95 2.43967235646e-05
285.96 2.42956357282e-05
285.97 2.41951802549e-05
285.98 2.4095351833e-05
285.99 2.39961452072e-05
286.0 2.38975551778e-05
286.01 2.37995765996e-05
286.02 2.37022043816e-05
286.03 2.36054334861e-05
286.04 2.35092589282e-05
286.05 2.34136757749e-05
286.06 2.33186791447e-05
286.07 2.32242642066e-05
286.08 2.31304261801e-05
286.09 2.30371603336e-05
286.1 2.29444619849e-05
286.11 2.28523264997e-05
286.12 2.27607492913e-05
286.13 2.26697258203e-05
286.14 2.25792515935e-05
286.15 2.24893221638e-05
286.16 2.23999331292e-05
286.17 2.23110801327e-05
286.18 2.22227588612e-05
286.19 2.21349650455e-05
286.2 2.20476944595e-05
286.21 2.19609429197e-05
286.22 2.18747062846e-05
286.23 2.17889804544e-05
286.24 2.17037613703e-05
286.25 2.1619045014e-05
286.26 2.15348274075e-05
286.27 2.14511046122e-05
286.28 2.13678727286e-05
286.29 2.12851278961e-05
286.3 2.12028662921e-05
286.31 2.11210841317e-05
286.32 2.10397776675e-05
286.33 2.09589431887e-05
286.34 2.0878577021e-05
286.35 2.07986755261e-05
286.36 2.07192351013e-05
286.37 2.0640252179e-05
286.38 2.05617232261e-05
286.39 2.0483644744e-05
286.4 2.04060132682e-05
286.41 2.03288253673e-05
286.42 2.02520776432e-05
286.43 2.01757667307e-05
286.44 2.00998892968e-05
286.45 2.00244420403e-05
286.46 1.99494216919e-05
286.47 1.98748250133e-05
286.48 1.98006487974e-05
286.49 1.97268898672e-05
286.5 1.96535450762e-05
286.51 1.95806113076e-05
286.52 1.95080854742e-05
286.53 1.94359645177e-05
286.54 1.93642454088e-05
286.55 1.92929251467e-05
286.56 1.92220007588e-05
286.57 1.91514693001e-05
286.58 1.90813278534e-05
286.59 1.90115735287e-05
286.6 1.89422034627e-05
286.61 1.88732148189e-05
286.62 1.88046047871e-05
286.63 1.8736370583e-05
286.64 1.86685094482e-05
286.65 1.86010186497e-05
286.66 1.85338954795e-05
286.67 1.84671372546e-05
286.68 1.84007413167e-05
286.69 1.83347050316e-05
286.7 1.82690257894e-05
286.71 1.82037010038e-05
286.72 1.81387281122e-05
286.73 1.80741045751e-05
286.74 1.80098278762e-05
286.75 1.79458955219e-05
286.76 1.78823050411e-05
286.77 1.78190539849e-05
286.78 1.77561399267e-05
286.79 1.76935604613e-05
286.8 1.76313132055e-05
286.81 1.7569395797e-05
286.82 1.7507805895e-05
286.83 1.74465411792e-05
286.84 1.73855993502e-05
286.85 1.73249781289e-05
286.86 1.72646752565e-05
286.87 1.7204688494e-05
286.88 1.71450156224e-05
286.89 1.70856544422e-05
286.9 1.70266027731e-05
286.91 1.69678584541e-05
286.92 1.69094193432e-05
286.93 1.6851283317e-05
286.94 1.67934482708e-05
286.95 1.6735912118e-05
286.96 1.66786727905e-05
286.97 1.66217282378e-05
286.98 1.65650764276e-05
286.99 1.65087153449e-05
287.0 1.64526429922e-05
287.01 1.63968573891e-05
287.02 1.63413565726e-05
287.03 1.62861385962e-05
287.04 1.62312015302e-05
287.05 1.61765434616e-05
287.06 1.61221624936e-05
287.07 1.60680567456e-05
287.08 1.60142243531e-05
287.09 1.59606634673e-05
287.1 1.59073722553e-05
287.11 1.58543488996e-05
287.12 1.58015915981e-05
287.13 1.57490985639e-05
287.14 1.56968680251e-05
287.15 1.5644898225e-05
287.16 1.55931874214e-05
287.17 1.55417338866e-05
287.18 1.54905359078e-05
287.19 1.5439591786e-05
287.2 1.53888998367e-05
287.21 1.53384583895e-05
287.22 1.52882657875e-05
287.23 1.52383203879e-05
287.24 1.51886205614e-05
287.25 1.51391646922e-05
287.26 1.50899511777e-05
287.27 1.50409784288e-05
287.28 1.49922448691e-05
287.29 1.49437489356e-05
287.3 1.48954890776e-05
287.31 1.48474637576e-05
287.32 1.47996714503e-05
287.33 1.47521106431e-05
287.34 1.47047798354e-05
287.35 1.46576775392e-05
287.36 1.46108022783e-05
287.37 1.45641525886e-05
287.38 1.45177270177e-05
287.39 1.4471524125e-05
287.4 1.44255424817e-05
287.41 1.43797806703e-05
287.42 1.43342372847e-05
287.43 1.42889109301e-05
287.44 1.42438002229e-05
287.45 1.41989037907e-05
287.46 1.41542202717e-05
287.47 1.41097483154e-05
287.48 1.40654865816e-05
287.49 1.40214337411e-05
287.5 1.39775884751e-05
287.51 1.39339494753e-05
287.52 1.38905154436e-05
287.53 1.38472850923e-05
287.54 1.38042571439e-05
287.55 1.37614303306e-05
287.56 1.3718803395e-05
287.57 1.36763750893e-05
287.58 1.36341441756e-05
287.59 1.35921094256e-05
287.6 1.35502696205e-05
287.61 1.35086235511e-05
287.62 1.34671700177e-05
287.63 1.34259078298e-05
287.64 1.33848358062e-05
287.65 1.33439527746e-05
287.66 1.33032575721e-05
287.67 1.32627490447e-05
287.68 1.32224260471e-05
287.69 1.3182287443e-05
287.7 1.31423321047e-05
287.71 1.31025589133e-05
287.72 1.30629667583e-05
287.73 1.30235545378e-05
287.74 1.29843211583e-05
287.75 1.29452655346e-05
287.76 1.29063865897e-05
287.77 1.2867683255e-05
287.78 1.28291544697e-05
287.79 1.27907991813e-05
287.8 1.2752616345e-05
287.81 1.27146049242e-05
287.82 1.26767638899e-05
287.83 1.26390922208e-05
287.84 1.26015889035e-05
287.85 1.2564252932e-05
287.86 1.25270833079e-05
287.87 1.24900790403e-05
287.88 1.24532391456e-05
287.89 1.24165626477e-05
287.9 1.23800485777e-05
287.91 1.23436959738e-05
287.92 1.23075038815e-05
287.93 1.22714713532e-05
287.94 1.22355974485e-05
287.95 1.21998812337e-05
287.96 1.21643217823e-05
287.97 1.21289181744e-05
287.98 1.2093669497e-05
287.99 1.20585748437e-05
288.0 1.20236333147e-05
288.01 1.1988844017e-05
288.02 1.19542060639e-05
288.03 1.19197185754e-05
288.04 1.18853806777e-05
288.05 1.18511915034e-05
288.06 1.18171501916e-05
288.07 1.17832558874e-05
288.08 1.17495077423e-05
288.09 1.17159049137e-05
288.1 1.16824465653e-05
288.11 1.16491318668e-05
288.12 1.16159599937e-05
288.13 1.15829301277e-05
288.14 1.15500414562e-05
288.15 1.15172931724e-05
288.16 1.14846844755e-05
288.17 1.14522145701e-05
288.18 1.14198826669e-05
288.19 1.13876879817e-05
288.2 1.13556297363e-05
288.21 1.13237071579e-05
288.22 1.12919194792e-05
288.23 1.12602659383e-05
288.24 1.12287457787e-05
288.25 1.11973582493e-05
288.26 1.11661026041e-05
288.27 1.11349781028e-05
288.28 1.11039840097e-05
288.29 1.10731195949e-05
288.3 1.10423841331e-05
288.31 1.10117769044e-05
288.32 1.09812971938e-05
288.33 1.09509442914e-05
288.34 1.09207174921e-05
288.35 1.08906160958e-05
288.36 1.08606394073e-05
288.37 1.08307867362e-05
288.38 1.08010573969e-05
288.39 1.07714507085e-05
288.4 1.07419659948e-05
288.41 1.07126025844e-05
288.42 1.06833598104e-05
288.43 1.06542370106e-05
288.44 1.06252335272e-05
288.45 1.0596348707e-05
288.46 1.05675819014e-05
288.47 1.05389324661e-05
288.48 1.05103997612e-05
288.49 1.04819831512e-05
288.5 1.0453682005e-05
288.51 1.04254956957e-05
288.52 1.03974236008e-05
288.53 1.03694651019e-05
288.54 1.03416195847e-05
288.55 1.03138864394e-05
288.56 1.02862650599e-05
288.57 1.02587548446e-05
288.58 1.02313551957e-05
288.59 1.02040655194e-05
288.6 1.01768852262e-05
288.61 1.01498137302e-05
288.62 1.01228504496e-05
288.63 1.00959948064e-05
288.64 1.00692462267e-05
288.65 1.00426041403e-05
288.66 1.00160679806e-05
288.67 9.98963718506e-06
288.68 9.96331119479e-06
288.69 9.93708945459e-06
288.7 9.91097141297e-06
288.71 9.88495652206e-06
288.72 9.85904423766e-06
288.73 9.83323401914e-06
288.74 9.80752532943e-06
288.75 9.78191763503e-06
288.76 9.75641040593e-06
288.77 9.73100311561e-06
288.78 9.705695241e-06
288.79 9.68048626247e-06
288.8 9.65537566378e-06
288.81 9.63036293207e-06
288.82 9.60544755784e-06
288.83 9.58062903488e-06
288.84 9.55590686033e-06
288.85 9.53128053454e-06
288.86 9.50674956115e-06
288.87 9.48231344699e-06
288.88 9.45797170212e-06
288.89 9.43372383972e-06
288.9 9.40956937616e-06
288.91 9.38550783091e-06
288.92 9.36153872653e-06
288.93 9.33766158867e-06
288.94 9.31387594602e-06
288.95 9.29018133029e-06
288.96 9.2665772762e-06
288.97 9.24306332143e-06
288.98 9.21963900665e-06
288.99 9.19630387544e-06
289.0 9.17305747429e-06
289.01 9.14989935257e-06
289.02 9.12682906254e-06
289.03 9.10384615929e-06
289.04 9.08095020073e-06
289.05 9.05814074758e-06
289.06 9.03541736332e-06
289.07 9.01277961422e-06
289.08 8.99022706925e-06
289.09 8.96775930013e-06
289.1 8.94537588126e-06
289.11 8.92307638971e-06
289.12 8.90086040522e-06
289.13 8.87872751015e-06
289.14 8.85667728949e-06
289.15 8.83470933081e-06
289.16 8.81282322427e-06
289.17 8.79101856258e-06
289.18 8.769294941e-06
289.19 8.74765195728e-06
289.2 8.7260892117e-06
289.21 8.70460630701e-06
289.22 8.68320284841e-06
289.23 8.66187844357e-06
289.24 8.64063270256e-06
289.25 8.61946523788e-06
289.26 8.59837566441e-06
289.27 8.57736359939e-06
289.28 8.55642866244e-06
289.29 8.5355704755e-06
289.3 8.51478866283e-06
289.31 8.49408285101e-06
289.32 8.47345266889e-06
289.33 8.45289774759e-06
289.34 8.43241772049e-06
289.35 8.4120122232e-06
289.36 8.39168089355e-06
289.37 8.37142337158e-06
289.38 8.35123929951e-06
289.39 8.33112832173e-06
289.4 8.3110900848e-06
289.41 8.2911242374e-06
289.42 8.27123043035e-06
289.43 8.25140831656e-06
289.44 8.23165755107e-06
289.45 8.21197779095e-06
289.46 8.19236869536e-06
289.47 8.17282992552e-06
289.48 8.15336114466e-06
289.49 8.13396201803e-06
289.5 8.11463221291e-06
289.51 8.09537139854e-06
289.52 8.07617924615e-06
289.53 8.05705542893e-06
289.54 8.03799962201e-06
289.55 8.01901150247e-06
289.56 8.00009074929e-06
289.57 7.98123704338e-06
289.58 7.96245006751e-06
289.59 7.94372950635e-06
289.6 7.92507504644e-06
289.61 7.90648637616e-06
289.62 7.88796318573e-06
289.63 7.8695051672e-06
289.64 7.85111201443e-06
289.65 7.83278342308e-06
289.66 7.8145190906e-06
289.67 7.79631871622e-06
289.68 7.77818200092e-06
289.69 7.76010864744e-06
289.7 7.74209836025e-06
289.71 7.72415084555e-06
289.72 7.70626581125e-06
289.73 7.68844296697e-06
289.74 7.67068202401e-06
289.75 7.65298269534e-06
289.76 7.63534469563e-06
289.77 7.61776774116e-06
289.78 7.60025154988e-06
289.79 7.58279584136e-06
289.8 7.5654003368e-06
289.81 7.54806475901e-06
289.82 7.53078883237e-06
289.83 7.51357228289e-06
289.84 7.49641483811e-06
289.85 7.47931622718e-06
289.86 7.46227618076e-06
289.87 7.44529443109e-06
289.88 7.42837071192e-06
289.89 7.41150475853e-06
289.9 7.3946963077e-06
289.91 7.37794509774e-06
289.92 7.36125086842e-06
289.93 7.344613361e-06
289.94 7.32803231821e-06
289.95 7.31150748426e-06
289.96 7.29503860477e-06
289.97 7.27862542685e-06
289.98 7.262267699e-06
289.99 7.24596517116e-06
290.0 7.22971759467e-06
290.01 7.21352472229e-06
290.02 7.19738630816e-06
290.03 7.1813021078e-06
290.04 7.16527187812e-06
290.05 7.14929537736e-06
290.06 7.13337236516e-06
290.07 7.11750260247e-06
290.08 7.1016858516e-06
290.09 7.08592187617e-06
290.1 7.07021044114e-06
290.11 7.05455131275e-06
290.12 7.03894425857e-06
290.13 7.02338904745e-06
290.14 7.00788544953e-06
290.15 6.99243323622e-06
290.16 6.97703218019e-06
290.17 6.96168205539e-06
290.18 6.946382637e-06
290.19 6.93113370144e-06
290.2 6.91593502639e-06
290.21 6.90078639073e-06
290.22 6.88568757456e-06
290.23 6.8706383592e-06
290.24 6.85563852717e-06
290.25 6.84068786218e-06
290.26 6.82578614911e-06
290.27 6.81093317405e-06
290.28 6.79612872423e-06
290.29 6.78137258806e-06
290.3 6.7666645551e-06
290.31 6.75200441605e-06
290.32 6.73739196277e-06
290.33 6.72282698822e-06
290.34 6.70830928652e-06
290.35 6.69383865288e-06
290.36 6.67941488363e-06
290.37 6.66503777621e-06
290.38 6.65070712914e-06
290.39 6.63642274203e-06
290.4 6.6221844156e-06
290.41 6.60799195161e-06
290.42 6.59384515291e-06
290.43 6.57974382339e-06
290.44 6.565687768e-06
290.45 6.55167679276e-06
290.46 6.5377107047e-06
290.47 6.5237893119e-06
290.48 6.50991242346e-06
290.49 6.4960798495e-06
290.5 6.48229140116e-06
290.51 6.46854689058e-06
290.52 6.45484613092e-06
290.53 6.44118893629e-06
290.54 6.42757512184e-06
290.55 6.41400450367e-06
290.56 6.40047689887e-06
290.57 6.38699212548e-06
290.58 6.37355000252e-06
290.59 6.36015034997e-06
290.6 6.34679298875e-06
290.61 6.33347774073e-06
290.62 6.32020442871e-06
290.63 6.30697287643e-06
290.64 6.29378290857e-06
290.65 6.2806343507e-06
290.66 6.26752702934e-06
290.67 6.25446077189e-06
290.68 6.24143540667e-06
290.69 6.2284507629e-06
290.7 6.21550667068e-06
290.71 6.20260296102e-06
290.72 6.18973946577e-06
290.73 6.1769160177e-06
290.74 6.16413245042e-06
290.75 6.15138859842e-06
290.76 6.13868429705e-06
290.77 6.12601938251e-06
290.78 6.11339369185e-06
290.79 6.10080706295e-06
290.8 6.08825933455e-06
290.81 6.07575034621e-06
290.82 6.06327993832e-06
290.83 6.0508479521e-06
290.84 6.03845422957e-06
290.85 6.02609861359e-06
290.86 6.0137809478e-06
290.87 6.00150107666e-06
290.88 5.98925884542e-06
290.89 5.97705410012e-06
290.9 5.9648866876e-06
290.91 5.95275645547e-06
290.92 5.94066325213e-06
290.93 5.92860692674e-06
290.94 5.91658732924e-06
290.95 5.90460431032e-06
290.96 5.89265772146e-06
290.97 5.88074741486e-06
290.98 5.86887324348e-06
290.99 5.85703506103e-06
291.0 5.84523272197e-06
291.01 5.83346608148e-06
291.02 5.82173499548e-06
291.03 5.81003932062e-06
291.04 5.79837891426e-06
291.05 5.78675363449e-06
291.06 5.77516334012e-06
291.07 5.76360789066e-06
291.08 5.75208714632e-06
291.09 5.74060096802e-06
291.1 5.72914921739e-06
291.11 5.71773175673e-06
291.12 5.70634844905e-06
291.13 5.69499915801e-06
291.14 5.683683748e-06
291.15 5.67240208404e-06
291.16 5.66115403186e-06
291.17 5.64993945783e-06
291.18 5.63875822901e-06
291.19 5.62761021309e-06
291.2 5.61649527845e-06
291.21 5.6054132941e-06
291.22 5.59436412969e-06
291.23 5.58334765556e-06
291.24 5.57236374263e-06
291.25 5.56141226251e-06
291.26 5.55049308742e-06
291.27 5.5396060902e-06
291.28 5.52875114433e-06
291.29 5.51792812392e-06
291.3 5.50713690368e-06
291.31 5.49637735895e-06
291.32 5.48564936567e-06
291.33 5.4749528004e-06
291.34 5.46428754028e-06
291.35 5.45365346309e-06
291.36 5.44305044717e-06
291.37 5.43247837147e-06
291.38 5.42193711553e-06
291.39 5.41142655948e-06
291.4 5.40094658402e-06
291.41 5.39049707045e-06
291.42 5.38007790062e-06
291.43 5.36968895698e-06
291.44 5.35933012253e-06
291.45 5.34900128085e-06
291.46 5.33870231607e-06
291.47 5.32843311289e-06
291.48 5.31819355657e-06
291.49 5.30798353292e-06
291.5 5.29780292828e-06
291.51 5.28765162957e-06
291.52 5.27752952422e-06
291.53 5.26743650024e-06
291.54 5.25737244615e-06
291.55 5.24733725101e-06
291.56 5.23733080441e-06
291.57 5.22735299647e-06
291.58 5.21740371784e-06
291.59 5.20748285968e-06
291.6 5.19759031369e-06
291.61 5.18772597207e-06
291.62 5.17788972753e-06
291.63 5.1680814733e-06
291.64 5.15830110313e-06
291.65 5.14854851124e-06
291.66 5.13882359239e-06
291.67 5.1291262418e-06
291.68 5.11945635523e-06
291.69 5.10981382889e-06
291.7 5.10019855951e-06
291.71 5.09061044429e-06
291.72 5.08104938094e-06
291.73 5.07151526762e-06
291.74 5.06200800298e-06
291.75 5.05252748617e-06
291.76 5.04307361679e-06
291.77 5.0336462949e-06
291.78 5.02424542106e-06
291.79 5.01487089628e-06
291.8 5.00552262203e-06
291.81 4.99620050025e-06
291.82 4.98690443332e-06
291.83 4.97763432411e-06
291.84 4.96839007592e-06
291.85 4.95917159248e-06
291.86 4.94997877802e-06
291.87 4.94081153716e-06
291.88 4.93166977501e-06
291.89 4.9225533971e-06
291.9 4.91346230938e-06
291.91 4.90439641826e-06
291.92 4.89535563059e-06
291.93 4.88633985363e-06
291.94 4.87734899507e-06
291.95 4.86838296304e-06
291.96 4.85944166609e-06
291.97 4.85052501318e-06
291.98 4.84163291369e-06
291.99 4.83276527744e-06
292.0 4.82392201464e-06
292.01 4.81510303591e-06
292.02 4.80630825231e-06
292.03 4.79753757527e-06
292.04 4.78879091665e-06
292.05 4.7800681887e-06
292.06 4.77136930409e-06
292.07 4.76269417586e-06
292.08 4.75404271746e-06
292.09 4.74541484276e-06
292.1 4.73681046597e-06
292.11 4.72822950174e-06
292.12 4.71967186508e-06
292.13 4.71113747138e-06
292.14 4.70262623644e-06
292.15 4.69413807643e-06
292.16 4.68567290789e-06
292.17 4.67723064774e-06
292.18 4.66881121328e-06
292.19 4.6604145222e-06
292.2 4.65204049253e-06
292.21 4.64368904268e-06
292.22 4.63536009145e-06
292.23 4.62705355797e-06
292.24 4.61876936176e-06
292.25 4.61050742268e-06
292.26 4.60226766098e-06
292.27 4.59404999723e-06
292.28 4.58585435239e-06
292.29 4.57768064774e-06
292.3 4.56952880495e-06
292.31 4.561398746e-06
292.32 4.55329039326e-06
292.33 4.5452036694e-06
292.34 4.53713849747e-06
292.35 4.52909480086e-06
292.36 4.52107250328e-06
292.37 4.51307152879e-06
292.38 4.50509180179e-06
292.39 4.49713324702e-06
292.4 4.48919578953e-06
292.41 4.48127935473e-06
292.42 4.47338386835e-06
292.43 4.46550925643e-06
292.44 4.45765544537e-06
292.45 4.44982236186e-06
292.46 4.44200993295e-06
292.47 4.43421808598e-06
292.48 4.42644674862e-06
292.49 4.41869584885e-06
292.5 4.410965315e-06
292.51 4.40325507566e-06
292.52 4.39556505979e-06
292.53 4.38789519661e-06
292.54 4.38024541569e-06
292.55 4.37261564688e-06
292.56 4.36500582035e-06
292.57 4.35741586658e-06
292.58 4.34984571633e-06
292.59 4.34229530069e-06
292.6 4.33476455104e-06
292.61 4.32725339904e-06
292.62 4.31976177667e-06
292.63 4.3122896162e-06
292.64 4.30483685018e-06
292.65 4.29740341148e-06
292.66 4.28998923324e-06
292.67 4.28259424889e-06
292.68 4.27521839214e-06
292.69 4.26786159702e-06
292.7 4.2605237978e-06
292.71 4.25320492907e-06
292.72 4.24590492568e-06
292.73 4.23862372278e-06
292.74 4.23136125576e-06
292.75 4.22411746034e-06
292.76 4.21689227248e-06
292.77 4.20968562842e-06
292.78 4.20249746469e-06
292.79 4.19532771806e-06
292.8 4.18817632561e-06
292.81 4.18104322465e-06
292.82 4.17392835279e-06
292.83 4.16683164789e-06
292.84 4.15975304807e-06
292.85 4.15269249173e-06
292.86 4.14564991752e-06
292.87 4.13862526435e-06
292.88 4.1316184714e-06
292.89 4.1246294781e-06
292.9 4.11765822413e-06
292.91 4.11070464944e-06
292.92 4.10376869424e-06
292.93 4.09685029896e-06
292.94 4.08994940432e-06
292.95 4.08306595126e-06
292.96 4.07619988099e-06
292.97 4.06935113496e-06
292.98 4.06251965486e-06
292.99 4.05570538264e-06
293.0 4.04890826049e-06
293.01 4.04212823083e-06
293.02 4.03536523634e-06
293.03 4.02861921992e-06
293.04 4.02189012472e-06
293.05 4.01517789414e-06
293.06 4.00848247181e-06
293.07 4.00180380157e-06
293.08 3.99514182753e-06
293.09 3.98849649402e-06
293.1 3.98186774559e-06
293.11 3.97525552705e-06
293.12 3.9686597834e-06
293.13 3.96208045991e-06
293.14 3.95551750204e-06
293.15 3.94897085551e-06
293.16 3.94244046624e-06
293.17 3.93592628039e-06
293.18 3.92942824433e-06
293.19 3.92294630467e-06
293.2 3.91648040821e-06
293.21 3.91003050201e-06
293.22 3.90359653332e-06
293.23 3.89717844961e-06
293.24 3.89077619857e-06
293.25 3.88438972812e-06
293.26 3.87801898637e-06
293.27 3.87166392166e-06
293.28 3.86532448254e-06
293.29 3.85900061776e-06
293.3 3.85269227629e-06
293.31 3.84639940732e-06
293.32 3.84012196022e-06
293.33 3.83385988458e-06
293.34 3.82761313021e-06
293.35 3.82138164711e-06
293.36 3.81516538549e-06
293.37 3.80896429575e-06
293.38 3.80277832852e-06
293.39 3.7966074346e-06
293.4 3.790451565e-06
293.41 3.78431067094e-06
293.42 3.77818470384e-06
293.43 3.77207361529e-06
293.44 3.7659773571e-06
293.45 3.75989588128e-06
293.46 3.75382914e-06
293.47 3.74777708567e-06
293.48 3.74173967087e-06
293.49 3.73571684835e-06
293.5 3.72970857108e-06
293.51 3.72371479222e-06
293.52 3.7177354651e-06
293.53 3.71177054325e-06
293.54 3.70581998039e-06
293.55 3.69988373041e-06
293.56 3.69396174739e-06
293.57 3.68805398562e-06
293.58 3.68216039954e-06
293.59 3.67628094378e-06
293.6 3.67041557317e-06
293.61 3.66456424269e-06
293.62 3.65872690753e-06
293.63 3.65290352305e-06
293.64 3.64709404477e-06
293.65 3.64129842841e-06
293.66 3.63551662985e-06
293.67 3.62974860516e-06
293.68 3.62399431058e-06
293.69 3.61825370251e-06
293.7 3.61252673755e-06
293.71 3.60681337245e-06
293.72 3.60111356413e-06
293.73 3.5954272697e-06
293.74 3.58975444642e-06
293.75 3.58409505174e-06
293.76 3.57844904325e-06
293.77 3.57281637873e-06
293.78 3.56719701613e-06
293.79 3.56159091353e-06
293.8 3.55599802923e-06
293.81 3.55041832164e-06
293.82 3.54485174937e-06
293.83 3.53929827118e-06
293.84 3.53375784599e-06
293.85 3.52823043289e-06
293.86 3.52271599111e-06
293.87 3.51721448006e-06
293.88 3.51172585931e-06
293.89 3.50625008858e-06
293.9 3.50078712773e-06
293.91 3.49533693682e-06
293.92 3.48989947602e-06
293.93 3.48447470568e-06
293.94 3.47906258631e-06
293.95 3.47366307855e-06
293.96 3.46827614322e-06
293.97 3.46290174127e-06
293.98 3.45753983382e-06
293.99 3.45219038211e-06
294.0 3.44685334758e-06
294.01 3.44152869177e-06
294.02 3.4362163764e-06
294.03 3.43091636333e-06
294.04 3.42562861456e-06
294.05 3.42035309224e-06
294.06 3.41508975867e-06
294.07 3.4098385763e-06
294.08 3.40459950771e-06
294.09 3.39937251564e-06
294.1 3.39415756296e-06
294.11 3.38895461269e-06
294.12 3.38376362798e-06
294.13 3.37858457215e-06
294.14 3.37341740863e-06
294.15 3.36826210101e-06
294.16 3.36311861301e-06
294.17 3.35798690849e-06
294.18 3.35286695144e-06
294.19 3.34775870601e-06
294.2 3.34266213646e-06
294.21 3.33757720722e-06
294.22 3.33250388281e-06
294.23 3.32744212793e-06
294.24 3.32239190739e-06
294.25 3.31735318613e-06
294.26 3.31232592923e-06
294.27 3.30731010192e-06
294.28 3.30230566954e-06
294.29 3.29731259756e-06
294.3 3.2923308516e-06
294.31 3.28736039738e-06
294.32 3.28240120079e-06
294.33 3.27745322781e-06
294.34 3.27251644458e-06
294.35 3.26759081734e-06
294.36 3.26267631247e-06
294.37 3.25777289649e-06
294.38 3.25288053603e-06
294.39 3.24799919784e-06
294.4 3.2431288488e-06
294.41 3.23826945594e-06
294.42 3.23342098637e-06
294.43 3.22858340736e-06
294.44 3.22375668628e-06
294.45 3.21894079064e-06
294.46 3.21413568804e-06
294.47 3.20934134625e-06
294.48 3.20455773311e-06
294.49 3.19978481662e-06
294.5 3.19502256488e-06
294.51 3.1902709461e-06
294.52 3.18552992863e-06
294.53 3.18079948093e-06
294.54 3.17607957157e-06
294.55 3.17137016924e-06
294.56 3.16667124276e-06
294.57 3.16198276104e-06
294.58 3.15730469313e-06
294.59 3.15263700818e-06
294.6 3.14797967545e-06
294.61 3.14333266434e-06
294.62 3.13869594434e-06
294.63 3.13406948505e-06
294.64 3.12945325619e-06
294.65 3.1248472276e-06
294.66 3.12025136922e-06
294.67 3.1156656511e-06
294.68 3.11109004341e-06
294.69 3.10652451642e-06
294.7 3.10196904052e-06
294.71 3.0974235862e-06
294.72 3.09288812405e-06
294.73 3.08836262479e-06
294.74 3.08384705923e-06
294.75 3.07934139829e-06
294.76 3.074845613e-06
294.77 3.07035967451e-06
294.78 3.06588355403e-06
294.79 3.06141722294e-06
294.8 3.05696065266e-06
294.81 3.05251381476e-06
294.82 3.04807668089e-06
294.83 3.04364922282e-06
294.84 3.0392314124e-06
294.85 3.03482322161e-06
294.86 3.03042462251e-06
294.87 3.02603558727e-06
294.88 3.02165608816e-06
294.89 3.01728609755e-06
294.9 3.01292558792e-06
294.91 3.00857453182e-06
294.92 3.00423290193e-06
294.93 2.99990067103e-06
294.94 2.99557781196e-06
294.95 2.99126429771e-06
294.96 2.98696010133e-06
294.97 2.98266519599e-06
294.98 2.97837955493e-06
294.99 2.9741031515e-06
295.0 2.96983595917e-06
295.01 2.96557795146e-06
295.02 2.96132910203e-06
295.03 2.95708938459e-06
295.04 2.95285877298e-06
295.05 2.94863724112e-06
295.06 2.94442476303e-06
295.07 2.9402213128e-06
295.08 2.93602686464e-06
295.09 2.93184139285e-06
295.1 2.9276648718e-06
295.11 2.92349727597e-06
295.12 2.91933857993e-06
295.13 2.91518875833e-06
295.14 2.91104778592e-06
295.15 2.90691563754e-06
295.16 2.90279228811e-06
295.17 2.89867771265e-06
295.18 2.89457188627e-06
295.19 2.89047478414e-06
295.2 2.88638638157e-06
295.21 2.8823066539e-06
295.22 2.87823557661e-06
295.23 2.87417312522e-06
295.24 2.87011927537e-06
295.25 2.86607400277e-06
295.26 2.86203728323e-06
295.27 2.85800909262e-06
295.28 2.85398940692e-06
295.29 2.84997820219e-06
295.3 2.84597545456e-06
295.31 2.84198114025e-06
295.32 2.83799523557e-06
295.33 2.83401771692e-06
295.34 2.83004856077e-06
295.35 2.82608774366e-06
295.36 2.82213524225e-06
295.37 2.81819103324e-06
295.38 2.81425509344e-06
295.39 2.81032739974e-06
295.4 2.80640792908e-06
295.41 2.80249665853e-06
295.42 2.79859356519e-06
295.43 2.79469862628e-06
295.44 2.79081181908e-06
295.45 2.78693312094e-06
295.46 2.78306250931e-06
295.47 2.77919996172e-06
295.48 2.77534545574e-06
295.49 2.77149896907e-06
295.5 2.76766047945e-06
295.51 2.76382996471e-06
295.52 2.76000740276e-06
295.53 2.75619277159e-06
295.54 2.75238604924e-06
295.55 2.74858721386e-06
295.56 2.74479624365e-06
295.57 2.74101311691e-06
295.58 2.737237812e-06
295.59 2.73347030734e-06
295.6 2.72971058145e-06
295.61 2.72595861291e-06
295.62 2.72221438038e-06
295.63 2.71847786259e-06
295.64 2.71474903835e-06
295.65 2.71102788653e-06
295.66 2.70731438608e-06
295.67 2.70360851602e-06
295.68 2.69991025545e-06
295.69 2.69621958353e-06
295.7 2.6925364795e-06
295.71 2.68886092266e-06
295.72 2.68519289239e-06
295.73 2.68153236815e-06
295.74 2.67787932945e-06
295.75 2.67423375587e-06
295.76 2.67059562708e-06
295.77 2.66696492281e-06
295.78 2.66334162285e-06
295.79 2.65972570706e-06
295.8 2.65611715538e-06
295.81 2.65251594782e-06
295.82 2.64892206443e-06
295.83 2.64533548536e-06
295.84 2.64175619082e-06
295.85 2.63818416107e-06
295.86 2.63461937645e-06
295.87 2.63106181738e-06
295.88 2.62751146431e-06
295.89 2.62396829779e-06
295.9 2.62043229842e-06
295.91 2.61690344686e-06
295.92 2.61338172386e-06
295.93 2.60986711021e-06
295.94 2.60635958677e-06
295.95 2.60285913447e-06
295.96 2.59936573431e-06
295.97 2.59587936733e-06
295.98 2.59240001467e-06
295.99 2.58892765749e-06
296.0 2.58546227705e-06
296.01 2.58200385465e-06
296.02 2.57855237167e-06
296.03 2.57510780953e-06
296.04 2.57167014974e-06
296.05 2.56823937386e-06
296.06 2.56481546349e-06
296.07 2.56139840032e-06
296.08 2.5579881661e-06
296.09 2.55458474262e-06
296.1 2.55118811176e-06
296.11 2.54779825542e-06
296.12 2.5444151556e-06
296.13 2.54103879433e-06
296.14 2.53766915373e-06
296.15 2.53430621595e-06
296.16 2.53094996322e-06
296.17 2.52760037781e-06
296.18 2.52425744207e-06
296.19 2.52092113839e-06
296.2 2.51759144923e-06
296.21 2.51426835711e-06
296.22 2.51095184459e-06
296.23 2.5076418943e-06
296.24 2.50433848894e-06
296.25 2.50104161124e-06
296.26 2.49775124401e-06
296.27 2.4944673701e-06
296.28 2.49118997242e-06
296.29 2.48791903396e-06
296.3 2.48465453772e-06
296.31 2.4813964668e-06
296.32 2.47814480434e-06
296.33 2.47489953351e-06
296.34 2.47166063758e-06
296.35 2.46842809985e-06
296.36 2.46520190366e-06
296.37 2.46198203244e-06
296.38 2.45876846965e-06
296.39 2.45556119881e-06
296.4 2.45236020349e-06
296.41 2.44916546733e-06
296.42 2.44597697399e-06
296.43 2.44279470722e-06
296.44 2.43961865081e-06
296.45 2.43644878858e-06
296.46 2.43328510444e-06
296.47 2.43012758233e-06
296.48 2.42697620624e-06
296.49 2.42383096023e-06
296.5 2.4206918284e-06
296.51 2.41755879489e-06
296.52 2.41443184392e-06
296.53 2.41131095973e-06
296.54 2.40819612663e-06
296.55 2.40508732897e-06
296.56 2.40198455118e-06
296.57 2.39888777769e-06
296.58 2.39579699302e-06
296.59 2.39271218173e-06
296.6 2.38963332842e-06
296.61 2.38656041775e-06
296.62 2.38349343443e-06
296.63 2.38043236321e-06
296.64 2.37737718889e-06
296.65 2.37432789633e-06
296.66 2.37128447044e-06
296.67 2.36824689615e-06
296.68 2.36521515847e-06
296.69 2.36218924245e-06
296.7 2.35916913318e-06
296.71 2.3561548158e-06
296.72 2.35314627551e-06
296.73 2.35014349753e-06
296.74 2.34714646715e-06
296.75 2.34415516971e-06
296.76 2.34116959059e-06
296.77 2.33818971519e-06
296.78 2.33521552901e-06
296.79 2.33224701755e-06
296.8 2.32928416639e-06
296.81 2.32632696111e-06
296.82 2.3233753874e-06
296.83 2.32042943093e-06
296.84 2.31748907746e-06
296.85 2.31455431279e-06
296.86 2.31162512274e-06
296.87 2.3087014932e-06
296.88 2.30578341009e-06
296.89 2.30287085939e-06
296.9 2.2999638271e-06
296.91 2.2970622993e-06
296.92 2.29416626207e-06
296.93 2.29127570157e-06
296.94 2.28839060399e-06
296.95 2.28551095556e-06
296.96 2.28263674255e-06
296.97 2.2797679513e-06
296.98 2.27690456816e-06
296.99 2.27404657954e-06
297.0 2.27119397189e-06
297.01 2.2683467317e-06
297.02 2.2655048455e-06
297.03 2.26266829987e-06
297.04 2.25983708143e-06
297.05 2.25701117685e-06
297.06 2.25419057281e-06
297.07 2.25137525607e-06
297.08 2.2485652134e-06
297.09 2.24576043165e-06
297.1 2.24296089767e-06
297.11 2.24016659837e-06
297.12 2.2373775207e-06
297.13 2.23459365166e-06
297.14 2.23181497826e-06
297.15 2.22904148759e-06
297.16 2.22627316676e-06
297.17 2.22351000291e-06
297.18 2.22075198323e-06
297.19 2.21799909497e-06
297.2 2.21525132538e-06
297.21 2.21250866178e-06
297.22 2.20977109152e-06
297.23 2.20703860198e-06
297.24 2.2043111806e-06
297.25 2.20158881483e-06
297.26 2.19887149219e-06
297.27 2.19615920022e-06
297.28 2.1934519265e-06
297.29 2.19074965865e-06
297.3 2.18805238433e-06
297.31 2.18536009123e-06
297.32 2.1826727671e-06
297.33 2.1799903997e-06
297.34 2.17731297684e-06
297.35 2.17464048638e-06
297.36 2.17197291619e-06
297.37 2.1693102542e-06
297.38 2.16665248836e-06
297.39 2.16399960668e-06
297.4 2.16135159718e-06
297.41 2.15870844793e-06
297.42 2.15607014705e-06
297.43 2.15343668267e-06
297.44 2.15080804297e-06
297.45 2.14818421617e-06
297.46 2.14556519051e-06
297.47 2.14295095429e-06
297.48 2.14034149582e-06
297.49 2.13773680347e-06
297.5 2.13513686562e-06
297.51 2.1325416707e-06
297.52 2.12995120719e-06
297.53 2.12736546357e-06
297.54 2.12478442839e-06
297.55 2.12220809021e-06
297.56 2.11963643763e-06
297.57 2.11706945929e-06
297.58 2.11450714386e-06
297.59 2.11194948006e-06
297.6 2.10939645662e-06
297.61 2.10684806231e-06
297.62 2.10430428595e-06
297.63 2.10176511638e-06
297.64 2.09923054247e-06
297.65 2.09670055314e-06
297.66 2.09417513732e-06
297.67 2.091654284e-06
297.68 2.08913798218e-06
297.69 2.08662622091e-06
297.7 2.08411898926e-06
297.71 2.08161627635e-06
297.72 2.07911807131e-06
297.73 2.07662436332e-06
297.74 2.07413514158e-06
297.75 2.07165039534e-06
297.76 2.06917011386e-06
297.77 2.06669428645e-06
297.78 2.06422290245e-06
297.79 2.06175595121e-06
297.8 2.05929342215e-06
297.81 2.05683530469e-06
297.82 2.05438158829e-06
297.83 2.05193226246e-06
297.84 2.0494873167e-06
297.85 2.04704674059e-06
297.86 2.0446105237e-06
297.87 2.04217865567e-06
297.88 2.03975112612e-06
297.89 2.03732792476e-06
297.9 2.03490904128e-06
297.91 2.03249446543e-06
297.92 2.03008418698e-06
297.93 2.02767819574e-06
297.94 2.02527648154e-06
297.95 2.02287903423e-06
297.96 2.02048584371e-06
297.97 2.01809689992e-06
297.98 2.01571219279e-06
297.99 2.01333171231e-06
298.0 2.01095544849e-06
298.01 2.00858339137e-06
298.02 2.00621553103e-06
298.03 2.00385185757e-06
298.04 2.00149236111e-06
298.05 1.99913703181e-06
298.06 1.99678585986e-06
298.07 1.99443883548e-06
298.08 1.99209594891e-06
298.09 1.98975719042e-06
298.1 1.98742255032e-06
298.11 1.98509201894e-06
298.12 1.98276558664e-06
298.13 1.9804432438e-06
298.14 1.97812498084e-06
298.15 1.97581078821e-06
298.16 1.97350065637e-06
298.17 1.97119457583e-06
298.18 1.96889253711e-06
298.19 1.96659453077e-06
298.2 1.96430054739e-06
298.21 1.96201057758e-06
298.22 1.95972461197e-06
298.23 1.95744264124e-06
298.24 1.95516465608e-06
298.25 1.9528906472e-06
298.26 1.95062060535e-06
298.27 1.9483545213e-06
298.28 1.94609238586e-06
298.29 1.94383418984e-06
298.3 1.94157992411e-06
298.31 1.93932957955e-06
298.32 1.93708314705e-06
298.33 1.93484061755e-06
298.34 1.93260198201e-06
298.35 1.93036723142e-06
298.36 1.92813635679e-06
298.37 1.92590934915e-06
298.38 1.92368619956e-06
298.39 1.92146689913e-06
298.4 1.91925143895e-06
298.41 1.91703981018e-06
298.42 1.91483200397e-06
298.43 1.91262801151e-06
298.44 1.91042782404e-06
298.45 1.90823143278e-06
298.46 1.906038829e-06
298.47 1.903850004e-06
298.48 1.90166494909e-06
298.49 1.89948365561e-06
298.5 1.89730611494e-06
298.51 1.89513231846e-06
298.52 1.8929622576e-06
298.53 1.89079592378e-06
298.54 1.88863330848e-06
298.55 1.88647440319e-06
298.56 1.88431919942e-06
298.57 1.88216768871e-06
298.58 1.88001986262e-06
298.59 1.87787571274e-06
298.6 1.87573523068e-06
298.61 1.87359840808e-06
298.62 1.87146523659e-06
298.63 1.8693357079e-06
298.64 1.86720981371e-06
298.65 1.86508754575e-06
298.66 1.86296889578e-06
298.67 1.86085385557e-06
298.68 1.85874241692e-06
298.69 1.85663457166e-06
298.7 1.85453031163e-06
298.71 1.8524296287e-06
298.72 1.85033251477e-06
298.73 1.84823896175e-06
298.74 1.84614896157e-06
298.75 1.84406250621e-06
298.76 1.84197958764e-06
298.77 1.83990019787e-06
298.78 1.83782432893e-06
298.79 1.83575197287e-06
298.8 1.83368312177e-06
298.81 1.83161776773e-06
298.82 1.82955590285e-06
298.83 1.82749751929e-06
298.84 1.8254426092e-06
298.85 1.82339116478e-06
298.86 1.82134317823e-06
298.87 1.81929864177e-06
298.88 1.81725754766e-06
298.89 1.81521988818e-06
298.9 1.81318565561e-06
298.91 1.81115484227e-06
298.92 1.8091274405e-06
298.93 1.80710344266e-06
298.94 1.80508284113e-06
298.95 1.80306562831e-06
298.96 1.80105179663e-06
298.97 1.79904133852e-06
298.98 1.79703424646e-06
298.99 1.79503051293e-06
299.0 1.79303013043e-06
299.01 1.7910330915e-06
299.02 1.78903938868e-06
299.03 1.78704901455e-06
299.04 1.78506196169e-06
299.05 1.78307822271e-06
299.06 1.78109779026e-06
299.07 1.77912065697e-06
299.08 1.77714681552e-06
299.09 1.77517625861e-06
299.1 1.77320897894e-06
299.11 1.77124496926e-06
299.12 1.76928422231e-06
299.13 1.76732673087e-06
299.14 1.76537248772e-06
299.15 1.7634214857e-06
299.16 1.76147371762e-06
299.17 1.75952917634e-06
299.18 1.75758785473e-06
299.19 1.7556497457e-06
299.2 1.75371484214e-06
299.21 1.75178313699e-06
299.22 1.7498546232e-06
299.23 1.74792929375e-06
299.24 1.74600714161e-06
299.25 1.74408815981e-06
299.26 1.74217234137e-06
299.27 1.74025967933e-06
299.28 1.73835016677e-06
299.29 1.73644379677e-06
299.3 1.73454056244e-06
299.31 1.73264045689e-06
299.32 1.73074347327e-06
299.33 1.72884960475e-06
299.34 1.72695884449e-06
299.35 1.72507118571e-06
299.36 1.72318662162e-06
299.37 1.72130514545e-06
299.38 1.71942675046e-06
299.39 1.71755142992e-06
299.4 1.71567917712e-06
299.41 1.71380998537e-06
299.42 1.71194384801e-06
299.43 1.71008075836e-06
299.44 1.70822070981e-06
299.45 1.70636369572e-06
299.46 1.70450970951e-06
299.47 1.70265874459e-06
299.48 1.70081079439e-06
299.49 1.69896585236e-06
299.5 1.69712391199e-06
299.51 1.69528496676e-06
299.52 1.69344901017e-06
299.53 1.69161603575e-06
299.54 1.68978603704e-06
299.55 1.6879590076e-06
299.56 1.68613494101e-06
299.57 1.68431383087e-06
299.58 1.68249567077e-06
299.59 1.68068045436e-06
299.6 1.67886817528e-06
299.61 1.67705882718e-06
299.62 1.67525240376e-06
299.63 1.67344889871e-06
299.64 1.67164830574e-06
299.65 1.66985061858e-06
299.66 1.66805583098e-06
299.67 1.66626393671e-06
299.68 1.66447492955e-06
299.69 1.6626888033e-06
299.7 1.66090555176e-06
299.71 1.65912516878e-06
299.72 1.6573476482e-06
299.73 1.65557298388e-06
299.74 1.65380116971e-06
299.75 1.65203219958e-06
299.76 1.65026606741e-06
299.77 1.64850276713e-06
299.78 1.64674229268e-06
299.79 1.64498463802e-06
299.8 1.64322979714e-06
299.81 1.64147776403e-06
299.82 1.6397285327e-06
299.83 1.63798209717e-06
299.84 1.63623845149e-06
299.85 1.63449758972e-06
299.86 1.63275950593e-06
299.87 1.63102419421e-06
299.88 1.62929164866e-06
299.89 1.62756186341e-06
299.9 1.6258348326e-06
299.91 1.62411055037e-06
299.92 1.6223890109e-06
299.93 1.62067020837e-06
299.94 1.61895413697e-06
299.95 1.61724079092e-06
299.96 1.61553016446e-06
299.97 1.61382225182e-06
299.98 1.61211704727e-06
299.99 1.61041454507e-06
