202.7675 0.007949
202.7682 0.00872
203.1360 0.000133
204.3501 0.000696
204.3568 0.000802
204.4966 0.00044
204.5457 0.003836
204.5966 0.001027
205.2111 6.9e-05
205.2172 6.7e-05
205.2658 2.1e-05
205.3806 4.8e-05
205.4010 1.6e-05
205.4843 2e-06
205.5514 3e-06
205.5582 7.9e-05
205.7211 0.000114
205.8617 1e-06
205.8724 0.000129
205.9966 0.000902
206.0527 0.000228
206.0552 2.2e-05
206.0583 5.3e-05
206.1708 2.3e-05
206.1748 7e-06
206.1950 4.5e-05
206.1955 6e-06
206.2025 4e-06
206.2164 0.000523
206.2220 0.000279
206.3048 2.6e-05
206.3542 0.001036
206.6531 8.2e-05
206.6624 3e-05
206.6690 1e-06
206.7544 1e-06
206.7770 9.7e-05
206.7872 2e-06
206.7886 1.5e-05
206.7953 5e-05
206.7988 1e-06
206.8679 1.4e-05
206.8720 1e-06
206.9207 1.7e-05
206.9209 6.9e-05
206.9383 1e-06
206.9453 0.0
206.9990 1.5e-05
207.0648 2e-05
207.1513 9e-05
207.1589 1.4e-05
207.1860 3.3e-05
207.2530 3.4e-05
207.2596 7e-06
207.2845 0.000219
207.3345 9e-06
207.4345 9e-06
207.4421 5.3e-05
207.4534 9e-06
207.4924 0.000605
