280.0 2.1934263429804e-177
280.01 8.485432998782526e-177
280.02 3.275231375640114e-176
280.03 1.261324953604067e-175
280.03999999999996 4.846508915229003e-175
280.04999999999995 1.8580101055053553e-174
280.05999999999995 7.1069646688333635e-174
280.06999999999994 2.7122971733089325e-173
280.0799999999999 1.0327790458199711e-172
280.0899999999999 3.9236891847485624e-172
280.0999999999999 1.487300799061627e-171
280.1099999999999 5.624968061088942e-171
280.1199999999999 2.1225520428323575e-170
280.1299999999999 7.991230775448824e-170
280.1399999999999 3.001829613583119e-169
280.14999999999986 1.1250593776730594e-168
280.15999999999985 4.207090873714265e-168
280.16999999999985 1.5696592583209812e-167
280.17999999999984 5.843135055720783e-167
280.1899999999998 2.1702187432735004e-166
280.1999999999998 8.042260636806608e-166
280.2099999999998 2.9735129029073193e-165
280.2199999999998 1.096929110859467e-164
280.2299999999998 4.037423900665891e-164
280.2399999999998 1.4826791869015137e-163
280.2499999999998 5.4325919823291845e-163
280.25999999999976 1.9860219427465334e-162
280.26999999999975 7.243993554550054e-162
280.27999999999975 2.6362653889189723e-161
280.28999999999974 9.572321179783928e-161
280.2999999999997 3.46786720883234e-160
280.3099999999997 1.2535011038592085e-159
280.3199999999997 4.5206829359020685e-159
280.3299999999997 1.6266736933687392e-158
280.3399999999997 5.8400142565814e-158
280.3499999999997 2.091916964351606e-157
280.3599999999997 7.476391730042895e-157
280.36999999999966 2.665979027377512e-156
280.37999999999965 9.485025087466335e-156
280.38999999999965 3.3669550304452057e-155
280.39999999999964 1.192485827404728e-154
280.4099999999996 4.213919319594303e-154
280.4199999999996 1.485717667292752e-153
280.4299999999996 5.226409591952833e-153
280.4399999999996 1.8343731345858416e-152
280.4499999999996 6.423755558747953e-152
280.4599999999996 2.2444369999371295e-151
280.4699999999996 7.82425366369356e-151
280.47999999999956 2.7214196440363406e-150
280.48999999999955 9.44420056185406e-150
280.49999999999955 3.270031842991692e-149
280.50999999999954 1.1296810874054009e-148
280.5199999999995 3.893828611483506e-148
280.5299999999995 1.3391058431993718e-147
280.5399999999995 4.5948366782874983e-147
280.5499999999995 1.573049379847907e-146
280.5599999999995 5.373184296499053e-146
280.5699999999995 1.83121030569522e-145
280.5799999999995 6.226755578013638e-145
280.58999999999946 2.1125282366828725e-144
280.59999999999945 7.150893957295993e-144
280.60999999999945 2.415100823022861e-143
280.61999999999944 8.138180324618168e-143
280.6299999999994 2.736128361132822e-142
280.6399999999994 9.178310485651512e-142
280.6499999999994 3.071893409162423e-141
280.6599999999994 1.0258093682883324e-140
280.6699999999994 3.417781567777703e-140
280.6799999999994 1.1361588896135974e-139
280.6899999999994 3.768347681190591e-139
280.69999999999936 1.2470388657438954e-138
280.70999999999935 4.1174292310307843e-138
280.71999999999935 1.35640515075334e-137
280.72999999999934 4.458305776311038e-137
280.7399999999993 1.4620674521998432e-136
280.7499999999993 4.783900133304626e-136
280.7599999999993 1.56175872441738e-135
280.7699999999993 5.0870138310793344e-135
280.7799999999993 1.6532138690886224e-134
280.7899999999993 5.360586487601569e-134
280.7999999999993 1.7342540696099635e-133
280.80999999999926 5.59796639313219e-133
280.81999999999925 1.802872453337753e-132
280.82999999999925 5.793177999940411e-132
280.83999999999924 1.8573164187284391e-131
280.8499999999992 5.941171384076651e-131
280.8599999999992 1.896161929540809e-130
280.8699999999992 6.038039173897335e-130
280.8799999999992 1.9183753857319855e-129
280.8899999999992 6.081187947626111e-129
280.8999999999992 1.923359320269849e-128
280.9099999999992 6.069453607386005e-128
280.91999999999916 1.9109791020360967e-127
280.92999999999915 6.003153565535742e-127
280.93999999999915 1.881568978987507e-126
280.94999999999914 5.884072477790468e-126
280.9599999999991 1.8359170829497825e-125
280.9699999999991 5.715382418196315e-125
280.9799999999991 1.7752303350345305e-124
280.9899999999991 5.501502479631698e-124
280.9999999999991 1.7010814329107496e-123
281.0099999999991 5.247906473255827e-123
281.0199999999991 1.6153411696289599e-122
281.02999999999906 4.96089040328884e-122
281.03999999999905 1.5201001468322492e-121
281.04999999999905 4.647313487928064e-121
281.05999999999904 1.4175844459203327e-120
281.069999999999 4.314327547562128e-120
281.079999999999 1.310069981195405e-119
281.089999999999 3.969109548426304e-119
281.099999999999 1.1998000822239059e-118
281.109999999999 3.618611030330306e-118
281.119999999999 1.0889103707248293e-117
281.129999999999 3.269336203801869e-117
281.13999999999896 9.793642668962169e-117
281.14999999999895 2.9271578849182945e-116
281.15999999999894 8.729015554489498e-116
281.16999999999894 2.597177398214995e-115
281.1799999999989 7.710014463136808e-115
281.1899999999989 2.283631388178468e-114
281.1999999999989 6.74860563362468e-114
281.2099999999989 1.989845396157473e-113
281.2199999999989 5.853853636559717e-113
281.2299999999989 1.718231306504971e-112
281.2399999999989 5.031976931383471e-112
281.24999999999886 1.470323516610128e-111
281.25999999999885 4.2865156763177005e-111
281.26999999999884 1.2468470516814114e-110
281.27999999999884 3.61858855416579e-110
281.2899999999988 1.0478098733504907e-109
281.2999999999988 3.027213344438717e-109
281.3099999999988 8.726113069312972e-109
281.3199999999988 2.5096659010424663e-108
281.3299999999988 7.201587693147126e-108
281.3399999999988 2.0618538087990545e-107
281.3499999999988 5.889857133091882e-107
281.35999999999876 1.6786839171840777e-106
281.36999999999875 4.773647866853286e-106
281.37999999999874 1.3544067621202244e-105
281.38999999999874 3.8341149895211886e-105
281.3999999999987 1.082925158992692e-104
281.4099999999987 3.0517506503064317e-104
281.4199999999987 8.580585900282044e-104
281.4299999999987 2.4071443765935617e-103
281.4399999999987 6.737590885924405e-103
281.4499999999987 1.881587582172773e-102
281.4599999999987 5.2427789520450915e-102
281.46999999999866 1.4575248456544558e-101
281.47999999999865 4.0428506655441616e-101
281.48999999999864 1.1188625803493905e-100
281.49999999999864 3.0894638572285953e-100
281.5099999999986 8.511513873722165e-100
281.5199999999986 2.3396334939695658e-99
281.5299999999986 6.416617894981964e-99
281.5399999999986 1.7558275491387672e-98
281.5499999999986 4.7937444175939226e-98
281.5599999999986 1.3058257593874114e-97
281.5699999999986 3.5490566365881385e-97
281.57999999999856 9.624052299505063e-97
281.58999999999855 2.603876416456152e-96
281.59999999999854 7.029106357782676e-96
281.60999999999854 1.893203145789634e-95
281.6199999999985 5.087585019321287e-95
281.6299999999985 1.364091508572536e-94
281.6399999999985 3.6491582530284845e-94
281.6499999999985 9.740006809155479e-94
281.6599999999985 2.593840082362921e-93
281.6699999999985 6.891987978151069e-93
281.6799999999985 1.8271037400356276e-92
281.68999999999846 4.832805165385802e-92
281.69999999999845 1.275418628377527e-91
281.70999999999844 3.3583319196169795e-91
281.71999999999844 8.822910523751992e-91
281.7299999999984 2.3126905863841487e-90
281.7399999999984 6.048401247593369e-90
281.7499999999984 1.5782691364505314e-89
281.7599999999984 4.109026528762669e-89
281.7699999999984 1.0673681570541358e-88
281.7799999999984 2.766348935054499e-88
281.7899999999984 7.153475597744901e-88
281.79999999999836 1.8456301185323301e-87
281.80999999999835 4.75105075076046e-87
281.81999999999834 1.2202592450029563e-86
281.82999999999834 3.1270295423765472e-86
281.8399999999983 7.995199528798553e-86
281.8499999999983 2.0395956535020604e-85
281.8599999999983 5.191302096300186e-85
281.8699999999983 1.3183356150141267e-84
281.8799999999983 3.3403588829007095e-84
281.8899999999983 8.44457389331902e-84
281.8999999999983 2.1300010741257987e-83
281.90999999999826 5.3604269284573304e-83
281.91999999999825 1.3459732173847852e-82
281.92999999999824 3.372026205861425e-82
281.93999999999824 8.428745746241909e-82
281.9499999999982 2.1020955854859608e-81
281.9599999999982 5.230695827004892e-81
281.9699999999982 1.298625646316299e-80
281.9799999999982 3.2168143221202914e-80
281.9899999999982 7.950336773392602e-80
281.9999999999982 1.9604807220234208e-79
282.0099999999982 4.823442994783006e-79
282.01999999999816 1.1840478486402892e-78
282.02999999999815 2.900005954672522e-78
282.03999999999814 7.086732912599646e-78
282.04999999999814 1.7278688886985175e-77
282.0599999999981 4.2033258066850575e-77
282.0699999999981 1.0202177569670929e-76
282.0799999999981 2.4706445165637004e-76
282.0899999999981 5.969599731090904e-76
282.0999999999981 1.439122399858705e-75
282.1099999999981 3.461527853325856e-75
282.1199999999981 8.30721614140914e-75
282.12999999999806 1.9891190560225947e-74
282.13999999999805 4.752078863008929e-74
282.14999999999804 1.1327239941430352e-73
282.15999999999804 2.693904316652187e-73
282.169999999998 6.39231022313665e-73
282.179999999998 1.5133909682127334e-72
282.189999999998 3.574884833501833e-72
282.199999999998 8.425401432501145e-72
282.209999999998 1.9812386175443724e-71
282.219999999998 4.6483691308236996e-71
282.229999999998 1.0881332478013927e-70
282.23999999999796 2.5414478736179403e-70
282.24999999999795 5.922403506000906e-70
282.25999999999794 1.3769952674505577e-69
282.26999999999794 3.194365271295261e-69
282.2799999999979 7.393573320379863e-69
282.2899999999979 1.7074259574828112e-68
282.2999999999979 3.934115165069064e-68
282.3099999999979 9.044195870686681e-68
282.3199999999979 2.0744862341037507e-67
282.3299999999979 4.7475425953466023e-67
282.3399999999979 1.0840389937882413e-66
282.34999999999786 2.469668530583777e-66
282.35999999999785 5.613712506162267e-66
282.36999999999784 1.273149519717317e-65
282.37999999999784 2.8808881988103638e-65
282.3899999999978 6.504159112465875e-65
282.3999999999978 1.4651216140136448e-64
282.4099999999978 3.292865312379502e-64
282.4199999999978 7.384005991614448e-64
282.4299999999978 1.6520679377522397e-63
282.4399999999978 3.687920599554449e-63
282.4499999999978 8.213968378425755e-63
282.45999999999776 1.8253338351401603e-62
282.46999999999775 4.047150950039492e-62
282.47999999999774 8.953118471395173e-62
282.48999999999774 1.9761372176791404e-61
282.4999999999977 4.351888002912462e-61
282.5099999999977 9.562163772143971e-61
282.5199999999977 2.0962955318220093e-60
282.5299999999977 4.585288984349415e-60
282.5399999999977 1.0006882407669092e-59
282.5499999999977 2.178957556647087e-59
282.5599999999977 4.733873456100435e-59
282.56999999999766 1.026130097596974e-58
282.57999999999765 2.219249473079557e-58
282.58999999999764 4.788811600609467e-58
282.59999999999764 1.0310205318648634e-57
282.6099999999976 2.2147505705690962e-57
282.6199999999976 4.746792921507971e-57
282.6299999999976 1.0150646772433237e-56
282.6399999999976 2.1657340250709e-56
282.6499999999976 4.610356504102621e-56
282.6599999999976 9.792236509470905e-56
282.6699999999976 2.0751394417306944e-55
282.67999999999756 4.3876370158513e-55
282.68999999999755 9.256187105144854e-55
282.69999999999754 1.948280999750751e-54
282.70999999999754 4.0915617814478764e-54
282.7199999999975 8.573234246059045e-54
282.7299999999975 1.7923314960774816e-53
282.7399999999975 3.7386091439573875e-53
282.7499999999975 7.780721724044823e-53
282.7599999999975 1.6156519377710295e-52
282.7699999999975 3.3472938795507345e-52
282.7799999999975 6.919233831020311e-52
282.78999999999746 1.4270536805646347e-51
282.79999999999745 2.9365727381531326e-51
282.80999999999744 6.029195656858629e-51
282.81999999999744 1.235083065536433e-50
282.8299999999974 2.5243591479011586e-50
282.8399999999974 5.147831450225782e-50
282.8499999999974 1.047407564968096e-49
282.8599999999974 2.126303815278833e-49
282.8699999999974 4.306784766423218e-49
282.8799999999974 8.703606918404409e-49
282.88999999999737 1.75494549677493e-48
282.89999999999736 3.530581774059261e-48
282.90999999999735 7.086751553144025e-48
282.91999999999734 1.4192746467065968e-47
282.92999999999734 2.835985463790049e-47
282.9399999999973 5.654053175810771e-47
282.9499999999973 1.1246933403236993e-46
282.9599999999973 2.232167185997644e-46
282.9699999999973 4.42015695591625e-46
282.9799999999973 8.733072244915445e-46
282.9899999999973 1.7215308906548504e-45
282.99999999999727 3.3859536382611556e-45
283.00999999999726 6.644550861382368e-45
283.01999999999725 1.3009742594720564e-44
283.02999999999724 2.5415007615196146e-44
283.03999999999724 4.953706444019335e-44
283.0499999999972 9.633603944628985e-44
283.0599999999972 1.8692432587223635e-43
283.0699999999972 3.618773399444107e-43
283.0799999999972 6.989973075127918e-43
283.0899999999972 1.347125883236115e-42
283.0999999999972 2.590355910025431e-42
283.10999999999717 4.969689970059668e-42
283.11999999999716 9.513005966493275e-42
283.12999999999715 1.8168742713571768e-41
283.13999999999714 3.462187879746238e-41
283.14999999999714 6.582563500542546e-41
283.1599999999971 1.248700167889809e-40
283.1699999999971 2.3634150045853153e-40
283.1799999999971 4.463140214039827e-40
283.1899999999971 8.409299422912158e-40
283.1999999999971 1.5808762096260606e-39
283.2099999999971 2.96520478872763e-39
283.21999999999707 5.5491992985784664e-39
283.22999999999706 1.036155110352395e-38
283.23999999999705 1.9303589102573178e-38
283.24999999999704 3.588146915709453e-38
283.25999999999704 6.654589194074855e-38
283.269999999997 1.2313774218791005e-37
283.279999999997 2.273421930882794e-37
283.289999999997 4.187818474032394e-37
283.299999999997 7.696878259764903e-37
283.309999999997 1.4114333470563229e-36
283.319999999997 2.582409674869832e-36
283.32999999999697 4.7142101429349805e-36
283.33999999999696 8.586413319338904e-36
283.34999999999695 1.56039201474283e-35
283.35999999999694 2.829272304669714e-35
283.36999999999694 5.118407992795336e-35
283.3799999999969 9.238770957932308e-35
283.3899999999969 1.6638442525684864e-34
283.3999999999969 2.9897187576898004e-34
283.4099999999969 5.360030007442432e-34
283.4199999999969 9.58789678140677e-34
283.4299999999969 1.711192027141181e-33
283.43999999999687 3.0471472438170308e-33
283.44999999999686 5.4138653896771825e-33
283.45999999999685 9.597117496747675e-33
283.46999999999684 1.6974365236930482e-32
283.47999999999683 2.995474812088023e-32
283.4899999999968 5.2742076835227e-32
283.4999999999968 9.265486651854256e-32
283.5099999999968 1.6240474820228964e-31
283.5199999999968 2.8401986596486076e-31
283.5299999999968 4.955851104289256e-31
283.5399999999968 8.627944560019462e-31
283.54999999999677 1.4987045818978211e-30
283.55999999999676 2.5974329561672295e-30
283.56999999999675 4.4915093671009114e-30
283.57999999999674 7.74925503956027e-30
283.58999999999673 1.3339738331144946e-29
283.5999999999967 2.2911546734831394e-29
283.6099999999967 3.926280111395486e-29
283.6199999999967 6.713174794607626e-29
283.6299999999967 1.145234614572098e-28
283.6399999999967 1.9493097015545824e-28
283.6499999999967 3.3104506809451672e-28
283.65999999999667 5.6093602472761325e-28
283.66999999999666 9.483300403483872e-28
283.67999999999665 1.5996526221900015e-27
283.68999999999664 2.6922283240009993e-27
283.69999999999663 4.520829855337901e-27
283.7099999999966 7.574335480155555e-27
283.7199999999966 1.2661671662997684e-26
283.7299999999966 2.1118240396880002e-26
283.7399999999966 3.5143468188241554e-26
283.7499999999966 5.835146316970685e-26
283.7599999999966 9.666720515081328e-26
283.76999999999657 1.597816460879415e-25
283.77999999999656 2.635087091761663e-25
283.78999999999655 4.335941837355361e-25
283.79999999999654 7.11856331574095e-25
283.80999999999653 1.1660622212504595e-24
283.8199999999965 1.9057749120175932e-24
283.8299999999965 3.1077210755691205e-24
283.8399999999965 5.056302491417923e-24
283.8499999999965 8.208138755248883e-24
283.8599999999965 1.3294652784244626e-23
283.8699999999965 2.1484735859982734e-23
283.87999999999647 3.464206634390169e-23
283.88999999999646 5.573119465246558e-23
283.89999999999645 8.945688101556485e-23
283.90999999999644 1.4326827450421211e-22
283.91999999999643 2.289323841086939e-22
283.9299999999964 3.6499372505660363e-22
283.9399999999964 5.806100864221561e-22
283.9499999999964 9.21520094989411e-22
283.9599999999964 1.4593052510065084e-21
283.9699999999964 2.3057309414450504e-21
283.9799999999964 3.6348986282873386e-21
283.98999999999637 5.7173821322200794e-21
283.99999999999636 8.97270572468946e-21
284.00999999999635 1.404982661735715e-20
284.01999999999634 2.1950271147125116e-20
284.02999999999633 3.4216079555272647e-20
284.0399999999963 5.321598280855711e-20
284.0499999999963 8.258011055399534e-20
284.0599999999963 1.2785873861330022e-19
284.0699999999963 1.9751814814232603e-19
284.0799999999963 3.0444250036707685e-19
284.0899999999963 4.681934056397774e-19
284.09999999999627 7.184012756945276e-19
284.10999999999626 1.0998431144664802e-18
284.11999999999625 1.6800270810616936e-18
284.12999999999624 2.5604940754509817e-18
284.13999999999623 3.893617397534851e-18
284.1499999999962 5.907514999902054e-18
284.1599999999962 8.94290276801266e-18
284.1699999999962 1.3507480763305527e-17
284.1799999999962 2.0355999727099103e-17
284.1899999999962 3.060784845149338e-17
284.1999999999962 4.591932693109076e-17
284.20999999999617 6.873542605532993e-17
284.21999999999616 1.0265691463395175e-16
284.22999999999615 1.5297424151590778e-16
284.23999999999614 2.274421713515139e-16
284.24999999999613 3.37400965579385e-16
284.2599999999961 4.993951897507577e-16
284.2699999999961 7.375053175804384e-16
284.2799999999961 1.0866977985541385e-15
284.2899999999961 1.5976267065234402e-15
284.2999999999961 2.343499111843431e-15
284.3099999999961 3.4298671297790574e-15
284.31999999999607 5.00856005323512e-15
284.32999999999606 7.297458375741323e-15
284.33999999999605 1.0608490347735392e-14
284.34999999999604 1.5387172742820997e-14
284.35999999999603 2.226831854704983e-14
284.369999999996 3.215432825487923e-14
284.379999999996 4.632494851467484e-14
284.389999999996 6.65907654654821e-14
284.399999999996 9.550732828185709e-14
284.409999999996 1.3667311192288851e-13
284.419999999996 1.9514311727085167e-13
284.42999999999597 2.7800156034109916e-13
284.43999999999596 3.9515287026111684e-13
284.44999999999595 5.604114927274774e-13
284.45999999999594 7.929996277185712e-13
284.46999999999593 1.1196004539350961e-12
284.4799999999959 1.5771658140060106e-12
284.4899999999959 2.2167459601775655e-12
284.4999999999959 3.108700291246732e-12
284.5099999999959 4.3497692207090845e-12
284.5199999999959 6.072647726705904e-12
284.5299999999959 8.45891282688485e-12
284.53999999999587 1.1756435799639951e-11
284.54999999999586 1.63027755282771e-11
284.55999999999585 2.255652766176349e-11
284.56999999999584 3.1139228351555756e-11
284.57999999999583 4.289122320015812e-11
284.5899999999958 5.894596519992965e-11
284.5999999999958 8.082856756215507e-11
284.6099999999958 1.105861939170066e-10
284.6199999999958 1.509601269493128e-10
284.6299999999958 2.0561225196088147e-10
284.6399999999958 2.794223925859641e-10
284.64999999999577 3.78877651675783e-10
284.65999999999576 5.125809014067546e-10
284.66999999999575 6.91913154566313e-10
284.67999999999574 9.318941297861074e-10
284.68999999999573 1.252297383128389e-09
284.6999999999957 1.6790915107467978e-09
284.7099999999957 2.246297855316795e-09
284.7199999999957 2.998378749250368e-09
284.7299999999957 3.993299659146307e-09
284.7399999999957 5.3064449318719e-09
284.7499999999957 7.035611708152626e-09
284.75999999999567 9.307361783029392e-09
284.76999999999566 1.228507891272215e-08
284.77999999999565 1.6179161845126703e-08
284.78999999999564 2.1259884186245365e-08
284.79999999999563 2.787357461803006e-08
284.8099999999956 3.646291904205886e-08
284.8199999999956 4.7592364672430384e-08
284.8299999999956 6.197982039310442e-08
284.8399999999956 8.053610407381618e-08
284.8499999999956 1.044138931114224e-07
284.8599999999956 1.350682972664209e-07
284.86999999999557 1.7433160192251895e-07
284.87999999999556 2.245052352713524e-07
284.88999999999555 2.8847260574114135e-07
284.89999999999554 3.698371484451564e-07
284.90999999999553 4.730907247684394e-07
284.9199999999955 6.038184516680531e-07
284.9299999999955 7.689471119341015e-07
284.9399999999955 9.770455293491648e-07
284.9499999999955 1.2386866996590285e-06
284.9599999999955 1.5668830659372081e-06
284.9699999999955 1.9776081314286888e-06
284.97999999999547 2.490419629644483e-06
284.98999999999546 3.129201734271912e-06
284.99999999999545 3.9230463021000405e-06
285.00999999999544 4.907295909275745e-06
285.01999999999543 6.12477446930251e-06
285.0299999999954 7.627234509432237e-06
285.0399999999954 9.477053722953533e-06
285.0499999999954 1.1749217192647152e-05
285.0599999999954 1.4533625669856092e-05
285.0699999999954 1.7937774457165574e-05
285.0799999999954 2.2089851730204057e-05
285.08999999999537 2.714230947992911e-05
285.09999999999536 3.32759645782167e-05
285.10999999999535 4.070469166498172e-05
285.11999999999534 4.96807735021861e-05
285.12999999999533 6.050097799464959e-05
285.1399999999953 7.351343407208882e-05
285.1499999999953 8.912538086986894e-05
285.1599999999953 0.0001078118659220623
285.1699999999953 0.00013012546815045783
285.1799999999953 0.00015670712003571587
285.1899999999953 0.00018829810021037295
285.19999999999527 0.00022575326251951362
285.20999999999526 0.0002700555600429071
285.21999999999525 0.00032233191234497125
285.22999999999524 0.0003838704509992945
285.23999999999523 0.0004561391619149875
285.2499999999952 0.0005408059228843336
285.2599999999952 0.0006397599108171994
285.2699999999952 0.0007551343251128576
285.2799999999952 0.0008893303413872297
285.2899999999952 0.0010450421732382117
285.2999999999952 0.0012252830788971219
285.30999999999517 0.0014334121045877705
285.31999999999516 0.0016731613074237829
285.32999999999515 0.0019486631480826189
285.33999999999514 0.0022644776878138
285.34999999999513 0.002625619166243864
285.3599999999951 0.003037581476777851
285.3699999999951 0.00350636199619132
285.3799999999951 0.004038483165463649
285.3899999999951 0.0046410111614063835
285.3999999999951 0.00532157094474489
285.4099999999951 0.006088356921728779
285.41999999999507 0.006950138414925368
285.42999999999506 0.007916259106547337
285.43999999999505 0.00899662959651281
285.44999999999504 0.010201712209496642
285.45999999999503 0.011542497192552625
285.469999999995 0.013030469469442281
285.479999999995 0.014677565161437341
285.489999999995 0.016496117148710937
285.499999999995 0.018498789032868862
285.509999999995 0.020698496970728363
285.519999999995 0.023108318982749138
285.52999999999497 0.02574139149670114
285.53999999999496 0.028610793067816796
285.54999999999495 0.031729415419823055
285.55999999999494 0.03510982217524012
285.56999999999493 0.03876409588585042
285.5799999999949 0.04270367423227053
285.5899999999949 0.04693917653139249
285.5999999999949 0.05148022196771486
285.6099999999949 0.05633524124423652
285.6199999999949 0.06151128362504162
285.6299999999949 0.06701382160887362
285.63999999999487 0.0728465557244093
285.64999999999486 0.07901122216686737
285.65999999999485 0.08550740619517906
285.66999999999484 0.09233236437242304
285.67999999999483 0.09948085885301818
285.6899999999948 0.10694500699213469
285.6999999999948 0.11471414957038421
285.7099999999948 0.12277474088533964
285.7199999999948 0.13111026385705443
285.7299999999948 0.13970117312488414
285.7399999999948 0.14852486887625427
285.74999999999477 0.1575557038446934
285.75999999999476 0.16676502554611297
285.76999999999475 0.17612125539222087
285.77999999999474 0.1855900058329672
285.78999999999473 0.19513423614251763
285.7999999999947 0.20471444688342977
285.8099999999947 0.21428891247091106
285.8199999999947 0.22381395062397036
285.8299999999947 0.23324422684472282
285.8399999999947 0.2425330914236924
285.8499999999947 0.25163294584086865
285.85999999999467 0.2604956348329701
285.86999999999466 0.2690728598402464
285.87999999999465 0.2773166090442246
285.88999999999464 0.28517959877335713
285.89999999999463 0.29261572069777997
285.9099999999946 0.29958048896718825
285.9199999999946 0.3060314812753705
285.9299999999946 0.3119287677674729
285.9399999999946 0.3172353217457355
285.9499999999946 0.3219174062780943
285.9599999999946 0.3259449310711528
285.96999999999457 0.3292917743316074
285.97999999999456 0.33193606480290505
285.98999999999455 0.3338604197190211
285.99999999999454 0.3350521350549072
286.00999999999453 0.3355033251615791
286.0199999999945 0.3352110096394764
286.0299999999945 0.33417714611176746
286.0399999999945 0.3324086083938033
286.0499999999945 0.3299171103993938
286.0599999999945 0.32671907696224034
286.0699999999945 0.32283546356507814
286.07999999999447 0.318291527743846
286.08999999999446 0.313116555654413
286.09999999999445 0.307343547941289
286.10999999999444 0.301008869619195
286.11999999999443 0.2941518691591436
286.1299999999944 0.2868144723526809
286.1399999999944 0.27904075680538143
286.1499999999944 0.2708765130801361
286.1599999999944 0.2623687985712772
286.1699999999944 0.25356549014353624
286.1799999999944 0.2445148414189748
286.18999999999437 0.23526505034624098
286.19999999999436 0.22586384234762774
286.20999999999435 0.2163580739200002
286.21999999999434 0.20679336107668944
286.22999999999433 0.19721373647102577
286.2399999999943 0.18766133845117983
286.2499999999943 0.17817613467373639
286.2599999999943 0.1687956822633878
286.2699999999943 0.15955492586154763
286.2799999999943 0.15048603427027543
286.2899999999943 0.1416182757816083
286.29999999999427 0.13297793169712288
286.30999999999426 0.12458824699795855
286.31999999999425 0.11646941662989657
286.32999999999424 0.10863860542814387
286.33999999999423 0.10110999932738265
286.3499999999942 0.09389488518794888
286.3599999999942 0.08700175632063974
286.3699999999942 0.08043644061100941
286.3799999999942 0.07420224802804215
286.3899999999942 0.06830013424939371
286.3999999999942 0.06272887714239636
286.40999999999417 0.057485262902141794
286.41999999999416 0.05256427875975947
286.42999999999415 0.047959309329432785
286.43999999999414 0.04366233385520821
286.44999999999413 0.03966412184146436
286.4599999999941 0.03595442479712818
286.4699999999941 0.03252216208654746
286.4799999999941 0.02935559915276699
286.4899999999941 0.02644251665558466
286.4999999999941 0.023770369341426033
286.5099999999941 0.021326433729572672
286.51999999999407 0.019097943955039245
286.52999999999406 0.017072215348517977
286.53999999999405 0.015236755555095008
286.54999999999404 0.013579363193396218
286.55999999999403 0.012088214233637349
286.569999999994 0.010751936425599885
286.579999999994 0.009559672235322862
286.589999999994 0.008501130852363285
286.599999999994 0.007566629908425991
286.609999999994 0.006747127604047823
286.619999999994 0.00603424597428052
286.62999999999397 0.005420286038716995
286.63999999999396 0.004898235577764903
286.64999999999395 0.0044617702580009785
286.65999999999394 0.0041052487970780335
286.66999999999393 0.0038237028154142864
286.6799999999939 0.003612821970200305
286.6899999999939 0.0034689349095119756
286.6999999999939 0.0033889865228472925
286.7099999999939 0.003370511901431572
286.7199999999939 0.003411607359242352
286.7299999999939 0.0035108988058090177
286.73999999999387 0.003667507706173126
286.74999999999386 0.0038810148134781363
286.75999999999385 0.004151421816797349
286.76999999999384 0.004479111012080361
286.77999999999383 0.0048648030783367
286.7899999999938 0.005309513024970153
286.7999999999938 0.00581450436986964
286.8099999999938 0.006381241611543544
286.8199999999938 0.00701134107209539
286.8299999999938 0.007706520210776285
286.8399999999938 0.008468545539569912
286.84999999999377 0.00929917931189516
286.85999999999376 0.010200125201957923
286.86999999999375 0.011172973244252387
286.87999999999374 0.012219144358726891
286.88999999999373 0.013339834845553867
286.8999999999937 0.014535961292510878
286.9099999999937 0.015808106395824962
286.9199999999937 0.01715646625002711
286.9299999999937 0.018580799711956312
286.9399999999937 0.020080380486613952
286.9499999999937 0.021653952616233395
286.95999999999367 0.023299690076947408
286.96999999999366 0.02501516119821737
286.97999999999365 0.026797298617353905
286.98999999999364 0.028642375463884425
286.99999999999363 0.030545988435381467
287.0099999999936 0.03250304837716617
287.0199999999936 0.03450777891291914
287.0299999999936 0.03655372359193443
287.0399999999936 0.038633761922215404
287.0499999999936 0.04074013454792339
287.0599999999936 0.0428644777063448
287.06999999999357 0.044997866965430657
287.07999999999356 0.047130870100335134
287.08999999999355 0.04925360881881706
287.09999999999354 0.05135582889372411
287.10999999999353 0.05342697810912649
287.1199999999935 0.05545629127822476
287.1299999999935 0.057432881449216204
287.1399999999935 0.05934583628315141
287.1499999999935 0.06118431846863626
287.1599999999935 0.06293766893504818
287.1699999999935 0.06459551154149133
287.17999999999347 0.06614785785542311
287.18999999999346 0.06758521059474283
287.19999999999345 0.06889866429166505
287.20999999999344 0.070080001746895
287.21999999999343 0.07112178487890959
287.2299999999934 0.07201743863535516
287.2399999999934 0.07276132672093441
287.2499999999934 0.0733488180073077
287.2599999999934 0.07377634262354692
287.2699999999934 0.07404143687809077
287.2799999999934 0.07414277633202691
287.28999999999337 0.07408019652552417
287.29999999999336 0.07385470105069768
287.30999999999335 0.07346845686120931
287.31999999999334 0.07292477690745094
287.32999999999333 0.07222809038216073
287.3399999999933 0.07138390105077795
287.3499999999933 0.07039873431991511
287.3599999999933 0.06928007386244937
287.3699999999933 0.06803628876568711
287.3799999999933 0.0666765522970489
287.3899999999933 0.06521075348746656
287.39999999999327 0.06364940281442989
287.40999999999326 0.06200353332321104
287.41999999999325 0.06028459855566431
287.42999999999324 0.058504368661197535
287.43999999999323 0.05667482604466954
287.4499999999932 0.054808061862287254
287.4599999999932 0.05291617461076681
287.4699999999932 0.05101117196926084
287.4799999999932 0.049104876950401735
287.4899999999932 0.047208839299150096
287.4999999999932 0.04533425294907676
287.50999999999317 0.043491880208502316
287.51999999999316 0.04169198320688254
287.52999999999315 0.0399442629882432
287.53999999999314 0.03825780649650516
287.54999999999313 0.036641041560186785
287.5599999999931 0.03510169985395104
287.5699999999931 0.03364678769420002
287.5799999999931 0.0322825644174631
287.5899999999931 0.03101452799533944
287.5999999999931 0.029847407459485022
287.6099999999931 0.028785161645391757
287.61999999999307 0.027830983714882122
287.62999999999306 0.026987310884308224
287.63999999999305 0.026255838767983816
287.64999999999304 0.02563753974361487
287.65999999999303 0.025132684757334857
287.669999999993 0.024740868009028655
287.679999999993 0.024461033992357026
287.689999999993 0.024291506406516783
287.699999999993 0.024230018506424162
287.709999999993 0.02427374451276562
287.719999999993 0.02441933176129341
287.72999999999297 0.024662933329968096
287.73999999999296 0.025000240941275835
287.74999999999295 0.025426517993610558
287.75999999999294 0.025936632628517645
287.76999999999293 0.0265250907885407
287.7799999999929 0.027186069262313546
287.7899999999929 0.027913448748535727
287.7999999999929 0.028700846997946214
287.8099999999929 0.029541652111985155
287.8199999999929 0.03042905608836642
287.8299999999929 0.03135608870735578
287.83999999999287 0.03231565184845393
287.84999999999286 0.033300554315906804
287.85999999999285 0.03430354723366251
287.86999999999284 0.035317360046865996
287.87999999999283 0.03633473713864718
287.8899999999928 0.0373484750388247
287.8999999999928 0.038351460166286794
287.9099999999928 0.03933670701032363
287.9199999999928 0.040297396619182725
287.9299999999928 0.04122691522768387
287.9399999999928 0.04211889282090612
287.94999999999277 0.04296724139871566
287.95999999999276 0.0437661926771211
287.96999999999275 0.04451033493790209
287.97999999999274 0.04519464871830524
287.98999999999273 0.04581454101836868
287.9999999999927 0.04636587769499733
288.0099999999927 0.04684501370950864
288.0199999999927 0.04724882089908917
288.0299999999927 0.04757471295239463
288.0399999999927 0.04782066728519619
288.0499999999927 0.04798524353319952
288.05999999999267 0.04806759840549697
288.06999999999266 0.04806749667300467
288.07999999999265 0.04798531810104644
288.08999999999264 0.047822060173258976
288.09999999999263 0.04757933649444245
288.1099999999926 0.04725937080206463
288.1199999999926 0.04686498655903989
288.1299999999926 0.046399592143336624
288.1399999999926 0.045867161692159125
288.1499999999926 0.045272211699173635
288.1599999999926 0.04461977350186333
288.16999999999257 0.04391536183203515
288.17999999999256 0.0431649396353053
288.18999999999255 0.042374879394707216
288.19999999999254 0.04155192121916705
288.20999999999253 0.040703127979367974
288.2199999999925 0.03983583779149221
288.2299999999925 0.038957614163620924
288.2399999999925 0.03807619413043033
288.2499999999925 0.03719943470959108
288.2599999999925 0.03633525801837658
288.2699999999925 0.03549159539190068
288.27999999999247 0.03467633084566119
288.28999999999246 0.03389724422520215
288.29999999999245 0.033161954385252664
288.30999999999244 0.032477862740150576
288.31999999999243 0.03185209752714311
288.3299999999924 0.031291459124618545
288.3399999999924 0.03080236676870585
288.3499999999924 0.03039080701408371
288.3599999999924 0.030062284288247365
288.3699999999924 0.029821773892704354
288.3799999999924 0.029673677809280208
288.38999999999237 0.02962178367443004
288.39999999999236 0.02966922728854832
288.40999999999235 0.029818459030000292
288.41999999999234 0.030071214544114124
288.42999999999233 0.030428490074746923
288.4399999999923 0.03089052279930458
288.4499999999923 0.03145677651628212
288.4599999999923 0.03212593301656369
288.4699999999923 0.03289588944502162
288.4799999999923 0.033763761926647505
288.4899999999923 0.03472589569096146
288.49999999999227 0.035777881879406476
288.50999999999226 0.03691458116270933
288.51999999999225 0.03813015422890481
288.52999999999224 0.039418099128291036
288.53999999999223 0.04077129537972377
288.5499999999922 0.0421820546543778
288.5599999999922 0.04364217775971715
288.5699999999922 0.045143017549502
288.5799999999922 0.04667554728705878
288.5899999999922 0.04823043389079443
288.5999999999922 0.049798115395255645
288.60999999999217 0.051368881870237894
288.61999999999216 0.05293295895690422
288.62999999999215 0.054480593105919406
288.63999999999214 0.0560021375405008
288.64999999999213 0.05748813791912182
288.6599999999921 0.058929416640238444
288.6699999999921 0.06031715471641861
288.6799999999921 0.061642970148836754
288.6899999999921 0.06289899175607719
288.6999999999921 0.06407792745391491
288.7099999999921 0.0651731260451158
288.71999999999207 0.06617863165970975
288.72999999999206 0.06708923008556154
288.73999999999205 0.06790048634482179
288.74999999999204 0.06860877300198483
288.75999999999203 0.06921128883138615
288.769999999992 0.06970606762327497
288.779999999992 0.0700919770650516
288.789999999992 0.07036870779459847
288.799999999992 0.07053675288247191
288.809999999992 0.07059737815565174
288.819999999992 0.07055258392417289
288.82999999999197 0.07040505881008785
288.83999999999196 0.07015812650281139
288.84999999999195 0.06981568637330281
288.85999999999194 0.0693821489694313
288.86999999999193 0.06886236748438183
288.8799999999919 0.06826156633771069
288.8899999999919 0.0675852680338092
288.8999999999919 0.06683921946475684
288.9099999999919 0.06602931880409675
288.9199999999919 0.06516154409571272
288.9299999999919 0.0642418845790235
288.93999999999187 0.0632762757098907
288.94999999999186 0.06227053873814147
288.95999999999185 0.06123032558996593
288.96999999999184 0.06016106967947887
288.97999999999183 0.059067943141448545
288.9899999999918 0.05795582083973709
288.9999999999918 0.05682925136653992
289.0099999999918 0.055692435109184264
289.0199999999918 0.054549209327062816
289.0299999999918 0.05340304005403355
289.0399999999918 0.05225702052386399
289.04999999999177 0.051113875710251194
289.05999999999176 0.04997597248046803
289.06999999999175 0.048845334784220956
289.07999999999174 0.04772366323789208
289.08999999999173 0.046612358419570864
289.0999999999917 0.04551254716233667
289.1099999999917 0.04442511112188193
289.1199999999917 0.04335071689913624
289.1299999999917 0.042289847018073846
289.1399999999917 0.041242831092060006
289.1499999999917 0.04020987655734938
289.15999999999167 0.039191098407918346
289.16999999999166 0.03818654742976632
289.17999999999165 0.037196236503135964
289.18999999999164 0.0362201646157217
289.19999999999163 0.035258338306819306
289.2099999999916 0.03431079033954703
289.2199999999916 0.03337759547389091
289.2299999999916 0.03245888328569723
289.2399999999916 0.031554848044358354
289.2499999999916 0.03066575572353181
289.2599999999916 0.029791948273760773
289.26999999999157 0.028933845332539693
289.27999999999156 0.02809194358566305
289.28999999999155 0.027266814023332708
289.29999999999154 0.026459097355449317
289.30999999999153 0.025669497862974604
289.3199999999915 0.02489877596662947
289.3299999999915 0.024147739791079714
289.3399999999915 0.02341723599289933
289.3499999999915 0.022708140104862867
289.3599999999915 0.022021346628462026
289.3699999999915 0.02135775908199193
289.37999999999147 0.020718280184157098
289.38999999999146 0.020103802323954194
289.39999999999145 0.019515198437614196
289.40999999999144 0.01895331338359163
289.41999999999143 0.018418955877851684
289.4299999999914 0.017912891024813825
289.4399999999914 0.01743583345492981
289.4499999999914 0.016988441058555372
289.4599999999914 0.01657130928793174
289.4699999999914 0.016184965985012376
289.4799999999914 0.015829866682700037
289.48999999999137 0.015506390320826518
289.49999999999136 0.015214835315812773
289.50999999999135 0.014955415924187232
289.51999999999134 0.01472825884470981
289.52999999999133 0.014533400011363672
289.5399999999913 0.014370781539482774
289.5499999999913 0.014240248799278026
289.5599999999913 0.014141547604470018
289.5699999999913 0.014074321518079164
289.5799999999913 0.014038109292107753
289.5899999999913 0.014032342472332737
289.59999999999127 0.014056343213197875
289.60999999999126 0.014109322360376543
289.61999999999125 0.014190377869547651
289.62999999999124 0.014298493638921888
289.63999999999123 0.014432538839775334
289.6499999999912 0.014591267833461853
289.6599999999912 0.014773320764928592
289.6699999999912 0.01497722492156583
289.6799999999912 0.015201396942272148
289.6899999999912 0.01544414595496522
289.6999999999912 0.01570367771154061
289.70999999999117 0.01597809977765815
289.71999999999116 0.016265427820952603
289.72999999999115 0.016563593025605682
289.73999999999114 0.016870450643998648
289.74999999999113 0.017183789677741392
289.7599999999911 0.017501343661115734
289.7699999999911 0.017820802500266856
289.7799999999911 0.018139825301718305
289.7899999999911 0.018456054104365377
289.7999999999911 0.01876712841040118
289.8099999999911 0.01907070039301489
289.81999999999107 0.01936445064252107
289.82999999999106 0.019646104298145662
289.83999999999105 0.01991344740030033
289.84999999999104 0.0201643432880674
289.85999999999103 0.020396748859006757
289.869999999991 0.02060873050345056
289.879999999991 0.020798479523295905
289.889999999991 0.020964326846017838
289.899999999991 0.021104756848236036
289.909999999991 0.021218420109662812
289.919999999991 0.021304144927574386
289.92999999999097 0.02136094743397389
289.93999999999096 0.02138804017219897
289.94999999999095 0.021384839006675604
289.95999999999094 0.021350968258596004
289.96999999999093 0.021286263981232543
289.9799999999909 0.021190775311086187
289.9899999999909 0.02106476385477667
289.9999999999909 0.020908701096155235
290.0099999999909 0.020723263833188045
290.0199999999909 0.020509327679333462
290.0299999999909 0.020267958689028368
290.03999999999087 0.020000403191118236
290.04999999999086 0.019708075937230406
290.05999999999085 0.019392546693831034
290.06999999999084 0.019055525426677652
290.07999999999083 0.018698846244260266
290.0899999999908 0.018324450282330075
290.0999999999908 0.017934367724497878
290.1099999999908 0.017530699163943574
290.1199999999908 0.01711559651835897
290.1299999999908 0.016691243714247104
290.1399999999908 0.01625983735757527
290.14999999999077 0.015823567605532957
290.15999999999076 0.015384599448843935
290.16999999999075 0.014945054605840858
290.17999999999074 0.014506994218500241
290.18999999999073 0.014072402527073572
290.1999999999907 0.013643171684097127
290.2099999999907 0.013221087850719519
290.2199999999907 0.01280781869878141
290.2299999999907 0.012404902421273484
290.2399999999907 0.012013738332057483
290.2499999999907 0.011635579113442828
290.25999999999067 0.0112715247477493
290.26999999999066 0.010922518146728798
290.27999999999065 0.01058934247102589
290.28999999999064 0.010272620111063755
290.29999999999063 0.009972813281158111
290.3099999999906 0.009690226160559758
290.3199999999906 0.009425008498740685
290.3299999999906 0.009177160587760752
290.3399999999906 0.008946539492128015
290.3499999999906 0.008732866416294855
290.3599999999906 0.00853573508186769
290.36999999999057 0.008354620980757213
290.37999999999056 0.008188891366823142
290.38999999999055 0.008037815846996615
290.39999999999054 0.007900577433282307
290.40999999999053 0.007776283919308423
290.4199999999905 0.007663979449036325
290.4299999999905 0.007562656150674076
290.4399999999905 0.007471265715555292
290.4499999999905 0.00738873080953531
290.4599999999905 0.007313956213105435
290.4699999999905 0.00724583959572176
290.47999999999047 0.007183281839583203
290.48999999999046 0.007125196838082285
290.49999999999045 0.007070520704215489
290.50999999999044 0.007018220334220011
290.51999999999043 0.006967301281463881
290.5299999999904 0.006916814905041744
290.5399999999904 0.006865864766526998
290.5499999999904 0.0068136122568325215
290.5599999999904 0.0067592814430881875
290.5699999999904 0.006702163132824997
290.5799999999904 0.0066416181595515085
290.58999999999037 0.0065770799000221805
290.59999999999036 0.006508056039145637
290.60999999999035 0.006434129603589068
290.61999999999034 0.006354959289735481
290.62999999999033 0.006270279115778755
290.6399999999903 0.0061798974314345115
290.6499999999903 0.006083695322037588
290.6599999999903 0.00598162444672167
290.6699999999903 0.005873704352959773
290.6799999999903 0.00576001931200654
290.6899999999903 0.005640714721738268
290.69999999999027 0.005515993125040705
290.70999999999026 0.0053861098932476235
290.71999999999025 0.005251368625178276
290.72999999999024 0.00511211631304738
290.73999999999023 0.004968738326911459
290.7499999999902 0.004821653269351995
290.7599999999902 0.004671307751760317
290.7699999999902 0.00451817114286335
290.7799999999902 0.004362730338998404
290.7899999999902 0.00420548460409817
290.7999999999902 0.004046940525378836
290.80999999999017 0.0038876071283369296
290.81999999999016 0.0037279911918633407
290.82999999999015 0.003568592801094623
290.83999999999014 0.003409901172068719
290.84999999999013 0.0032523907783702432
290.8599999999901 0.0030965178057833576
290.8699999999901 0.00294271695656906
290.8799999999901 0.0027913986204063787
290.8899999999901 0.0026429464243463603
290.8999999999901 0.0024977151693905716
290.9099999999901 0.0023560291565910742
290.91999999999007 0.00221818090094571
290.92999999999006 0.002084430226899265
290.93999999999005 0.001955003735022785
290.94999999999004 0.0018300946254908126
290.95999999999003 0.001709862860364302
290.96999999999 0.001594435643463191
290.97999999999 0.0014839081938164411
290.98999999999 0.0013783447863392909
290.99999999999 0.0012777800315284461
291.00999999999 0.0011822203645972112
291.01999999999 0.0010916457135955859
291.02999999998997 0.0010060113156672114
291.03999999998996 0.0009252496506688018
291.04999999998995 0.0008492724618933133
291.05999999998994 0.0007779728345631476
291.06999999998993 0.0007112273040555686
291.0799999999899 0.0006488979674455425
291.0899999999899 0.0005908345738538518
291.0999999999899 0.0005368765712204949
291.1099999999899 0.00048685508943364323
291.1199999999899 0.0004405948421812575
291.1299999999899 0.0003979159324053704
291.13999999998987 0.000358635548779619
291.14999999998986 0.0003225695431533944
291.15999999998985 0.0002895338813693276
291.16999999998984 0.0002593459622274625
291.17999999998983 0.00023182580160697027
291.1899999999898 0.00020679708083740688
291.1999999999898 0.00018408806031443804
291.2099999999898 0.00016353236106312984
291.2199999999898 0.00014496961845407834
291.2299999999898 0.0001282460135676044
291.2399999999898 0.00011321468877743985
291.24999999998977 9.973605499054187e-05
291.25999999998976 8.767799864046117e-05
291.26999999998975 7.691599699793094e-05
291.27999999998974 6.733315064663795e-05
291.28999999998973 5.88201420892874e-05
291.2999999999897 5.127512941551239e-05
291.3099999999897 4.4603583796447904e-05
291.3199999999897 3.87180792890327e-05
291.3299999999897 3.3538043054618474e-05
291.3399999999897 2.8989473639281136e-05
291.3499999999897 2.5004634444762012e-05
291.35999999998967 2.152172895570768e-05
291.36999999998966 1.8484563696161287e-05
291.37999999998965 1.5842204280071535e-05
291.38999999998964 1.3548629309436684e-05
291.39999999998963 1.1562386270544329e-05
291.4099999999896 9.846252992964318e-06
291.4199999999896 8.366907675287026e-06
291.4299999999896 7.09460995231851e-06
291.4399999999896 6.002894985334708e-06
291.4499999999896 5.068282103484195e-06
291.4599999999896 4.269999112692463e-06
291.46999999998957 3.589723019525978e-06
291.47999999998956 3.0113375915083824e-06
291.48999999998955 2.5207078915943196e-06
291.49999999998954 2.1054716814504793e-06
291.50999999998953 1.7548473838575062e-06
291.5199999999895 1.4594581264839655e-06
291.5299999999895 1.2111712547316646e-06
291.5399999999895 1.0029525973377896e-06
291.5499999999895 8.287346918578427e-07
291.5599999999895 6.832981249280662e-07
291.5699999999895 5.621651112411954e-07
291.57999999998947 4.615044224878305e-07
291.58999999998946 3.7804678028537725e-07
291.59999999998945 3.090098426859059e-07
291.60999999998944 2.520319397777758e-07
291.61999999998943 2.0511374795009822e-07
291.6299999999894 1.6656713258126227e-07
291.6399999999894 1.3497043348245375e-07
291.6499999999894 1.0912951484215333e-07
291.6599999999894 8.804395036584035e-08
291.6699999999894 7.08777636820481e-08
291.6799999999894 5.693419298033496e-08
291.68999999998937 4.563399652426008e-08
291.69999999998936 3.649686156816438e-08
291.70999999998935 2.9125522867161202e-08
291.71999999998934 2.319223809590141e-08
291.72999999998933 1.842730588082663e-08
291.7399999999893 1.460934769066062e-08
291.7499999999893 1.1557107483946762e-08
291.7599999999893 9.12255280493675e-09
291.7699999999893 7.185088023140215e-09
291.7799999999893 5.646714737888777e-09
291.7899999999893 4.427996155513077e-09
291.79999999998927 3.4647016505212664e-09
291.80999999998926 2.7050249128569573e-09
291.81999999998925 2.1072842363021354e-09
291.82999999998924 1.6380267949549932e-09
291.83999999998923 1.2704703593354038e-09
291.8499999999892 9.832259892416425e-10
291.8599999999892 7.592539672622532e-10
291.8699999999892 5.8501275559823e-10
291.8799999999892 4.497672098084338e-10
291.8899999999892 3.450277954035347e-10
291.8999999999892 2.6409724474847234e-10
291.90999999998917 2.017050691809872e-10
291.91999999998916 1.5371370045708827e-10
291.92999999998915 1.168828620861958e-10
291.93999999998914 8.868114057742283e-11
291.94999999998913 6.713570579975899e-11
291.9599999999891 5.071277696991149e-11
291.9699999999891 3.822279706918613e-11
291.9799999999891 2.8745407783804753e-11
291.9899999999891 2.1570247290277022e-11
291.9999999999891 1.6150356881574606e-11
292.0099999999891 1.206560728771928e-11
292.01999999998907 8.994065139197298e-12
292.02999999998906 6.689634264250747e-12
292.03999999998905 4.9646421600039936e-12
292.04999999998904 3.676313077723287e-12
292.05999999998903 2.7162874366336003e-12
292.069999999989 2.0025224726534187e-12
292.079999999989 1.473049205573379e-12
292.089999999989 1.081172623901062e-12
292.099999999989 7.917909069310517e-13
292.109999999989 5.785800024797035e-13
292.119999999989 4.2184560443463315e-13
292.12999999998897 3.068884910322603e-13
292.13999999998896 2.227636923934433e-13
292.14999999998895 1.613409903110664e-13
292.15999999998894 1.1659537098122095e-13
292.16999999998893 8.407249921100479e-14
292.1799999999889 6.048705619648958e-14
292.1899999999889 4.3421674475448274e-14
292.1999999999889 3.1101841446208535e-14
292.2099999999889 2.2228023597376065e-14
292.2199999999889 1.5850778668945763e-14
292.2299999999889 1.1278079728244274e-14
292.23999999998887 8.00671422229396e-15
292.24999999998886 5.671630246149549e-15
292.25999999998885 4.008627629988452e-15
292.26999999998884 2.8269462878480626e-15
292.27999999998883 1.9891761755666313e-15
292.2899999999888 1.3965696822434599e-15
292.2999999999888 9.783302006440065e-16
292.3099999999888 6.838197249398797e-16
292.3199999999888 4.769039588745055e-16
292.3299999999888 3.3185869456663805e-16
292.3399999999888 2.3041368760824006e-16
292.34999999998877 1.5962318956856279e-16
292.35999999998876 1.1033572875258753e-16
292.36999999998875 7.609719772014927e-17
292.37999999998874 5.23664720212251e-17
292.38999999998873 3.595588381288106e-17
292.3999999999887 2.4633065889204766e-17
292.4099999999887 1.68383164129995e-17
292.4199999999887 1.1484455612895545e-17
292.4299999999887 7.815442370631875e-18
292.4399999999887 5.306742042797666e-18
292.4499999999887 3.5952865457051126e-18
292.45999999998867 2.4303567202877933e-18
292.46999999998866 1.639220513138497e-18
292.47999999998865 1.1031522305324958e-18
292.48999999998864 7.407370917140728e-19
292.49999999998863 4.962758977595082e-19
292.5099999999886 3.317512698028677e-19
292.5199999999886 2.2127492191934325e-19
292.5299999999886 1.4725900653251254e-19
292.5399999999886 9.778257763280299e-20
292.5499999999886 6.478447164253428e-20
292.5599999999886 4.2826251842107616e-20
292.56999999998857 2.82474208611807e-20
292.57999999998856 1.8589898047878414e-20
292.58999999998855 1.220687718952646e-20
292.59999999998854 7.997631517654318e-21
292.60999999998853 5.22814162771505e-21
292.6199999999885 3.410062403957957e-21
292.6299999999885 2.219250017485541e-21
292.6399999999885 1.4410496843802945e-21
292.6499999999885 9.336420228572003e-22
292.6599999999885 6.035460869701963e-22
292.6699999999885 3.892861896575803e-22
292.67999999998847 2.5052782428270214e-22
292.68999999998846 1.6086858815896843e-22
292.69999999998845 1.0306584094621949e-22
292.70999999998844 6.588497330845208e-23
292.71999999998843 4.20229006237182e-23
292.7299999999884 2.6743214918514334e-23
292.7399999999884 1.69812262444746e-23
292.7499999999884 1.0758512719646236e-23
292.7599999999884 6.800848406890303e-24
292.7699999999884 4.289449223297364e-24
292.7799999999884 2.6994013583127783e-24
292.78999999998837 1.6949652635153456e-24
292.79999999998836 1.0618947361684323e-24
292.80999999998835 6.637879693282154e-25
292.81999999998834 4.140039144696173e-25
292.82999999998833 2.5763603066240153e-25
292.8399999999883 1.5996897189909615e-25
292.8499999999883 9.910414791544626e-26
292.8599999999883 6.125968466906773e-26
292.8699999999883 3.7781957296236084e-26
292.8799999999883 2.3249886883344687e-26
292.8899999999883 1.4275254420158826e-26
292.89999999998827 8.745273946018261e-27
292.90999999998826 5.345513804148898e-27
292.91999999998825 3.260107321032109e-27
292.92999999998824 1.9838127301305555e-27
292.93999999998823 1.204469239133594e-27
292.9499999999882 7.296539688046825e-28
292.9599999999882 4.410261214239245e-28
292.9699999999882 2.659731137553394e-28
292.9799999999882 1.6004317437928495e-28
292.9899999999882 9.608652893813474e-29
292.9999999999882 5.755906329276282e-29
293.00999999998817 3.4402557604520087e-29
293.01999999998816 2.0516037347510226e-29
293.02999999998815 1.2207364321462315e-29
293.03999999998814 7.247295075392084e-30
293.04999999998813 4.292947072478828e-30
293.0599999999881 2.5372345449144942e-30
293.0699999999881 1.4962050950996596e-30
293.0799999999881 8.803330684121798e-31
293.0899999999881 5.168067969145924e-31
293.0999999999881 3.027155109298488e-31
293.1099999999881 1.7691568234252109e-31
293.11999999998807 1.0316280264746586e-31
293.12999999998806 6.002124778554095e-32
293.13999999998805 3.4842711031244923e-32
293.14999999998804 2.0181053580965593e-32
293.15999999998803 1.1662741629770387e-32
293.169999999988 6.724845991773556e-33
293.179999999988 3.868911959296431e-33
293.189999999988 2.2208545413128482e-33
293.199999999988 1.2719677302410214e-33
293.209999999988 7.268699786207491e-34
293.219999999988 4.1444029950816675e-34
293.22999999998797 2.357717591207702e-34
293.23999999998796 1.3382772540309816e-34
293.24999999998795 7.579226177982994e-35
293.25999999998794 4.28280249630605e-35
293.26999999998793 2.414657771144856e-35
293.2799999999879 1.3583367121294392e-35
293.2899999999879 7.624011701086491e-36
293.2999999999879 4.269567521098967e-36
293.3099999999879 2.3856591127728358e-36
293.3199999999879 1.3300164463530376e-36
293.3299999999879 7.398262074376325e-37
293.33999999998787 4.106070884249321e-37
293.34999999998786 2.2737732784539636e-37
293.35999999998785 1.2562955287722833e-37
293.36999999998784 6.925647210978108e-38
293.37999999998783 3.8093665744930577e-38
293.3899999999878 2.0905905125451603e-38
293.3999999999878 1.1447455043287896e-38
293.4099999999878 6.25421256579885e-39
293.4199999999878 3.409259078343401e-39
293.4299999999878 1.8542616123551795e-39
293.4399999999878 1.0062493224373566e-39
293.44999999998777 5.4483342592352825e-40
293.45999999998776 2.9433736316939754e-40
293.46999999998775 1.5865381230638214e-40
293.47999999998774 8.532554185217431e-41
293.48999999998773 4.578581846529952e-41
293.4999999999877 2.451355246407442e-41
293.5099999999877 1.3094979647433216e-41
293.5199999999877 6.979537840295472e-42
293.5299999999877 3.711690271159856e-42
293.5399999999877 1.969427398522916e-42
293.5499999999877 1.0426327631007425e-42
293.55999999998767 5.50739044348244e-43
293.56999999998766 2.9025748860943426e-43
293.57999999998765 1.5263144977540624e-43
293.58999999998764 8.008065502090353e-44
293.59999999998763 4.192124360269887e-44
293.6099999999876 2.1895940999055127e-44
293.6199999999876 1.1410796205272142e-44
293.6299999999876 5.933229194711824e-45
293.6399999999876 3.078145221333717e-45
293.6499999999876 1.5933451136752084e-45
293.6599999999876 8.229118787698679e-46
293.66999999998757 4.240523796488515e-46
293.67999999998756 2.1802602480613053e-46
293.68999999998755 1.118458285499851e-46
293.69999999998754 5.7247145018755095e-47
293.70999999998753 2.923549329370129e-47
293.7199999999875 1.4896681621159234e-47
293.7299999999875 7.573404042268147e-48
293.7399999999875 3.841626733233644e-48
293.7499999999875 1.944292561514454e-48
293.7599999999875 9.818167611603621e-49
293.7699999999875 4.9467687943780785e-49
293.77999999998747 2.4867669812029928e-49
293.78999999998746 1.2472997848054986e-49
293.79999999998745 6.242073013005749e-50
293.80999999998744 3.116800818966679e-50
293.81999999998743 1.5527853652565146e-50
293.8299999999874 7.718554071909239e-51
293.8399999999874 3.828093893716573e-51
293.8499999999874 1.8943110294058304e-51
293.8599999999874 9.352808405187515e-52
293.8699999999874 4.60738812529659e-52
293.8799999999874 2.264589754927929e-52
293.88999999998737 1.110570733282172e-52
293.89999999998736 5.43406495312873e-53
293.90999999998735 2.65292705608698e-53
293.91999999998734 1.292253282376068e-53
293.92999999998733 6.280464987526307e-54
293.9399999999873 3.045493958298003e-54
293.9499999999873 1.4734840637275737e-54
293.9599999999873 7.11303376900917e-55
293.9699999999873 3.4259892311455475e-55
293.9799999999873 1.64641298080205e-55
293.9899999999873 7.894292321450588e-56
293.99999999998727 3.776671671868515e-56
294.00999999998726 1.8027139992180806e-56
294.01999999998725 8.585507576627862e-57
294.02999999998724 4.079685024424269e-57
294.03999999998723 1.9342329487992258e-57
294.0499999999872 9.149816289751741e-58
294.0599999999872 4.318544477990127e-58
294.0699999999872 2.0336856080627473e-58
294.0799999999872 9.555460031029857e-59
294.0899999999872 4.479615337065876e-59
294.0999999999872 2.0953238398655137e-59
294.10999999998717 9.778739245738235e-60
294.11999999998716 4.553400263813993e-60
294.12999999998715 2.1154853104192162e-60
294.13999999998714 9.806304942896545e-61
294.14999999998713 4.535466262751105e-61
294.1599999999871 2.0929537221439598e-61
294.1699999999871 9.636479922476015e-62
294.1799999999871 4.426885596759698e-62
294.1899999999871 2.029080286436255e-62
294.1999999999871 9.279427685576573e-63
294.2099999999871 4.2341296477982756e-63
294.21999999998707 1.9276495657408565e-63
294.22999999998706 8.756145375145224e-64
294.23999999998705 3.968430333719434e-64
294.24999999998704 1.794508210056405e-64
294.25999999998703 8.096419527297606e-65
294.269999999987 3.644696721561395e-65
294.279999999987 1.6370072414722427e-65
294.289999999987 7.336021417869088e-66
294.299999999987 3.2801321433326236e-66
294.309999999987 1.4633318415152964e-66
294.319999999987 6.51350892907504e-67
294.32999999998697 2.8927298986371574e-67
294.33999999998696 1.2818033778496525e-67
294.34999999998695 5.667030750624266e-68
294.35999999998694 2.4998291701088368e-68
294.36999999998693 1.1002355490888462e-68
294.3799999999869 4.831495383057168e-69
294.3899999999869 2.1168885492572096e-69
294.3999999999869 9.254115650924585e-70
294.4099999999869 4.036382651515887e-70
294.4199999999869 1.7565891408731635e-70
294.4299999999869 7.627258864320302e-71
294.43999999998687 3.3043586924513106e-71
294.44999999998686 1.4283224541941962e-71
294.45999999998685 6.160070743356796e-72
294.46999999998684 2.650729848606923e-72
294.47999999998683 1.138061013554399e-72
294.4899999999868 4.87512671448983e-73
294.4999999999868 2.0836584511659798e-73
294.5099999999868 8.88561296926e-74
294.5199999999868 3.780667357451887e-74
294.5299999999868 1.6049803991349735e-74
294.5399999999868 6.798156614316733e-75
294.54999999998677 2.872980922825403e-75
294.55999999998676 1.211419164533235e-75
294.56999999998675 5.096549370992415e-76
294.57999999998674 2.1393316024741536e-76
294.58999999998673 8.959835377125863e-77
294.5999999999867 3.744052964986715e-77
294.6099999999867 1.5610037447307356e-77
294.6199999999867 6.493605355470757e-78
294.6299999999867 2.695180155430409e-78
294.6399999999867 1.11611681272844e-78
294.6499999999867 4.611597753366042e-79
294.65999999998667 1.901135556978986e-79
294.66999999998666 7.819781627027578e-80
294.67999999998665 3.2091943534080583e-80
294.68999999998664 1.3140662022885308e-80
294.69999999998663 5.368565817885109e-81
294.7099999999866 2.1883617108224777e-81
294.7199999999866 8.900198666619108e-82
294.7299999999866 3.6116032997464264e-82
294.7399999999866 1.4622448726435474e-82
294.7499999999866 5.906903530093356e-83
294.7599999999866 2.3807803710746327e-83
294.76999999998657 9.574110857298412e-84
294.77999999998656 3.8414679426740433e-84
294.78999999998655 1.5378557376997934e-84
294.79999999998654 6.142619067086648e-85
294.80999999998653 2.447998523968356e-85
294.8199999999865 9.733931407765745e-86
294.8299999999865 3.861757097096764e-86
294.8399999999865 1.52862566557179e-86
294.8499999999865 6.037217788325505e-87
294.8599999999865 2.3789867400808414e-87
294.8699999999865 9.353338733119607e-88
294.87999999998647 3.669110129731989e-88
294.88999999998646 1.4360655247861866e-88
294.89999999998645 5.607989219382673e-89
294.90999999998644 2.185040391675247e-89
294.91999999998643 8.494369247655159e-90
294.9299999999864 3.294747594991302e-90
294.9399999999864 1.2750654926807047e-90
294.9499999999864 4.923366266055542e-91
294.9599999999864 1.896754357043781e-91
294.9699999999864 7.290869221007038e-92
294.9799999999864 2.7961906603187884e-92
294.98999999998637 1.0699746532595036e-92
294.99999999998636 4.085069192586068e-93
295.00999999998635 1.5561252307048758e-93
295.01999999998634 5.914374951138714e-94
295.02999999998633 2.2428091934261072e-94
295.0399999999863 8.485842129763253e-95
295.0499999999863 3.203440758832251e-95
295.0599999999863 1.206583986973212e-95
295.0699999999863 4.534375807208941e-96
295.0799999999863 1.7001864158120664e-96
295.0899999999863 6.360549422824407e-97
295.09999999998627 2.3741697274512787e-97
295.10999999998626 8.841947247804166e-98
295.11999999998625 3.285512197576276e-98
295.12999999998624 1.2180840017725621e-98
295.13999999998623 4.505784003819295e-99
295.1499999999862 1.6629625006549606e-99
295.1599999999862 6.123694048092159e-100
295.1699999999862 2.249901147146905e-100
295.1799999999862 8.247689411526389e-101
295.1899999999862 3.0166161438261486e-101
295.1999999999862 1.1008462806045203e-101
295.20999999998617 4.008225692818412e-102
295.21999999998616 1.4561177612662795e-102
295.22999999998615 5.277881787130202e-103
295.23999999998614 1.908717389317879e-103
295.24999999998613 6.887195289373633e-104
295.2599999999861 2.4794876301697083e-104
295.2699999999861 8.906360282052707e-105
295.2799999999861 3.1919591326007054e-105
295.2899999999861 1.1413875201974681e-105
295.2999999999861 4.072186278655447e-106
295.3099999999861 1.449575555176613e-106
295.31999999998607 5.148405743486024e-107
295.32999999998606 1.8244138039328594e-107
295.33999999998605 6.450488303992519e-108
295.34999999998604 2.27551906771046e-108
295.35999999998603 8.0091604781795575e-109
295.369999999986 2.8126269084080973e-109
295.379999999986 9.854982550840009e-110
295.389999999986 3.4452296661154996e-110
295.399999999986 1.201708321573774e-110
295.409999999986 4.1821395148255414e-111
295.419999999986 1.4521668157700844e-111
295.42999999998597 5.030985079346895e-112
295.43999999998596 1.7390339715797488e-112
295.44999999998595 5.997656708602719e-113
295.45999999998594 2.0638286180016674e-113
295.46999999998593 7.085722347303204e-114
295.4799999999859 2.42724207312939e-114
295.4899999999859 8.295842522076982e-115
295.4999999999859 2.828956964959951e-115
295.5099999999859 9.625218622738221e-116
295.5199999999859 3.267482508819571e-116
295.5299999999859 1.1067112738274327e-116
295.53999999998587 3.740018731765223e-117
295.54999999998586 1.2610479149380465e-117
295.55999999998585 4.242362294922735e-118
295.56999999998584 1.423974663330799e-118
295.57999999998583 4.7688657756702286e-119
295.5899999999858 1.5934786625965863e-119
295.5999999999858 5.312460449947246e-120
295.6099999999858 1.767109487775676e-120
295.6199999999858 5.864749763792558e-121
295.6299999999858 1.942020369594767e-121
295.6399999999858 6.416176904170684e-122
295.64999999998577 2.1150328670184327e-122
295.65999999998576 6.956265375328662e-123
295.66999999998575 2.2827238724861726e-123
295.67999999998574 7.473926554997475e-124
295.68999999998573 2.4415322497022258e-124
295.6999999999857 7.95782321511954e-125
295.7099999999857 2.587880865555677e-125
295.7199999999857 8.396773358537437e-126
295.7299999999857 2.718308419101267e-126
295.7399999999857 8.7801748657916e-127
295.7499999999857 2.8296044200802516e-127
295.75999999998567 9.098428747589718e-128
295.76999999998566 2.9189400374030015e-128
295.77999999998565 9.343337562751742e-129
295.78999999998564 2.98398740360816e-129
295.79999999998563 9.508455977816803e-130
295.8099999999856 3.0230203629691897e-130
295.8199999999856 9.589372561670368e-131
295.8299999999856 3.034990580027154e-131
295.8399999999856 9.58390562243897e-132
295.8499999999856 3.019574325052081e-132
295.8599999999856 9.492200952174504e-133
295.86999999998557 2.977187022058349e-133
295.87999999998556 9.316725366811755e-134
295.88999999998555 2.9089646468447964e-134
295.89999999998554 9.062156440929133e-135
295.90999999998553 2.816713137744474e-135
295.9199999999855 8.735175317144633e-136
295.9299999999855 2.702828963822322e-136
295.9399999999855 8.344175400062928e-137
295.9499999999855 2.5701957267280617e-137
295.9599999999855 7.898904659512718e-138
295.9699999999855 2.422063020180563e-138
295.97999999998547 7.410062800482784e-139
295.98999999998546 2.261914638825613e-139
295.99999999998545 6.888876472068839e-140
296.00999999998544 2.0933335647486823e-140
296.01999999998543 6.346675899150768e-141
296.0299999999854 1.9198709623972134e-141
296.0399999999854 5.7944948947272005e-142
296.0499999999854 1.7449257247780903e-142
296.0599999999854 5.242713352643295e-143
296.0699999999854 1.5716400191414052e-143
296.0799999999854 4.7007573455288063e-144
296.08999999998537 1.4028148920824415e-144
296.09999999998536 4.176867250830204e-145
296.10999999998535 1.2408484420358514e-145
296.11999999998534 3.67793932027904e-146
296.12999999998533 1.08769748472601e-146
296.1399999999853 3.2094412060430026e-147
296.1499999999853 9.44862148063561e-148
296.1599999999853 2.7753975234968044e-148
296.1699999999853 8.133915409178619e-149
296.1799999999853 2.3784378524898967e-149
296.1899999999853 6.939076212061063e-150
296.19999999998527 2.019896847529094e-150
296.20999999998526 5.866436872555663e-151
296.21999999998525 1.6999544319229472e-151
296.22999999998524 4.914935449192357e-152
296.23999999998523 1.417803383504342e-152
296.2499999999852 4.0806734488650293e-153
296.2599999999852 1.1718318877802908e-153
296.2699999999852 3.357502998301427e-154
296.2799999999852 9.5980968182475e-155
296.2899999999852 2.73760922601191e-155
296.2999999999852 7.79068041813362e-156
296.30999999998517 2.2120600874951014e-156
296.31999999998516 6.266658650816597e-157
296.32999999998515 1.771302516375132e-157
296.33999999998514 4.9953625539426006e-158
296.34999999998513 1.4055906340725684e-158
296.3599999999851 3.9461015215245e-159
296.3699999999851 1.1053382658284647e-159
296.3799999999851 3.089155003584656e-160
296.3899999999851 8.613937816770786e-161
296.3999999999851 2.39652130347927e-161
296.4099999999851 6.652400354370529e-162
296.41999999998507 1.8424384035945362e-162
296.42999999998506 5.091257761011829e-163
296.43999999998505 1.4037012739252635e-163
296.44999999998504 3.8613733710842346e-164
296.45999999998503 1.0598060339836369e-164
296.469999999985 2.9022074919866293e-165
296.479999999985 7.929540171926614e-166
296.489999999985 2.161648198474487e-166
296.499999999985 5.879487713383405e-167
296.509999999985 1.5955536526600245e-167
296.519999999985 4.32016948305328e-168
296.52999999998497 1.167098732566379e-168
296.53999999998496 3.145805329573294e-169
296.54999999998495 8.460061451837707e-170
296.55999999998494 2.2700353086737086e-170
296.56999999998493 6.077278257087583e-171
296.5799999999849 1.6233158872125314e-171
296.5899999999849 4.326277355915539e-172
296.5999999999849 1.1503846377477692e-172
296.6099999999849 3.0520326693881984e-173
296.6199999999849 8.078908063314975e-174
296.6299999999849 2.1337008543194106e-174
296.63999999998487 5.622529819650459e-175
296.64999999998486 1.4782482343871645e-175
296.65999999998485 3.8777546712400665e-176
296.66999999998484 1.0149172725697591e-176
296.67999999998483 2.650319946602157e-177
296.6899999999848 6.905312035348721e-178
296.6999999999848 1.795087600005777e-178
296.7099999999848 4.655917923452864e-179
296.7199999999848 1.2048758757854083e-179
296.7299999999848 3.11097571419287e-180
296.7399999999848 8.01434890825017e-181
296.74999999998477 2.059952366781691e-181
296.75999999998476 5.2827907948561473e-182
296.76999999998475 1.3517206335286202e-182
296.77999999998474 3.4508633727330793e-183
296.78999999998473 8.789939225004855e-184
296.7999999999847 2.2338873039097292e-184
296.8099999999847 5.664400106700704e-185
296.8199999999847 1.4330582851198468e-185
296.8299999999847 3.6173543254928278e-186
296.8399999999847 9.110359317954744e-187
296.8499999999847 2.2892710464273107e-187
296.85999999998467 5.739527932546018e-188
296.86999999998466 1.4357286795489305e-188
296.87999999998465 3.5833218385995495e-189
296.88999999998464 8.923115010178984e-190
296.89999999998463 2.2169933661011619e-190
296.9099999999846 5.495782289779977e-191
296.9199999999846 1.3592891980862011e-191
296.9299999999846 3.3543735515222712e-192
296.9399999999846 8.259013834950446e-193
296.9499999999846 2.0289071211416434e-193
296.9599999999846 4.9729413680834563e-194
296.96999999998457 1.216134771950437e-194
296.97999999998456 2.9673396755394704e-195
296.98999999998455 7.223871405234608e-196
296.99999999998454 1.754647694526806e-196
297.00999999998453 4.252330683323372e-197
297.0199999999845 1.0282087656359022e-197
297.0299999999845 2.4805771624491503e-198
297.0399999999845 5.970921243210038e-199
297.0499999999845 1.4339932365948726e-199
297.0599999999845 3.43613340851373e-200
297.0699999999845 8.215047532960393e-201
297.07999999998447 1.9595993621926063e-201
297.08999999998446 4.663818481668148e-202
297.09999999998445 1.1074729448868597e-202
297.10999999998444 2.623866556118601e-203
297.11999999998443 6.20251025284403e-204
297.1299999999844 1.4628855888572566e-204
297.1399999999844 3.4424714903432606e-205
297.1499999999844 8.082532480651753e-206
297.1599999999844 1.8933969644448964e-206
297.1699999999844 4.4254047945516153e-207
297.1799999999844 1.032004120071289e-207
297.18999999998437 2.4011923982444344e-208
297.19999999998436 5.574290322214141e-209
297.20999999998435 1.2911280013460548e-209
297.21999999998434 2.9837752259074973e-210
297.22999999998433 6.879866187434639e-211
297.2399999999843 1.5827450321220737e-211
297.2499999999843 3.6329465055504973e-212
297.2599999999843 8.320015194935872e-213
297.2699999999843 1.9011058779320643e-213
297.2799999999843 4.334166138446963e-214
297.2899999999843 9.858750282749582e-215
297.29999999998427 2.2374597703994227e-215
297.30999999998426 5.066472136794181e-216
297.31999999998425 1.1446511057145836e-216
297.32999999998424 2.580225437716719e-217
297.33999999998423 5.80308879829961e-218
297.3499999999842 1.3022003853584407e-218
297.3599999999842 2.9155027752429457e-219
297.3699999999842 6.512775853394872e-220
297.3799999999842 1.4515628117599733e-220
297.3899999999842 3.227918500035145e-221
297.3999999999842 7.161867979980525e-222
297.40999999998417 1.5854300313785026e-222
297.41999999998416 3.5017478083420994e-223
297.42999999998415 7.716842974407042e-224
297.43999999998414 1.6967250432437823e-224
297.44999999998413 3.722204953597465e-225
297.4599999999841 8.147157239847406e-226
297.4699999999841 1.7792169744480524e-226
297.4799999999841 3.8767582930448314e-227
297.4899999999841 8.428019447602247e-228
297.4999999999841 1.8280973687937763e-228
297.5099999999841 3.956308097892164e-229
297.51999999998407 8.54275340466158e-230
297.52999999998406 1.840444036639794e-230
297.53999999998405 3.956073391371902e-231
297.54999999998404 8.48443717584715e-232
297.55999999998403 1.8155102630029523e-232
297.569999999984 3.8760676394613584e-233
297.579999999984 8.256594419716449e-234
297.589999999984 1.754799569434325e-234
297.599999999984 3.7210974748017115e-235
297.609999999984 7.872841916856083e-236
297.619999999984 1.6619156204847065e-236
297.62999999998397 3.5002846215496987e-237
297.63999999998396 7.355542321697977e-238
297.64999999998395 1.5422081117944844e-238
297.65999999998394 3.2261771480297485e-239
297.66999999998393 6.733647510525759e-240
297.6799999999839 1.402263028552164e-240
297.6899999999839 2.9135704512708415e-241
297.6999999999839 6.040021663982504e-242
297.7099999999839 1.2493047700723188e-242
297.7199999999839 2.578191824597302e-243
297.7299999999839 5.3085874975862686e-244
297.73999999998387 1.0905853376903081e-244
297.74999999998386 2.2354103029143315e-245
297.75999999998385 4.57163720516627e-246
297.76999999998384 9.328314563088458e-247
297.77999999998383 1.8991161118461903e-247
297.7899999999838 3.857596179242808e-248
297.7999999999838 7.81805846705679e-249
297.8099999999838 1.5808765925162962e-249
297.8199999999838 3.189436248353851e-250
297.8299999999838 6.420173749524005e-251
297.8399999999838 1.2894263297653855e-251
297.84999999998377 2.583825506553294e-252
297.85999999998376 5.165908625113156e-253
297.86999999998375 1.0304979892697544e-253
297.87999999998374 2.0509943532409393e-254
297.88999999998373 4.072852344817338e-255
297.8999999999837 8.069558036614918e-256
297.9099999999837 1.595209449518882e-256
297.9199999999837 3.1463175734923557e-257
297.9299999999837 6.191619714322827e-258
297.9399999999837 1.2156900621675413e-258
297.9499999999837 2.381542467307474e-259
297.95999999998367 4.654903297550823e-260
297.96999999998366 9.077784391151481e-261
297.97999999998365 1.766305937298059e-261
297.98999999998364 3.4290108318171967e-262
297.99999999998363 6.641843619249084e-263
298.0099999999836 1.2835869520082625e-263
298.0199999999836 2.475020486459169e-264
298.0299999999836 4.761558856950224e-265
298.0399999999836 9.13979317865587e-266
298.0499999999836 1.7504125973689456e-266
298.0599999999836 3.3447321177007333e-267
298.06999999998357 6.376745689293478e-268
298.07999999998356 1.2129801629137335e-268
298.08999999998355 2.3021050745981496e-269
298.09999999998354 4.3592665639687005e-270
298.10999999998353 8.23604193572269e-271
298.1199999999835 1.5525318154702568e-271
298.1299999999835 2.9199761423348445e-272
298.1399999999835 5.4794242851211895e-273
298.1499999999835 1.0259055714160144e-273
298.1599999999835 1.9164463929797704e-274
298.1699999999835 3.571928773429427e-275
298.17999999998347 6.642410787006868e-276
298.18999999998346 1.232439172816429e-276
298.19999999998345 2.281508437754375e-277
298.20999999998344 4.2140092517384294e-278
298.21999999998343 7.765791183267645e-279
298.2299999999834 1.4278834132328959e-279
298.2399999999834 2.6194891485492364e-280
298.2499999999834 4.794653992563348e-281
298.2599999999834 8.756181415152989e-282
298.2699999999834 1.5954714596010642e-282
298.2799999999834 2.9005485321505433e-283
298.28999999998337 5.261239105297515e-284
298.29999999998336 9.521661695110648e-285
298.30999999998335 1.719310269651563e-285
298.31999999998334 3.0975089427042566e-286
298.32999999998333 5.567851966754958e-287
298.3399999999833 9.985724715412111e-288
298.3499999999833 1.7868508166060922e-288
298.3599999999833 3.1901697703886353e-289
298.3699999999833 5.682717790499799e-290
298.3799999999833 1.0099855828109408e-290
298.3899999999833 1.7909812941395606e-291
298.39999999998327 3.1687188979102192e-292
298.40999999998326 5.593622648205754e-293
298.41999999998325 9.851886541986616e-294
298.42999999998324 1.731260507949843e-294
298.43999999998323 3.0354440035088525e-295
298.4499999999832 5.310052438685548e-296
298.4599999999832 9.26813121647006e-297
298.4699999999832 1.6139954864226983e-297
298.4799999999832 2.8043307532345976e-298
298.4899999999832 4.861529536242258e-299
298.4999999999832 8.408787868791255e-300
298.50999999998317 1.4511444221501955e-300
298.51999999998316 2.498645523336731e-301
298.52999999998315 4.292550658944767e-302
298.53999999998314 7.35771528872034e-303
298.54999999998313 1.2583089764128622e-303
298.5599999999831 2.1470807416450386e-304
298.5699999999831 3.655326900376659e-305
298.5799999999831 6.208988155962805e-306
298.5899999999831 1.0522821460825265e-306
298.5999999999831 1.7793456975797601e-307
298.6099999999831 3.0019622193238093e-308
298.61999999998307 5.053204445326874e-309
298.62999999998306 8.4868255116961e-310
298.63999999998305 1.42213371341693e-310
298.64999999998304 2.377674196621e-311
298.65999999998303 3.96625844627e-312
298.669999999983 6.60125374045e-313
298.679999999983 1.09619696e-313
298.689999999983 1.816216049e-314
298.699999999983 3.002362815e-315
298.709999999983 4.9519424e-316
298.719999999983 8.149008e-317
298.72999999998297 1.337983e-317
298.73999999998296 2.19186e-318
298.74999999998295 3.5825e-319
298.75999999998294 5.8423e-320
298.76999999998293 9.506e-321
298.7799999999829 1.546e-321
298.7899999999829 2.47e-322
298.7999999999829 4e-323
298.8099999999829 5e-324
298.8199999999829 0.0
298.8299999999829 0.0
298.83999999998287 0.0
298.84999999998286 0.0
298.85999999998285 0.0
298.86999999998284 0.0
298.87999999998283 0.0
298.8899999999828 0.0
298.8999999999828 0.0
298.9099999999828 0.0
298.9199999999828 0.0
298.9299999999828 0.0
298.9399999999828 0.0
298.94999999998277 0.0
298.95999999998276 0.0
298.96999999998275 0.0
298.97999999998274 0.0
298.98999999998273 0.0
298.9999999999827 0.0
299.0099999999827 0.0
299.0199999999827 0.0
299.0299999999827 0.0
299.0399999999827 0.0
299.0499999999827 0.0
299.05999999998267 0.0
299.06999999998266 0.0
299.07999999998265 0.0
299.08999999998264 0.0
299.09999999998263 0.0
299.1099999999826 0.0
299.1199999999826 0.0
299.1299999999826 0.0
299.1399999999826 0.0
299.1499999999826 0.0
299.1599999999826 0.0
299.16999999998256 0.0
299.17999999998256 0.0
299.18999999998255 0.0
299.19999999998254 0.0
299.20999999998253 0.0
299.2199999999825 0.0
299.2299999999825 0.0
299.2399999999825 0.0
299.2499999999825 0.0
299.2599999999825 0.0
299.2699999999825 0.0
299.27999999998246 0.0
299.28999999998246 0.0
299.29999999998245 0.0
299.30999999998244 0.0
299.31999999998243 0.0
299.3299999999824 0.0
299.3399999999824 0.0
299.3499999999824 0.0
299.3599999999824 0.0
299.3699999999824 0.0
299.3799999999824 0.0
299.38999999998236 0.0
299.39999999998236 0.0
299.40999999998235 0.0
299.41999999998234 0.0
299.42999999998233 0.0
299.4399999999823 0.0
299.4499999999823 0.0
299.4599999999823 0.0
299.4699999999823 0.0
299.4799999999823 0.0
299.4899999999823 0.0
299.49999999998226 0.0
299.50999999998226 0.0
299.51999999998225 0.0
299.52999999998224 0.0
299.53999999998223 0.0
299.5499999999822 0.0
299.5599999999822 0.0
299.5699999999822 0.0
299.5799999999822 0.0
299.5899999999822 0.0
299.5999999999822 0.0
299.60999999998216 0.0
299.61999999998216 0.0
299.62999999998215 0.0
299.63999999998214 0.0
299.64999999998213 0.0
299.6599999999821 0.0
299.6699999999821 0.0
299.6799999999821 0.0
299.6899999999821 0.0
299.6999999999821 0.0
299.7099999999821 0.0
299.71999999998206 0.0
299.72999999998206 0.0
299.73999999998205 0.0
299.74999999998204 0.0
299.759999999982 0.0
299.769999999982 0.0
299.779999999982 0.0
299.789999999982 0.0
299.799999999982 0.0
299.809999999982 0.0
299.819999999982 0.0
299.82999999998196 0.0
299.83999999998196 0.0
299.84999999998195 0.0
299.85999999998194 0.0
299.8699999999819 0.0
299.8799999999819 0.0
299.8899999999819 0.0
299.8999999999819 0.0
299.9099999999819 0.0
299.9199999999819 0.0
299.9299999999819 0.0
299.93999999998186 0.0
299.94999999998186 0.0
299.95999999998185 0.0
299.96999999998184 0.0
299.9799999999818 0.0
299.9899999999818 0.0
