287.8984 0.005307
288.0167 0.006865
288.1484 0.001742
288.7649 0.045921
289.0187 0.001904
289.0518 0.002112
289.0849 0.000112
289.1739 0.000335
289.2215 0.00031
289.4587 0.000556
289.4890 0.000118
289.6179 8.8e-05
289.7561 1e-06
289.8129 0.0006
289.8336 0.000974
289.8544 0.000106
289.8899 0.001964
289.9509 1.9e-05
290.0075 0.000981
290.0546 0.000985
288.0112 0.008945
288.1480 0.015933
288.9502 3.9e-05
289.0525 0.00066
289.0855 0.007345
289.1699 0.002292
289.2220 9e-05
289.4572 0.002684
289.6146 0.000849
289.7250 8.5e-05
289.7561 0.000208
289.8187 0.001571
289.8545 0.000396
289.9448 0.000672
290.0076 0.000323
290.0516 0.004809
290.2977 0.000188
290.3709 3.3e-05
290.4223 0.000771
290.4747 0.001238
285.9783 0.080387
285.9931 0.06093
286.0447 0.111231
287.2794 0.055048
287.5946 0.000226
287.6236 1e-05
289.0510 0.000296
289.1698 0.001644
289.2334 0.004376
289.9169 0.000617
289.9256 0.000944
289.9644 0.001206
290.0354 0.000286
290.0843 3e-06
290.5577 9.5e-05
290.6237 0.001659
290.6606 9.6e-05
290.6889 0.000144
290.7103 0.000868
290.7462 0.000258
